,SKN Storage,ATG Storage,MSR Storage,GLP Storage,DMA Storage,MTQ Storage,LCA Storage,BRB Storage,SVG Storage,GRD Storage
0,91.20896427069917,143.98561651506932,0.030000000000000027,711.5771640708529,-0.0,213.22594577647268,-0.0,286.15,-0.0,-0.0
1,79.4355107248229,128.103583081054,-0.0,654.4474779291451,-0.0,183.92594577647267,-0.0,236.075,-0.0,-0.0
2,67.64820681563756,113.05774106934763,-0.0,596.6742343442743,-0.0,157.22594577647266,-0.0,187.79999999999998,-0.0,-0.0
3,56.07263192174011,98.57047332456806,-0.0,540.4574333162406,-0.0,133.22594577647266,-0.0,138.17499999999998,-0.0,-0.0
4,45.801869981979,83.49558842440635,-0.0,488.79707484504377,-0.0,112.52594577647262,-0.0,89.5,-0.0,-0.0
5,35.371304208584554,68.86475137982188,-0.0,434.5664781069615,-0.0,89.02594577647262,-0.0,40.89999999999999,-0.0,-0.0
6,25.656121647420413,55.54111166913298,-0.0,380.3095432845241,-0.0,67.06877990831995,-0.0,-0.0,-0.0,-0.0
7,27.646383161290682,65.77756959586031,0.45751660705160957,398.44566601232754,-0.0,102.99655745705296,-0.0,-0.0,4.498084221207641,-0.0
8,43.63511984657655,106.07093997654727,1.2575166070516093,507.0432641037936,-0.0,219.6518306696488,-0.0,-0.0,6.8397450280774414,-0.0
9,69.41272632449153,171.1210255951076,1.2575166070516093,668.4260506107806,-0.0,405.37759475502344,-0.0,56.32499999999925,16.131866128142256,-0.0
10,98.87447261190347,240.57454811676018,1.2416939192641794,866.8394068051871,-0.0,613.0991346901515,-0.0,256.32499999999925,25.42398722820707,-0.0
11,128.3362188993154,310.02807063841277,1.3233955033214093,1077.5276857408094,-0.0,820.8206746252795,-0.0,456.32499999999925,34.716108328271886,-0.0
12,157.79796518672737,379.48159316006536,2.056108840061319,1291.6801654968046,-0.0,1028.5422145604075,-0.0,656.3249999999992,44.008229428336705,-0.0
13,187.25971147413932,448.93511568171795,2.1301660705160965,1506.1893159329059,-0.0,1236.2637544955355,-0.0,856.3249999999992,53.30035052840152,-0.0
14,210.1336895478594,515.2620558537969,2.9301660705160963,1678.2969763112392,-0.0,1427.8321110971544,-0.0,1034.3324999999993,62.592471628466335,-0.0
15,218.27555232519651,555.6281801732208,2.413661216147164,1785.4614096421053,-0.0,1549.28710242488,-0.0,1138.2849999999994,70.44554573098657,-0.0
16,211.55330272722054,553.5275106873398,2.8015304036791004,1785.4614096421053,-0.0,1578.5860956932008,-0.0,1144.2174999999995,74.30893135781764,-0.0
17,204.06046475764592,525.436323742556,2.7899999999999996,1697.895137357382,-0.0,1528.3003066217047,-0.0,1079.7224999999996,74.33696880051852,-0.0
18,191.56422840062444,490.7650677476622,2.5199999999999996,1573.9443707346297,-0.0,1449.0003066217048,-0.0,993.2474999999997,71.3849428496094,-0.0
19,178.46396375493325,454.4128546412237,2.1899999999999995,1444.8202849355998,-0.0,1367.2003066217048,-0.0,905.5724999999998,68.27192052228202,-0.0
20,156.9560166236299,419.5375408565088,1.8299999999999996,1353.4275463194738,-0.0,1290.5003066217048,-0.0,820.5974999999997,65.45156727734246,-0.0
21,146.61404120365683,387.0531742490948,1.0299999999999998,1243.3270604347745,-0.0,1221.4003066217049,5.410544039185325,736.3224999999998,63.555603122601894,-0.0
22,136.92707490418675,356.5057069634044,0.22999999999999998,1140.875034095379,-0.0,1156.600306621705,17.122528322092982,656.0224999999998,61.166969885473506,-0.0
23,129.46395896802576,329.94156969963274,0.050000000000000044,1083.501903887817,-0.0,1102.800306621705,30.981663882014402,579.7724999999998,59.885667565957284,-0.0
24,123.89526365326782,306.6871931579749,-0.0,1015.0379030311221,-0.0,1059.600306621705,47.20111378378258,510.3724999999998,59.59219435226237,-0.0
25,109.30252180883413,284.5771037497804,0.020000000000000018,955.8956808960088,-0.0,1020.100306621705,62.231762113841526,442.7224999999998,58.99632480120499,-0.0
26,104.33111664695501,263.2736843196672,0.10000000000000009,900.001007709825,-0.0,979.100306621705,74.79246938299673,374.7724999999998,58.049280732387174,-0.0
27,92.31541455285415,241.2212220010987,0.16000000000000014,870.9536477296109,-0.0,935.600306621705,85.28893303722069,305.87249999999983,56.319342137997765,-0.0
28,85.94226213468113,218.45352537176595,0.2200000000000002,836.8231643688373,-0.0,886.7003066217051,94.90799001168041,234.34749999999985,54.126010829827635,-0.0
29,77.9941005960051,191.95488156513233,0.19000000000000017,783.9393193606187,-0.0,820.2003066217051,98.9005243928199,155.59749999999985,50.07417408628489,-0.0
30,68.25554672459576,163.63920669321664,-0.0,717.5984639385559,-0.0,740.5859748853998,98.28144791788148,81.01999999999985,45.244796367925446,-0.0
31,67.17871446965952,157.02025101833695,0.09939959121103725,680.0454284752738,-0.0,732.0562241425756,107.73636647295386,104.55999999999989,42.65563643831736,-0.0
32,78.92666724055867,179.261201322946,-0.0,745.2548859684364,-0.0,796.5395970580417,128.39906610230668,217.44249999999988,42.69481259297028,-0.0
33,99.78102849514785,223.78762563511827,0.7999999999999998,886.2897836628938,-0.0,922.5935011155539,157.43837899486823,396.4549999999999,44.61785740021067,-0.0
34,127.62730982105698,284.7489592949051,1.214067450178847,1047.780800398898,-0.0,1087.0468414033257,190.3135991020976,596.4549999999999,51.49784266655215,-0.0
35,157.08905610846892,354.2024818165577,2.014067450178847,1255.9322590756296,-0.0,1264.1856083391892,223.48233259218873,796.4549999999999,54.6465557047897,-0.0
36,185.4931309309085,420.13821889829615,2.8140674501788467,1469.6553197080161,-0.0,1431.838666742091,253.011211552916,996.4549999999999,56.32806505074976,-0.0
37,209.6205240956812,475.36054381310225,3.6140674501788466,1650.4450829784168,-0.0,1565.192087568397,274.5256026127019,1196.455,55.51491229381102,7.491778602164125
38,227.1930875399894,509.904154380185,4.27637710781809,1769.1807905238804,-0.0,1650.403197763329,286.2810669135753,1356.33,59.43420554910418,28.813934771908464
39,235.69397029929556,515.8109905935281,4.27637710781809,1785.4614096421053,-0.0,1661.7723194810242,283.15588069608896,1437.935,59.43420554910418,44.08594339384443
40,231.66611844203382,522.5299818572688,4.215304036791007,1701.3221716557111,-0.0,1612.566382832251,263.6321138993702,1420.5049999999999,55.57545586487107,52.792542114652036
41,213.79653998546573,480.4408266041459,3.779302503832397,1554.2666196833984,-0.0,1470.4040782220911,227.84698053517332,1306.4225,47.32891629221683,53.774475951883986
42,191.56602445038982,431.47387761120314,3.079302503832397,1451.0062956477825,-0.0,1301.370437084542,192.06184717097642,1173.8725,38.03679519215201,48.768310953057934
43,169.55205088473815,391.9592002676464,2.3593025038323967,1274.2973786527527,-0.0,1136.3367959469927,156.27671380677953,1040.4724999999999,28.7446740920872,42.037617725696755
44,148.9224979404895,344.07653840816704,1.7593025038323966,1113.2795680498155,-0.0,988.0031548094435,123.16276488732963,917.7724999999999,20.754070234170683,35.22176737076856
45,129.99255266350755,298.51054652676896,1.2993025038323966,960.9915191799927,-0.0,858.1695136718943,97.47160575176972,805.1724999999999,14.843917262621702,28.06667185018415
46,111.63779443238924,253.28765532364727,0.8693025038323967,809.4025597137954,-0.0,776.8358725343451,75.07298099734928,698.9224999999999,10.767880636246344,19.375601594414885
47,95.31669039821335,212.8545248426394,0.5993025038323967,679.1136002475981,-0.0,671.7022313967959,59.19518139027658,607.4975,8.482069453054757,11.36327354058184
48,81.6421283334617,176.8235279941194,0.45930250383239674,566.8908875425199,-0.0,583.4685902592466,48.223079229176385,524.0975,7.493814630659113,5.64276941057042
49,69.59583725342216,145.80252121135555,0.4093025038323967,475.57797904172367,-0.0,544.4349491216974,38.32641911129819,449.24749999999995,7.6836143572685405,1.630441356737375
50,57.912433945864436,116.91817447242917,0.4093025038323967,394.45309602362795,-0.0,465.30130798414825,30.230765507304657,377.22249999999997,8.01002137009724,-0.0
51,47.4803855618673,90.2785834884947,0.3893025038323967,321.71623848823276,-0.0,426.267666846599,17.85846688255024,306.47249999999997,7.599868398548258,-0.0
52,37.25354246473982,65.53064758127577,0.35930250383239665,254.43764470242363,-0.0,343.6340257090498,36.716718911087746,235.77249999999998,6.404377262223626,-0.0
53,26.456129109518393,39.71484530654471,0.24930250383239655,178.97284662666297,-0.0,289.1003845715006,19.255618714624095,156.34749999999997,3.8772134199294266,-0.0
54,14.787182905375737,13.513139687432822,0.07930250383239662,97.57851531069942,-0.0,186.68099463172243,-0.0,80.29249999999998,0.2909814165396396,-0.0
55,6.935815853113264,-0.0,-0.0,64.78441771113269,-0.0,146.06071876806655,-0.0,100.83500000000001,-0.0,-0.0
56,10.759155128748947,11.016753578732708,0.2043280531425653,99.80195785226859,-0.0,192.06789829900632,10.166640310951095,213.065,-0.0,-0.0
57,29.954285629653157,48.44422579161716,0.6350178845171195,221.43091098611004,-0.0,328.67407109826695,36.744139450090024,393.845,7.228589415054676,-0.0
58,58.524957615186835,105.3032737526152,1.4350178845171193,444.6135871913732,-0.0,520.7510569244437,70.91833346267484,593.845,9.007416933349955,14.821942851357871
59,87.98670390259878,173.16800523167313,2.235017884517119,658.1969466489907,-0.0,728.4725968595717,106.70346682687175,793.845,11.448976136633773,33.530315250823556
60,117.44845019001072,242.62152775332572,3.035017884517119,881.3796228542539,-0.0,936.1941367946997,142.48860019106866,993.845,20.741097236698586,50.12257423602702
61,146.91019647742266,306.4930748474299,3.835017884517119,1104.562299059517,-0.0,1141.9281274119605,178.27373355526555,1193.845,23.66572786781034,63.70817929916488
62,169.6344821990795,356.08350293746105,4.635017884517119,1291.869149826625,-0.0,1304.8768927274655,209.78337234407437,1375.2325,32.11004329329279,73.81457730002617
63,179.4475141699289,381.51212989489886,5.077335206949413,1397.4770160985208,-0.0,1395.4407951646192,229.4461466587931,1475.625,32.11004329329279,78.76923765895648
64,175.08609925803242,378.02107625732765,5.083906489524783,1392.1361775043297,-0.0,1394.0344080753298,264.47851788333776,1474.4775,34.69657305307496,78.33546916814706
65,158.5051700469347,345.16245742308564,4.61272866632601,1289.8322674713665,-0.0,1286.6863546629409,247.77593865109725,1365.7375,31.82677522030647,71.71135275315466
66,136.41677585987998,302.86475085950906,3.90272866632601,1149.582175702029,-0.0,1139.3527135253917,219.43212725620532,1230.0125,25.294582194079375,60.15625723257025
67,115.59027531579312,259.77228854094056,3.18272866632601,1010.0191988190173,-0.0,990.2190723878424,189.63546713832713,1093.3875,18.4965528148675,49.10443214245719
68,94.03072237154447,216.48697475622566,2.53272866632601,882.9037708849352,-0.0,851.2854312502932,164.11994650964343,964.3375,12.252188894461712,39.460783128522515
69,75.4042533661443,177.50833094959205,2.05272866632601,764.7438749113155,-0.0,767.0517901127439,164.11994650964343,845.8625,7.863934072066069,33.3859390897981
70,58.70721410265017,140.25587856526738,1.63272866632601,649.7870598470879,-0.0,646.9181489751946,142.29303098901474,733.7624999999999,3.8878974456907134,30.535623279608814
71,45.45345494437116,108.96151195785333,1.3927286663260101,555.6569256065827,-0.0,545.4845078376454,147.2193809793588,633.8625,1.8094171801113,31.60820048271898
72,35.698751436270896,84.80974760445567,1.29272866632601,491.0850551156635,-0.0,463.75086670009625,137.4284183074531,542.9124999999999,1.343107808710581,36.19549462295023
73,28.689449381406952,89.16456617861081,1.26272866632601,444.4229888290264,-0.0,392.217225562547,129.9374556355474,457.13749999999993,2.3475220687027623,41.930335940327964
74,23.21093199200964,73.00444696768486,1.26272866632601,405.3489480250898,-0.0,324.2835844249978,122.38794679468295,373.31249999999994,3.7275472384959603,47.099642712966784
75,18.65492828336684,57.253609923100385,1.30272866632601,373.87182631176114,-0.0,297.74994328744856,122.38794679468295,289.11249999999995,5.183183318090171,51.552597333248855
76,14.745092452420975,41.60586362254847,1.28272866632601,348.80051729694804,-0.0,228.11630214989933,113.26103127405426,201.73749999999995,6.385153938878295,54.84001740879201
77,9.014490197014497,22.67787804411038,1.1527286663260101,311.85988061162396,-0.0,141.8826610123501,98.96613932906409,101.66249999999998,5.765179108671493,54.70781490150705
78,0.195420790529246,-0.0,0.8853168114460918,247.25311141163664,-0.0,38.93468813849555,78.88414739185167,8.812499999999986,3.7840781212295775,50.280972955561666
79,-0.0,-0.0,0.8861267245784372,216.54213381735752,-0.0,-0.0,73.09835326528538,33.6575,4.99766314522182,50.61269363003784
80,13.21590802255873,33.21408096074143,1.2578589678078698,247.39981450344075,-0.0,35.835641657214616,80.55064270867236,155.0725,9.74820188109769,57.30845028905777
81,26.389651349643678,91.77376179596295,2.0218114460909558,333.0187446962616,-0.0,174.7275632587042,98.14567898137558,345.0,17.168718720465762,66.39775710438191
82,46.37089412664554,161.22728431761556,2.8218114460909556,507.71363501149494,-0.0,357.84746375526265,123.02205266579469,545.0,26.327045056955043,77.35150892374848
83,75.83264041405748,230.68080683926814,3.6218114460909554,556.502802731916,-0.0,560.4099164987983,148.1522816673659,745.0,35.08933993111957,89.56342592652558
84,97.50753093049063,283.4078429044186,4.4165815022994375,724.1846764410175,-0.0,729.7722081652653,183.93741503156284,945.0,42.890042375702194,100.81855217915732
85,114.41085857350166,318.6961995284811,4.912657128257536,804.4858021720213,-0.0,881.434701178068,202.11348427026127,1145.0,49.156646148898155,112.78970160382516
86,134.12886991910221,334.28405536612667,5.105567194685743,900.9593405974853,-0.0,1030.0834262243059,211.5872829678296,1305.8,52.81767400697244,120.71835721790117
87,139.8696572768654,338.2397581197191,5.007547266223812,954.1599082276549,-0.0,1070.8901225240397,209.0974625958116,1390.965,53.706793696538845,125.05047610440919
88,133.1943211084103,326.42103209738787,4.693421052631579,906.9552246839029,-0.0,1064.8836951654832,191.8091225337053,1372.225,50.61095277995272,123.27048923192484
89,119.44726285283025,296.5528374253755,4.194126213592233,757.700815176148,-0.0,945.3036936505906,156.84338428261424,1250.8525,42.06912340304815,114.68083827219351
90,102.65414691666925,253.9275137064168,3.464126213592233,565.6465195452063,-0.0,808.4700525130414,144.91637108521851,1106.3774999999998,32.777002302983334,100.99630887736696
91,86.33334849489611,208.5888698997832,2.694126213592233,378.306019624313,-0.0,636.3364113754922,109.1312377210216,962.9274999999999,23.484881202918515,86.79869776065499
92,71.8115874822957,167.0521303819951,2.114126213592233,218.18911961775032,-0.0,527.602770237943,76.90785854616895,831.9274999999999,14.789437368435479,73.5830992763506
93,59.39943413696199,130.1510937964998,1.614126213592233,92.49273861612613,-0.0,399.6691291003938,50.763850687622785,713.1774999999999,8.172000781115917,60.99542538636459
94,47.941309080298,100.01170235347617,1.204126213592233,-0.0,-0.0,327.3354879628445,30.01237721021611,606.8024999999999,3.5886805389699834,48.08158805260777
95,38.11202526644008,78.77109465253405,0.9741262135922331,38.671818286634604,-0.0,235.50184682529533,14.24400785854617,509.9274999999999,0.8638657321966576,36.80058095887637
96,30.220246012833655,64.96237137194979,0.8341262135922332,8.240985805592544,-0.0,164.96820568774612,4.63988212180746,427.70249999999993,-0.0,26.913033004202255
97,24.87809266749994,53.33293025770702,0.7841262135922331,-0.0,-0.0,109.83456455019689,-0.0,352.12749999999994,-0.0,18.43366112570652
98,20.993836215151035,44.050627743074045,0.7641262135922331,-0.0,-0.0,107.10092341264766,-0.0,283.47749999999996,1.5190287933749342,12.524729437656731
99,18.51843924661422,36.664985272278514,0.7641262135922331,-0.0,-0.0,70.16728227509844,-0.0,217.0025,-0.0,8.646866839084772
100,15.839210155774342,28.618385689938293,0.7341262135922331,18.672460784187507,-0.0,37.133641137549226,-0.0,147.9025,2.3604287543191393,5.954161368079834
101,11.177289458819311,16.921786107598074,0.5541262135922331,4.43438313805936,-0.0,-0.0,-0.0,73.6525,-0.0,3.2941602017884013
102,3.6570977771521616,1.7866709926168198,0.21412621359223302,-0.0,-0.0,-0.0,-0.0,-0.0,-0.0,-0.0
103,-0.0,-0.0,-0.0,-0.0,-0.0,-0.0,-0.0,-0.0,-0.0,-0.0
104,-0.0,-0.0,0.11879918242207443,-0.0,-0.0,-0.0,-0.0,10.652499999999577,4.7612725891974215,-0.0
105,3.992890247072701,-0.0,0.536645375574859,-0.0,-0.0,-0.0,-0.0,193.5649999999996,13.4579266899657,-0.0
106,17.975500048855107,-0.0,1.1707179356157376,-0.0,-0.0,-0.0,-0.0,393.5649999999996,22.750047790030514,-0.0
107,36.8226105171543,-0.0,0.7879841594276966,-0.0,-0.0,120.99259045484155,-0.0,593.5649999999996,32.042168890095326,-0.0
108,56.86910333837735,23.487131745499624,1.5879841594276964,87.61529904950012,-0.0,328.71413038996957,-0.0,793.5649999999996,41.334289990160144,-0.0
109,77.85933290401053,92.94065426715223,2.3879841594276963,310.7979752547633,-0.0,536.4356703250976,-0.0,993.5649999999996,50.62641109022496,-0.0
110,90.6707779617397,149.39307663669348,3.118643331630047,512.734350744691,-0.0,725.7037853111136,-0.0,1189.0574999999997,57.43262748801736,-0.0
111,95.1693476286351,184.1077802542737,3.602843638221769,639.3552078593335,-0.0,839.9727862210073,-0.0,1306.5399999999997,60.42793209372014,-0.0
112,88.7861274174385,187.47207116819945,3.660825242718447,656.3518736242232,-0.0,857.542995208916,17.633202357563817,1311.8274999999996,58.9230182048824,1.9704629668663234
113,79.97257827979553,164.75120036172083,3.2500000000000004,566.4501186363507,-0.0,781.185748802229,18.794106090373255,1211.5649999999996,52.26280572156378,7.247432904748926
114,57.88393768805561,135.4203335144049,2.5300000000000002,452.3289769822819,-0.0,674.685748802229,15.273870333988192,1089.8899999999996,42.97068462149896,7.729569528649343
115,35.747810777070214,108.12588743304019,1.8500000000000003,336.00874592458774,-0.0,566.985748802229,10.07249508840863,963.3149999999996,33.67856352143414,7.449442038282193
116,26.41785174378175,85.10453209570807,1.2900000000000003,245.69831907117552,-0.0,470.48574880222895,7.140864440078573,849.0899999999996,24.84129400943256,7.085792635583701
117,19.821939240169026,66.13888962491254,0.8200000000000003,174.63635176306732,-0.0,384.685748802229,5.3204322200392795,741.5649999999996,17.34063178365025,6.4828980672290015
118,14.398718342671458,47.77158214315763,0.4500000000000002,106.88236746649213,-0.0,302.785748802229,1.8583497053045122,636.3149999999996,17.34063178365025,4.840758333218094
119,1.108955475749653,32.89856179486614,0.16000000000000014,50.68881723252042,-0.0,236.58574880222903,-0.0,539.3649999999997,17.34063178365025,2.515096686875843
120,0.2399590332884607,22.49839291272103,0.040000000000000036,20.80997330497175,-0.0,193.68574880222903,-0.0,452.61499999999967,11.26934053015823,0.66163638152711
121,-0.0,15.357027641145066,-0.0,4.619154860123587,-0.0,160.28574880222902,-0.0,373.4649999999997,5.415154751094615,-0.0
122,-0.0,10.504465980138256,0.010000000000000009,1.2767959605794488,-0.0,129.78574880222902,-0.0,298.43999999999966,7.7926889798421595,-0.0
123,2.333517238293318,7.934995063164003,0.027411854879918263,0.17400299843180278,-0.0,99.18574880222903,-0.0,225.38999999999965,6.878956841999232,-0.0
124,3.65772375453167,5.326710601376767,0.0674118548799183,0.61077597368066,-0.0,68.88574880222902,-0.0,155.16499999999965,9.846716513930543,-0.0
125,7.070492809370389,2.7836604503537856,0.03741185487991828,-0.0,-0.0,33.785748802229016,-0.0,81.51499999999965,3.953527111285187,-0.0
126,-0.0,-0.0,-0.0,-0.0,-0.0,-0.0,-0.0,13.999999999999645,4.668567843504918,-0.0
127,-0.0,-0.0,0.24563362289218194,-0.0,-0.0,-0.0,-0.0,22.43999999999967,-0.0,6.753570850613521
128,-0.0,-0.0,0.8592488502810421,-0.0,-0.0,-0.0,-0.0,105.36249999999968,-0.0,22.003095995429256
129,-0.0,-0.0,0.8592488502810421,-0.0,-0.0,-0.0,-0.0,223.91499999999968,7.446483849399106,42.04863578719139
130,-0.0,-0.0,0.599075114971895,-0.0,-0.0,-0.0,-0.0,322.1899999999997,7.477721764677913,64.09365375667221
131,4.585812744693296,-0.0,0.49230710270822586,-0.0,-0.0,-0.0,-0.0,434.44749999999976,8.666492024379552,87.5177657273067
132,34.04755903210524,-0.0,1.2923071027082256,-0.0,-0.0,-0.0,-0.0,569.2249999999998,8.666492024379552,110.57638827431532
133,63.50930531951718,-0.0,2.0923071027082254,-0.0,-0.0,184.81739220060996,-0.0,712.8349999999998,14.807036374434798,130.4378843314648
134,92.97105160692912,26.854213471146295,1.9034670413898822,208.86762018720674,-0.0,184.81739220060996,-0.0,811.4324999999999,18.946169953182014,145.5315070302048
135,112.4850392129609,84.81958803024526,2.679077669902912,399.3797956801367,-0.0,321.98675553390814,-0.0,867.41,18.36190387761095,151.017510651453
136,117.49833288996082,110.55530620356592,2.9699999999999993,477.8995946173608,-0.0,371.8857890714961,-0.0,860.3299999999999,14.618207391185994,147.22497752857436
137,107.60581748934084,102.87198860626336,2.1699999999999995,443.77376996753236,-0.0,340.79999999999995,-0.0,781.91,8.996058758423754,132.66478670814374
138,92.1680162860856,84.60418270024846,1.6599999999999997,366.0176153579397,-0.0,276.9,-0.0,686.61,3.063960335879848,111.3528364602464
139,76.9121402644849,66.68304677231484,1.13,284.8476650382985,-0.0,208.49999999999997,-0.0,590.735,-0.0,88.97535166761014
140,63.72261004594179,50.7264372557308,0.71,209.45103389493482,-0.0,149.0,-0.0,502.06,-0.0,68.90604295115226
141,52.40750044880171,37.230306294919096,0.3999999999999999,151.82772192784861,-0.0,101.0,-0.0,424.685,2.0349677783223044,51.34491031087276
142,41.8058488822374,24.567036734497606,0.15999999999999992,94.08172064280643,-0.0,55.19999999999999,-0.0,353.735,-0.0,35.29522417724299
143,32.71977669427005,14.623527896189941,0.020000000000000018,48.44461296567172,-0.0,21.899999999999977,-0.0,291.985,-0.0,22.817613449294836
144,26.007554869611784,8.825014090760362,-0.0,23.930194606493018,-0.0,4.799999999999983,-0.0,240.76000000000002,-0.0,13.36780138035316
145,20.349949832723205,6.423638884940573,0.030000000000000027,12.673129400525852,-0.0,-0.0,-0.0,195.76000000000002,-0.0,6.885159071386077
146,15.920615780546747,5.147497989885039,0.1200000000000001,13.308081183025678,-0.0,-0.0,-0.0,155.485,-0.0,2.1713217376292597
147,12.075132091679365,4.722782827902698,0.2300000000000002,17.982598902922035,-0.0,-0.0,-0.0,117.285,-0.0,-0.0
148,8.500807160005909,4.157828388034183,0.30000000000000027,20.878895344399893,-0.0,-0.0,-0.0,77.96,-0.0,-0.0
149,4.350136425274877,2.253591781824184,0.38000000000000034,13.461396075829214,-0.0,-0.0,-0.0,34.959999999999994,-0.0,-0.0
150,-0.0,-0.0,-0.0,-0.0,-0.0,-0.0,-0.0,-0.0,-0.0,-0.0
151,-0.0,-0.0,-0.0,-0.0,-0.0,-0.0,-0.0,-0.0,-0.0,-0.0
152,-0.0,-0.0,0.7999999999999998,-0.0,-0.0,-0.0,-0.0,-0.0,-0.0,-0.0
153,-0.0,-0.0,0.49489013796627424,-0.0,-0.0,-0.0,-0.0,-0.0,-0.0,-0.0
154,5.041068022839806,-0.0,0.46894736842105167,-0.0,-0.0,-0.0,-0.0,-0.0,-0.0,-0.0
155,34.50281431025175,-0.0,0.5220592743995898,-0.0,-0.0,-0.0,-0.0,19.797500000000014,1.6246421887828504,-0.0
156,63.96456059766369,-0.0,0.5729356157383731,-0.0,-0.0,-0.0,-0.0,219.7975,10.916763288847665,-0.0
157,93.42630688507563,-0.0,1.372935615738373,-0.0,-0.0,-0.0,-0.0,419.7975,20.20888438891248,-0.0
158,122.88805317248757,50.696926929946,2.172935615738373,152.2615486183327,-0.0,-0.0,-0.0,619.7975,29.501005488977295,-0.0
159,144.0549243819702,110.46860208001968,2.172935615738373,366.47681214084105,-0.0,193.7159022377248,-0.0,790.585,38.79312658904211,-0.0
160,152.72967120592807,136.8899272198873,2.172935615738373,464.8123557284059,-0.0,297.71449281337397,-0.0,852.88,46.70935706657535,-0.0
161,145.3528211531557,129.57828022704484,2.1428155339805803,444.6022719840038,-0.0,291.24291467038165,-0.0,803.5875,48.81975963656549,-0.0
162,132.3315436783187,113.08953707797292,1.8028155339805803,386.8363131701291,-0.0,247.84291467038167,-0.0,728.2375,47.62858815654986,-0.0
163,118.87873335456045,96.2234061171612,1.3728155339805803,329.9761670547699,-0.0,204.34291467038167,-0.0,652.3125,46.82519848051393,-0.0
164,105.04784821245676,82.01607876691865,0.9728155339805804,282.03072724583376,-0.0,169.34291467038167,-0.0,577.0875,46.507146969253654,-0.0
165,92.59503788869851,70.64589001628589,0.35482370975983635,248.87331291959813,-0.0,147.5429146703817,-0.0,509.8625,47.37687726197309,-0.0
166,81.29203139857361,61.18141413218972,0.1548237097598364,224.9852262638735,-0.0,135.3429146703817,-0.0,447.0375,49.5661093664834,-0.0
167,72.12902490844871,55.695033959248015,0.044823709759836294,209.92199923912236,-0.0,134.3429146703817,-0.0,394.1625,53.23339601999878,-0.0
168,65.47525199386321,52.3817544645827,0.06482370975983631,197.3133935784592,-0.0,139.4429146703817,-0.0,347.7875,57.239733598937484,-0.0
169,59.847824882335274,48.3006284708929,0.13482370975983637,185.42873695239498,-0.0,144.4429146703817,-0.0,302.5375,61.19734029931982,-0.0
170,54.466351241131605,43.007368844715245,0.24482370975983647,170.2253825141413,-0.0,143.9429146703817,-0.0,256.6875,64.21599067796201,-0.0
171,47.492167752806765,37.04506633008227,0.37482370975983637,152.5260195816541,-0.0,136.74291467038168,-0.0,207.28750000000002,65.74690655446608,-0.0
172,38.774311826533484,29.459433793530568,0.4348237097598364,127.18709071177042,-0.0,116.94291467038167,-0.0,151.2375,65.43642247002595,-0.0
173,25.91875517364204,16.20832766832844,0.2948237097598365,72.55614485341971,-0.0,67.44291467038167,-0.0,77.33749999999999,61.486982063845666,-0.0
174,10.693358738479459,-0.0,-0.0,-0.0,-0.0,-0.0,-0.0,-0.0,54.92035370426172,-0.0
175,6.39827533995981,-0.0,-0.0,-0.0,-0.0,-0.0,-0.0,-0.0,51.45167543297967,-0.0
176,18.153678797135196,-0.0,-0.0,-0.0,-0.0,-0.0,-0.0,-0.0,51.1732306893228,-0.0
177,42.53404620953266,-0.0,-0.0,-0.0,-0.0,-0.0,-0.0,163.79000000000008,53.56720768836218,-0.0
178,71.9957924969446,-0.0,0.7999999999999998,-0.0,-0.0,59.600165199875164,-0.0,363.7900000000001,57.8436563726417,-0.0
179,101.45753878435654,-0.0,0.7999999999999998,-0.0,-0.0,267.3217051350032,-0.0,563.7900000000001,62.82600365961214,-0.0
180,130.91928507176848,-0.0,1.5999999999999996,-0.0,-0.0,475.0432450701312,-0.0,763.7900000000001,67.93762731518969,28.582012584708764
181,160.38103135918044,-0.0,1.9311343893714872,55.150885919458716,-0.0,682.7647850052592,-0.0,963.7900000000001,72.2461816503449,55.90596266860528
182,187.30737546574144,69.4535225216526,2.731134389371487,278.3335621247219,-0.0,866.1614829253515,-0.0,1146.9325000000001,74.32755296060644,76.65552109370614
183,203.78443375244893,93.10570270015153,3.3147419519672967,432.38531030559204,-0.0,978.7305241045123,3.073652380961832,1249.89,74.33696880051852,89.94178256744365
184,205.87541853355097,114.13341446249585,3.4655442003065913,486.71560567637664,-0.0,1007.5863610868485,22.060718677669,1251.9925,70.93492964609797,94.59705447420083
185,193.4870356318574,100.50651329040147,3.102835973428717,429.53687636492646,-0.0,935.9576573449706,22.530451866404718,1153.2,62.952946944749854,88.87160926373686
186,174.77057111115673,77.95894666227275,2.402835973428717,332.71538559058934,-0.0,827.8576573449706,13.962868369351675,1027.5,53.660825844685036,76.94607355270651
187,157.12449892318938,56.96232721144489,1.6928359734287168,240.9770181968117,-0.0,722.8576573449706,6.457563850687627,909.375,44.36870474462022,65.06644980358698
188,141.3851648710129,40.93475064907233,1.142835973428717,166.9742252346641,-0.0,634.1576573449705,2.442829076620832,801.8249999999999,35.0765836445554,54.78519083923176
189,128.57429796991522,28.702408397464026,0.7528359734287171,118.94167053940194,-0.0,562.0576573449705,1.1223968565815383,703.025,26.297961473451206,47.05147905202303
190,117.98555241683873,19.05958759008338,0.42283597342871704,79.50512433837329,-0.0,496.2576573449705,-0.0,611.675,25.485222957173384,40.322672910521334
191,110.21623660566829,14.176288226930403,0.2528359734287171,59.32102918841517,-0.0,447.8576573449705,-0.0,531.125,18.770040801691508,37.81021892137639
192,105.55807955169176,13.548701730314015,0.2328359734287171,61.45871276003854,-0.0,415.8576573449705,-0.0,459.375,13.371916818796443,38.266569907441706
193,102.33184767936979,14.523498078315498,0.29283597342871714,70.36971550793939,-0.0,390.3576573449705,-0.0,392.775,13.371916818796443,40.53109696968541
194,99.2373448223357,16.694485848625916,0.3628359734287172,79.68870126737326,-0.0,363.3576573449705,-0.0,326.65,8.839676490727754,43.798894462400455
195,95.69802901116526,18.16356933009081,0.4428359734287173,87.15523597573662,-0.0,333.2576573449705,3.5624340533777854,259.15,4.509879801863125,47.46832717035118
196,91.59486283668573,18.263131367328043,0.4828359734287173,86.42177068409998,-0.0,297.5576573449705,9.526677668309027,185.92499999999998,4.509879801863125,49.529583802123526
197,84.11688370806985,11.659841938418893,0.3528359734287174,57.109173517670314,-0.0,234.95765734497053,8.326677668309031,95.24999999999999,4.509879801863125,47.774488281539114
198,73.0575137072556,-0.0,0.05542411854879914,-0.0,-0.0,150.25761707570337,-0.0,-0.0,3.062509516530298,42.51825758246463
199,69.3567045039571,-0.0,-0.0,-0.0,-0.0,126.11381648144405,-0.0,-0.0,-0.0,44.03452280331986
200,77.77120783528854,-0.0,0.35220490546755223,52.22387452311989,-0.0,191.46880780916973,-0.0,-0.0,-0.0,52.95563670794115
201,95.04264534127617,-0.0,1.0141619826264687,235.77643028865242,-0.0,322.7514961470941,-0.0,37.23249999999996,6.349682950638288,66.85353908033069
202,117.53941638203175,-0.0,1.0141619826264687,455.24153665760593,-0.0,509.8477108359804,13.129813535196575,237.23249999999996,6.349682950638288,84.01593157787572
203,138.5847983684173,11.955821204667927,1.8141619826264685,678.4242128628691,-0.0,711.1436436399965,48.914946899393485,437.23249999999996,14.75485740250986,102.49005469961833
204,156.43184656195692,78.40415441999292,2.6141619826264684,901.6068890681323,-0.0,909.4824105758601,84.7000802635904,637.2325,18.685335367890364,121.09243139599997
205,170.4844764225737,144.43963616917154,3.3621129279509443,1121.753758355634,-0.0,1087.2642935284412,115.57355169841047,837.2325,26.264159186799624,136.8748562708926
206,182.29590841235384,194.08171328816263,3.960424118548798,1275.8065489949793,-0.0,1218.303865849648,136.497648408009,1006.655,31.40774507891557,148.1818445507256
207,189.42476855292844,216.32203133636037,3.7990853346959628,1341.2910270989587,-0.0,1277.715741160656,145.08262311565508,1099.1475,34.146673796642716,152.8880838526704
208,186.38466512693563,214.7708502232994,3.716129279509453,1295.7879198781893,-0.0,1245.5573269452213,137.9085949201555,1091.7375,32.73900217679384,149.09137098473587
209,171.6312749225674,194.6745689031992,3.2801277465508427,1182.5631392138944,-0.0,1116.6286232033435,114.80196463654224,987.9699999999999,26.55588864536098,136.7319058066161
210,152.49249288747887,167.01845781087516,2.5901277465508428,1031.079180828367,-0.0,951.5286232033435,84.71277013752456,861.17,17.91161932863838,117.5984458900312
211,133.21583220041154,140.57900676238856,1.8801277465508428,872.4427713917694,-0.0,786.6286232033435,57.19724950884086,739.795,9.81852452967621,98.60926272012141
212,116.69917151334423,118.39240718004834,1.3401277465508428,732.0112640573127,-0.0,637.4286232033435,35.51198428290766,633.4449999999999,4.579047887678536,81.46272108165108
213,102.18404367519813,100.48961617539919,0.9301277465508428,623.446003483975,-0.0,506.9286232033434,18.7229862475442,542.12,1.498076681053469,65.199827290824
214,88.57756091349145,84.0015908599858,0.6001277465508428,524.5856450127783,-0.0,387.22862320334343,4.8019646365422375,455.37,-0.0,49.42385177811153
215,76.902611000706,70.9299962447675,0.42012774655084284,444.3737460868855,-0.0,295.72862320334343,-0.0,380.195,1.2494877080218725,35.744605834927704
216,67.24939010320843,62.1784016295492,0.3501277465508428,383.6885279847153,-0.0,232.82862320334345,-0.0,318.295,1.2494877080218725,25.427624006011435
217,58.50328143322905,55.225381281257704,0.3901277465508428,335.3815311609635,-0.0,190.02862320334347,-0.0,265.945,-0.0,17.582717582776787
218,50.40697659688301,48.42903091104749,0.4701277465508429,291.90919817246726,-0.0,158.72862320334346,-0.0,216.76999999999998,0.10168680973856148,12.467245033784295
219,42.32701756359455,41.37887196314621,0.540127746550843,248.96753751346,-0.0,133.12862320334347,-0.0,171.24499999999998,0.7374899646507487,9.336929612358823
220,34.2845630905576,33.706330170627055,0.570127746550843,201.77832790552327,-0.0,107.02862320334347,-0.0,123.09499999999997,1.6122967431446718,7.286865672793343
221,22.86037960223276,20.872123367148546,0.4101277465508431,127.57532258753801,-0.0,60.82862320334349,-0.0,63.01999999999998,1.6122967431446718,4.261329961762996
222,9.098887720023072,4.060299408287911,0.11012774655084306,33.380643020453135,-0.0,-0.0,-0.0,-0.0,-0.0,-0.0
223,-0.0,-0.0,-0.0,-0.0,-0.0,-0.0,-0.0,-0.0,-0.0,-0.0
224,-0.0,-0.0,0.19020950434338268,-0.0,-0.0,-0.0,-0.0,-0.0,-0.0,-0.0
225,-0.0,-0.0,0.7973428717424627,-0.0,-0.0,-0.0,-0.0,-0.0,-0.0,-0.0
226,22.422138579673536,-0.0,1.5973428717424625,-0.0,-0.0,-0.0,-0.0,113.995,-0.0,-0.0
227,51.66379979782481,-0.0,2.3973428717424623,-0.0,-0.0,-0.0,-0.0,313.995,-0.0,-0.0
228,80.48586742068446,-0.0,2.3973428717424623,-0.0,-0.0,-0.0,-0.0,513.995,-0.0,-0.0
229,107.14550833606631,1.196149898710111,3.197342871742462,155.90118900566145,-0.0,77.37866553401389,-0.0,713.995,-0.0,-0.0
230,127.14423815591164,63.582040771970604,3.407112927950945,345.03915682578406,-0.0,272.6182378552207,-0.0,894.7175000000001,4.392396098457246,-0.0
231,138.7886894585781,106.19843041373915,3.9101354113438935,475.57141047490336,-0.0,415.4443240947327,-0.0,1002.3550000000001,11.88756064832825,3.4581597784585405
232,138.1074559527157,117.95801513587578,3.9101354113438935,502.0738855630367,-0.0,470.314452544107,-0.0,1016.2975000000001,15.83581984684095,9.809206044025956
233,124.13714968719593,101.50513722854745,3.5070746039856924,435.6802214522519,-0.0,425.88574880222916,-0.0,934.8625000000001,15.344632542731365,9.854971529091564
234,105.12337677261041,78.29662342311786,2.807074603985692,334.2400328657252,-0.0,343.88574880222916,-0.0,828.0125,11.229024670675148,4.543900884558486
235,86.69288396324002,55.96643467248509,2.077074603985692,236.66609104031758,-0.0,260.1857488022291,-0.0,721.5625,7.020747716231103,-0.0
236,71.02374607743022,37.438858110112534,1.4970746039856924,151.64950236812143,-0.0,188.18574880222909,-0.0,622.0625,3.5954125892002473,-0.0
237,58.26576694881433,24.170563714081467,1.0370746039856924,86.32892219015878,-0.0,130.8857488022291,-0.0,531.4125,1.679852018985624,-0.0
238,46.56144201714088,13.10203004016423,0.6770746039856923,37.40834201219613,-0.0,79.98574880222912,-0.0,446.4875,0.0033423741943359175,-0.0
239,37.190967448776505,6.720874243742955,0.43707460398569237,6.5015575442819795,-0.0,47.885748802229124,-0.0,372.4125,-0.0,-0.0
240,30.79799744066363,5.109000613663163,0.3670746039856923,1.1827985590683454,-0.0,35.08574880222911,-0.0,312.3125,-0.0,-0.0
241,26.263298417262877,5.864744138965499,0.3770746039856923,6.434277840740236,-0.0,32.585748802229084,-0.0,261.2125,-0.0,-0.0
242,22.44687037857424,7.984296241958901,0.43707460398569237,20.816429451901115,-0.0,36.18574880222908,-0.0,213.6125,-0.0,-0.0
243,18.69063850625226,9.89575263379784,0.4770746039856924,36.57680234148049,-0.0,41.48574880222906,-0.0,168.8875,-0.0,-0.0
244,14.452873785009057,10.843161170059538,0.4570746039856924,42.92828162315237,-0.0,43.48574880222903,-0.0,119.96249999999999,-0.0,-0.0
245,10.267034245420394,10.535096117670811,0.42707460398569236,45.39663752426475,-0.0,41.18574880222902,-0.0,69.88749999999999,1.405319741051608,-0.0
246,-0.0,-0.0,0.032250894225855975,-0.0,-0.0,-0.0,-0.0,-0.0,-0.0,-0.0
247,-0.0,-0.0,-0.0,-0.0,-0.0,-0.0,-0.0,-0.0,-0.0,-0.0
248,-0.0,-0.0,0.39902401635155826,-0.0,-0.0,-0.0,-0.0,-0.0,-0.0,-0.0
249,-0.0,-0.0,1.199024016351558,-0.0,-0.0,-0.0,-0.0,-0.0,-0.0,-0.0
250,29.461746287411945,-0.0,1.9990240163515578,-0.0,-0.0,-0.0,-0.0,78.15499999999997,-0.0,-0.0
251,51.03168015387722,-0.0,1.6814205416453762,-0.0,-0.0,-0.0,-0.0,278.155,7.24732417657304,-0.0
252,80.49342644128916,-0.0,2.481420541645376,-0.0,-0.0,-0.0,-0.0,478.155,15.755515921089456,-0.0
253,109.9551727287011,2.3843088837927695,3.281420541645376,143.640998094473,-0.0,177.70712766028853,-0.0,678.155,23.038820825312456,-0.0
254,135.22476462749614,71.83783140544537,4.062192130812468,364.0527360654378,-0.0,363.118117047419,-0.0,867.5999999999999,28.576806382450613,-0.0
255,149.70965336339793,120.36578564366805,4.547682677567705,505.6702773968757,-0.0,475.97286675954166,-0.0,980.6175,30.994314151089014,-0.0
256,150.2803937753488,139.22045546202176,4.600720490546755,544.865794685949,-0.0,503.328744011145,-0.0,992.0675,29.987294964270166,-0.0
257,136.99794845417605,125.49508755732828,4.145424118548799,480.27041724796993,-0.0,438.2286232033435,-0.0,907.7075,24.20928634967631,-0.0
258,117.607259478439,101.85513808458168,3.4054241185487992,380.2667136894478,-0.0,339.7286232033435,-0.0,802.5074999999999,15.893867684986471,-0.0
259,98.39061703237769,78.79232721144487,2.615424118548799,283.1550271193927,-0.0,243.7286232033435,-0.0,697.0324999999999,8.54912534984793,-0.0
260,82.33283407012847,59.764511371186146,1.945424118548799,201.27002137306005,-0.0,166.72862320334346,-0.0,597.6824999999999,3.0750593442606977,-0.0
261,69.57833121309437,46.01597769726891,1.465424118548799,141.9156879562164,-0.0,110.92862320334348,-0.0,515.0324999999999,0.7058333152399854,-0.0
262,59.315949704081476,34.2729176120021,1.095424118548799,94.10491198253575,-0.0,67.1286232033435,-0.0,439.0324999999999,-0.0,-0.0
263,51.2947269522625,28.279139693076772,0.8254241185487989,66.8772593894146,-0.0,41.12862320334347,-0.0,373.38249999999994,-0.0,-0.0
264,46.13177518515565,25.6527396516474,0.695424118548799,57.21984506317898,-0.0,33.32862320334349,-0.0,321.65749999999997,-0.0,-0.0
265,41.538627251682136,25.76443532137251,0.655424118548799,65.78021795275836,-0.0,37.32862320334349,-0.0,273.8325,-0.0,-0.0
266,37.309703773245005,25.742800969178887,0.665424118548799,76.31881212075623,-0.0,46.32862320334349,-0.0,227.9325,1.8566459534356738,-0.0
267,32.744042159016985,25.26212372852995,0.705424118548799,82.7525041866131,-0.0,56.32862320334349,-0.0,180.7575,6.4824853441652515,-0.0
268,27.114334015113226,22.37645145500293,0.695424118548799,82.25062182083994,-0.0,60.82862320334349,-0.0,130.1825,10.635157464297876,-0.0
269,17.618654159879192,14.466262704370166,0.5054241185487991,55.651820364458786,-0.0,41.32862320334349,-0.0,66.4825,12.395160502042671,-0.0
270,4.709462084425574,-0.0,0.12801226366888097,-0.0,-0.0,-0.0,-0.0,-0.0,12.269648292353368,-0.0
271,-0.0,-0.0,-0.0,-0.0,-0.0,-0.0,-0.0,-0.0,15.498275898258349,-0.0
272,-0.0,-0.0,-0.0,-0.0,-0.0,-0.0,-0.0,9.419999999999959,22.012635396444928,-0.0
273,-0.0,-0.0,0.7117169136433312,-0.0,-0.0,-0.0,-0.0,9.419999999999959,31.304756496509743,-0.0
274,22.528808276997264,-0.0,0.37076647930505935,-0.0,-0.0,-0.0,-0.0,209.41999999999996,40.59687759657456,-0.0
275,51.99055456440921,-0.0,1.1707664793050592,-0.0,-0.0,-0.0,-0.0,409.41999999999996,49.888998696639376,-0.0
276,81.45230085182115,-0.0,1.970766479305059,-0.0,-0.0,80.67141706592395,-0.0,609.42,59.18111979670419,-0.0
277,110.91404713923309,0.11424341325536602,2.770766479305059,144.77745607181467,-0.0,288.39295700105197,-0.0,809.42,67.2933450545244,-0.0
278,134.2073067735714,68.4217572356753,2.770766479305059,336.43902343662506,-0.0,476.86107198706793,-0.0,1002.7099999999999,72.61221259324321,-0.0
279,146.2356889553125,116.36282604558085,3.3133163004598876,463.8835875918675,-0.0,596.7586155617707,-0.0,1107.235,74.33696880051852,-0.0
280,146.01459379051622,134.07678160785827,3.3930608073582014,508.30213656862156,-0.0,630.0430354781832,5.64408015620409,1108.945,71.5978087856903,-0.0
281,132.80205833106186,121.46518775580084,2.98,456.5588674423456,-0.0,566.6286232033435,8.070530451866397,1015.8575,64.13494225306852,-0.0
282,114.63156552169146,99.57999403804615,2.31,362.368959593872,-0.0,468.9286232033435,2.6220039292730775,895.5825,54.8428211530037,-0.0
283,97.19800701447862,79.45217819778742,1.6099999999999999,270.78395384753935,-0.0,375.9286232033435,-0.0,778.5074999999999,45.55070005293888,-0.0
284,82.30926146140213,61.26626664637423,1.0,196.06428426595122,-0.0,298.9286232033435,-0.0,672.5324999999999,36.25857895287406,-0.0
285,70.25051590832564,48.34678579515614,0.5900000000000001,141.37038491171106,-0.0,241.0286232033435,-0.0,577.4825,28.46524764470393,-0.0
286,58.84061159805522,35.73826205548273,0.27,92.2191324042594,-0.0,190.5286232033435,-0.0,487.6825,21.693861787528718,-0.0
287,49.365894333648455,26.54236043831336,0.07000000000000006,56.258986288900246,-0.0,157.4286232033435,-0.0,410.6325,17.376094087318002,-0.0
288,41.66367250899018,21.284554532298465,-0.0,40.729512503030094,-0.0,139.3286232033435,-0.0,346.3075,15.68266817546468,-0.0
289,34.85202094242587,17.691275037633147,0.010000000000000009,31.991145109252443,-0.0,128.5286232033435,-0.0,286.2575,15.157522255800199,-0.0
290,28.753631240070657,14.498474098740168,0.06000000000000005,29.034990499659784,-0.0,118.5286232033435,-0.0,228.85750000000002,15.064096343946876,-0.0
291,22.1804285835791,12.053768871001658,0.13000000000000012,29.069942282159616,-0.0,103.1286232033435,-0.0,170.5075,14.6560558987108,-0.0
292,15.721646548490579,9.080967932108678,0.20000000000000018,28.783115343077952,-0.0,81.4286232033435,-0.0,114.33250000000001,14.177291822081825,-0.0
293,7.867285134805095,5.046262704370164,0.2400000000000002,17.013165023436784,-0.0,43.728623203343524,-0.0,53.582499999999996,12.359524121871111,-0.0
294,-0.0,-0.0,-0.0,-0.0,-0.0,-0.0,-0.0,-0.0,9.958684813430358,-0.0
295,0.19877489987685593,-0.0,0.2644557996934083,-0.0,-0.0,-0.0,-0.0,-0.0,10.802773489490633,-0.0
296,15.557482156758468,-0.0,-0.0,-0.0,-0.0,-0.0,-0.0,-0.0,14.811935316848036,-0.0
297,41.37404659482904,-0.0,0.7999999999999998,-0.0,-0.0,-0.0,-0.0,-0.0,21.816107692901845,-0.0
298,70.83579288224098,-0.0,1.5999999999999996,140.0177762339164,-0.0,-0.0,-0.0,52.152500000000146,30.729198840534306,-0.0
299,100.29753916965292,-0.0,2.3999999999999995,363.20045243917957,-0.0,200.0157617746853,-0.0,252.15250000000015,39.526965274457226,-0.0
300,129.75928545706486,0.07276157871203282,2.0741773122125693,586.3831286444428,-0.0,407.7373017098133,-0.0,452.15250000000015,47.022721014082215,-0.0
301,159.22103174447682,69.52628410036463,2.0741773122125693,804.0911096138111,-0.0,597.6910044209897,-0.0,652.1525000000001,53.618799441276444,1.7679378623544721
302,185.145607188733,138.97980662201724,2.874177312212569,988.7303330360194,-0.0,741.0024770393262,-0.0,848.7350000000001,58.581697937816884,25.133451777821875
303,200.21900576229058,185.24177304602082,3.068019928461932,1106.261453607111,-0.0,824.5718403726244,0.5009299199064543,969.3325000000001,60.035614707283386,42.49634276207087
304,200.86590073104324,198.80005547873697,3.3104726622381198,1116.0910792665923,-0.0,819.5994165750216,12.146708869074963,982.2500000000001,56.32998895886611,51.2397358071023
305,187.5506731320995,180.85695382126704,3.04,1023.0725716619079,-0.0,739.3421701683345,9.933202357563857,895.3375000000001,48.34321358279306,50.83208434724928
306,169.05224694773224,154.88776191915426,2.46,901.8082216849447,-0.0,634.2421701683345,3.0787819253438116,786.0125,39.05109248272825,43.501517055200004
307,150.74710086858013,129.03475150510658,1.9,788.0674716223119,-0.0,536.0421701683346,-0.0,676.7625,30.057761174558117,35.04805674985127
308,133.8379265007583,107.00792257912403,1.38,686.4760917013577,-0.0,451.44217016833454,-0.0,574.7125000000001,22.213160744944357,26.425791469292268
309,119.48645285955462,88.89584940813339,0.5800000000000001,607.9202862120336,-0.0,382.8421701683345,-0.0,484.11250000000007,16.483174848713354,18.03962685923003
310,106.41882958166002,74.23924982579317,0.26,540.4387104953614,-0.0,324.04217016833456,-0.0,402.11250000000007,11.582465321089453,10.740380527282387
311,95.81236506095935,62.09407597652615,0.08000000000000007,489.07492199450417,-0.0,279.1421701683346,-0.0,330.08750000000003,7.3110321620726495,4.483775726774205
312,88.12071349439503,53.65866284937296,-0.0,452.29824837997296,-0.0,248.4421701683346,-0.0,269.2875,4.715209912856864,1.236982217680076
313,81.87175353394588,47.209919700301036,0.010000000000000009,423.0909024359527,-0.0,223.1421701683346,-0.0,216.58750000000003,2.3584385890644075,-0.0
314,75.78336383159068,40.72451650739167,0.06000000000000005,399.60043311137304,-0.0,198.34217016833458,-0.0,171.41250000000002,1.5811604139914408,-0.0
315,69.67169402402034,33.2029318264172,-0.0,370.5654957472558,-0.0,172.24217016833458,-0.0,130.2125,-0.0,-0.0
316,62.182127323465195,23.691117801800385,0.08000000000000007,337.99897545727504,-0.0,146.84217016833458,-0.0,90.1625,0.3748540803355187,-0.0
317,53.34928051769492,12.292883011232298,-0.0,294.20087224143083,-0.0,118.24217016833458,-0.0,43.1625,1.593551760819297,-0.0
318,44.114080248899,-0.0,-0.0,244.30721751717624,-0.0,92.81354696499109,-0.0,-0.0,3.5322175254407284,-0.0
319,44.763327333500776,-0.0,0.19463975472662376,266.2827889302912,-0.0,143.58383649143408,-0.0,-0.0,7.854140065392057,-0.0
320,58.251247573713165,-0.0,0.9503704649974463,393.86761388819514,-0.0,266.12445581358725,-0.0,-0.0,14.139559856941721,-0.0
321,81.47623851181953,-0.0,1.750370464997446,596.5063840694947,-0.0,442.5356868163208,-0.0,-0.0,20.541583502999092,-0.0
322,110.93798479923147,16.300855670831623,1.750370464997446,819.6890602747579,-0.0,650.2572267514488,-0.0,108.76249999999982,28.904568177900813,-0.0
323,140.3997310866434,85.75437819248422,2.550370464997446,1042.8717364800211,-0.0,857.9787666865768,-0.0,308.7624999999998,38.19668927796563,-0.0
324,169.86147737405537,155.20790071413683,2.550370464997446,1266.0544126852842,-0.0,1065.7003066217048,-0.0,508.7624999999998,47.47386564591865,-0.0
325,199.32322366146732,224.6614232357894,2.5114869698518145,1489.2370888905473,-0.0,1273.4218465568329,-0.0,708.7624999999998,56.58663797580813,-0.0
326,222.42463076250658,288.8380796706834,3.3114869698518143,1674.3049555778578,-0.0,1457.804293279154,-0.0,906.3374999999999,63.12907618719552,-0.0
327,235.69397029929556,329.8764066727051,2.829565661727133,1785.4614096421053,-0.0,1577.401877123124,-0.0,1031.7224999999999,66.8616630823107,-0.0
328,233.98222539214774,337.0809806333294,3.327779764946346,1782.7912803012148,-0.0,1602.7148799736128,13.07838899803535,1056.495,66.76298630782708,-0.0
329,215.53799109688964,309.247455684807,2.527779764946346,1663.35602646062,-0.0,1527.5575932976587,13.308644400785845,984.5825,62.39129358717658,-0.0
330,191.32829670929237,272.1314340006774,2.087779764946346,1502.7212258609336,-0.0,1415.3575932976587,7.493713163064832,888.7325,54.91990773000137,-0.0
331,166.78919082079508,233.1439766492308,1.6077797649463461,1354.2744507439477,-0.0,1299.9575932976586,3.1147347740667968,790.3575,47.55580548859675,-0.0
332,142.6450940528008,196.06317934162166,1.1477797649463461,1197.811709603896,-0.0,1190.4575932976586,-0.0,693.8824999999999,40.2282632315698,-0.0
333,120.82311863282771,162.59332921131337,0.7477797649463462,1061.4409254885004,-0.0,1096.9575932976586,-0.0,606.1075,35.2860591393185,-0.0
334,100.70114321285465,131.8189526696555,0.46777976494634615,938.7195714785942,-0.0,1018.6575932976587,-0.0,524.5074999999999,31.577971392240833,-0.0
335,82.46647618676641,105.9831404606806,0.2877797649463462,845.5524897125074,-0.0,962.6575932976587,-0.0,454.85749999999996,29.91133090794896,-0.0
336,75.95846243521302,85.88088761726677,0.23777976494634617,786.5316971787071,-0.0,925.9575932976587,-0.0,393.5825,29.000799521667233,-0.0
337,61.56764577243386,71.1186248396091,0.2677797649463462,758.2078237355148,-0.0,898.5575932976587,-0.0,338.1825,29.17565360200275,-0.0
338,47.9906794729638,58.098734972325474,0.34777976494634627,720.8888523944636,-0.0,873.0575932976587,-0.0,281.5825,29.087114968557543,-0.0
339,44.94237649093916,46.669313726570365,0.41777976494634633,703.4005533829014,-0.0,847.0575932976587,-0.0,222.1325,28.803463613520453,-0.0
340,32.27851237132357,35.01250466907547,0.45777976494634637,682.8607139166432,-0.0,816.3575932976588,-0.0,157.3325,27.89053588987626,-0.0
341,17.05696576609584,19.687360622539934,0.31777976494634647,641.3990957288036,-0.0,761.4575932976588,-0.0,78.43250000000002,24.145935460262503,-0.0
342,-0.0,-0.0,0.0029560551865099316,571.1895892279388,-0.0,683.9146786272772,-0.0,-0.0,17.613423445852185,-0.0
343,-0.0,-0.0,-0.0,573.8891066700235,-0.0,677.3849278844531,-0.0,-0.0,13.94641752764512,-0.0
344,5.768368047043651,-0.0,-0.0,667.7023257788443,-0.0,747.7254666680719,-0.0,-0.0,12.952972607540957,-0.0
345,22.222878331963454,-0.0,0.3754113438937168,832.1584329406795,-0.0,870.4794512641186,-0.0,124.53500000000008,14.415276900610776,-0.0
346,44.17715320937256,26.627770731276286,1.1754113438937166,1035.3015523467711,-0.0,1024.5329123596919,-0.0,324.5350000000001,16.66674044152768,-0.0
347,68.36292034738231,96.08129325292889,1.9754113438937164,1252.582763351435,-0.0,1195.686051301128,-0.0,524.5350000000001,19.31625624364194,-0.0
348,90.94073458493507,165.5348157745815,2.7754113438937162,1460.1054821136013,-0.0,1368.9105267699533,15.357667860146442,724.5350000000001,22.011848875009427,-0.0
349,108.70938579704752,227.6023594724073,3.575411343893716,1632.6133762083314,-0.0,1520.6352438543818,47.3683479986888,924.5350000000001,31.303969975074242,11.243524455625202
350,119.24247681287265,272.14287050595493,4.219716402657129,1750.3352892825365,-0.0,1623.1033588403977,69.41074580828182,1100.8100000000002,31.161513071166773,30.444990545720934
351,121.92048875624887,295.5594856402195,4.603211548288197,1785.4614096421053,-0.0,1661.7723194810242,81.17261487780343,1199.2350000000001,31.161513071166773,43.76173082996458
352,112.56779088078981,292.4765765138447,4.557547266223812,1733.720809796503,-0.0,1614.6281564633603,78.56626675290957,1195.4975000000002,31.161513071166773,48.06978428155564
353,101.74245436918422,263.20530141362406,4.129310168625447,1591.1294527631667,-0.0,1477.856578320368,60.640864440078566,1092.1525000000001,28.162952443979563,44.49308910839782
354,86.77320703733832,226.62494292481196,3.389310168625447,1424.1320477878594,-0.0,1311.056578320368,35.8878192534381,963.9025,22.650213927701742,34.15107530969881
355,72.84321152203783,191.74647879060154,2.619310168625447,1268.297808664279,-0.0,1154.856578320368,16.797249508840864,840.8025,16.71477607868365,23.09761500435007
356,61.1830380813767,161.2922918556107,1.9793101686254468,1132.2218332902848,-0.0,1021.9565783203681,5.016306483300596,728.9525,7.422654978618832,13.447425129472691
357,52.066086015315605,136.72524352022964,1.4993101686254469,1017.8121046774096,-0.0,911.5565783203681,0.7147347740667982,629.6025,-0.0,6.856228938391524
358,45.32726749821505,113.75819518484857,1.119310168625447,918.6419420019308,-0.0,814.756578320368,-0.0,537.4275,1.970014103768996,1.9240264311065722
359,41.25941157194177,94.9068597160041,0.8893101686254471,844.6291324796636,-0.0,738.256578320368,-0.0,458.9275,-0.0,-0.0
360,29.515406008977568,80.91861499119219,0.769310168625447,791.5696846048413,-0.0,683.756578320368,-0.0,390.77750000000003,-0.0,-0.0
361,19.20890500626487,69.97560457714452,0.749310168625447,756.6893686048121,-0.0,641.0565783203681,-0.0,332.1775,1.7324295354350614,-0.0
362,20.325291776033986,60.31187632943835,0.759310168625447,728.9357334285054,-0.0,602.856578320368,-0.0,274.1025,1.7324295354350614,-0.0
363,21.60091212134249,50.80171738153707,0.749310168625447,704.3652216327582,-0.0,565.156578320368,-0.0,216.32750000000001,1.7324295354350614,-0.0
364,11.873840860535834,41.10965414479026,0.7193101686254469,674.068939609663,-0.0,525.756578320368,-0.0,154.45250000000001,-0.0,-0.0
365,8.02348949451406,24.881170142092177,0.47931016862544695,612.8192959391228,-0.0,461.85657832036804,-0.0,79.9025,-0.0,-0.0
366,-0.0,1.9588144866741608,0.07448645886561056,522.1029518969121,-0.0,373.7279551170245,-0.0,-0.0,-0.0,-0.0
367,-0.0,-0.0,-0.0,507.08046887504753,-0.0,359.169621440124,-0.0,-0.0,-0.0,-0.0
368,3.254269145552456,2.11437929911299,-0.0,574.7299542751342,-0.0,425.38153702039926,-0.0,-0.0,-0.0,-0.0
369,17.22863692037518,50.07714577446312,0.7679509453244759,716.9861820643263,-0.0,558.9925264075297,-0.0,104.47499999999968,2.9717775354897817,-0.0
370,46.69038320778712,114.3377560070907,1.5679509453244758,903.321896072065,-0.0,728.1458264260343,-0.0,304.4749999999997,7.636009873442024,-0.0
371,76.15212949519906,183.7912785287433,2.3679509453244756,1105.3017428698029,-0.0,904.6703421641267,-0.0,504.4749999999997,12.07917830386529,-0.0
372,100.0944130903136,253.2448010503959,3.1679509453244754,1316.2140865650506,-0.0,1076.9234005670282,-0.0,704.4749999999997,15.710352922768305,-0.0
373,129.55615937772555,319.76189713992216,3.0431757792539607,1497.9362299803806,-0.0,1224.1053237888764,-0.0,904.4749999999997,17.443087787716415,-0.0
374,144.18036229513663,371.2378154910895,3.812416964741952,1630.8528918321763,-0.0,1329.287810780465,6.084380677658416,1074.6599999999996,25.43917008473691,4.28105402078921
375,148.6869365107065,398.9881971412453,4.2812008175779255,1686.206029373934,-0.0,1370.1140178277785,21.784444085722328,1169.8524999999997,22.915290017139036,19.28138364069351
376,151.16314086835894,397.634742806487,4.304591211037303,1654.3484322815343,-0.0,1329.269935348649,25.054025117203572,1168.2849999999999,18.0964348954724,27.583689296982037
377,139.95564524226597,366.04922503210184,3.802235564639755,1529.1310701470372,-0.0,1205.2555230738092,15.351669941060905,1069.7675,9.292121100064815,28.31648586294488
378,125.66447272876553,329.075785733501,3.122235564639755,1390.9808650003908,-0.0,1071.3555230738093,5.20471512770137,960.6675,-0.0,24.71032086411883
379,112.94139327461657,294.1582886450791,2.512235564639755,1264.1800299954232,-0.0,950.7555230738093,0.06738703339881624,853.9675,0.05046499013653438,19.574721991050623
380,91.48850998683427,263.7674516004946,1.9722355646397547,1154.9196715242265,-0.0,847.0555230738094,-0.0,754.0925,2.132602686242633,14.057236420886753
381,80.42792597243381,233.97875812264186,1.4822355646397547,1049.6295513199152,-0.0,750.1555230738094,-0.0,658.9675,-0.0,7.772581090748286
382,69.39559470173945,204.74793101230122,1.0822355646397548,953.6998651782075,-0.0,663.5555230738094,-0.0,571.6675,-0.0,2.7338377225206294
383,55.85028212215674,176.97925740293613,0.7922355646397548,872.2434982127772,-0.0,595.1555230738094,-0.0,493.7425,-0.0,-0.0
384,48.59889520128364,151.9936844718474,0.6622355646397549,808.300016361021,-0.0,543.2555230738094,-0.0,425.5425,-0.0,-0.0
385,42.60269532627419,129.71239867422207,0.6122355646397548,752.6694196229387,-0.0,500.4555230738094,-0.0,361.4175,-0.0,-0.0
386,36.43417793687687,107.66111287659675,0.6022355646397548,700.6121420611339,-0.0,457.2555230738094,-0.0,296.9925,7.68458133531016,-0.0
387,29.635268214746247,85.29244920147546,0.6022355646397548,641.6143879655581,-0.0,404.55552307380935,1.0035558462547272,232.2425,6.566766333257851,-0.0
388,22.373666886500473,62.14997694866312,0.5622355646397548,572.9592807167708,-0.0,344.2555230738094,1.0035558462547272,163.2675,4.785558617424819,-0.0
389,12.281102967427424,34.141552551428006,0.3522355646397548,481.24282880900546,-0.0,262.7555230738094,2.322612820714461,81.19250000000001,5.532944959316447,-0.0
390,-0.0,2.2719174897751273,-0.0,371.4577347094639,-0.0,193.2932587329167,-0.0,-0.0,-0.0,-0.0
391,1.0855644907630726,-0.0,0.07174757281553396,351.09899515250635,-0.0,193.438628869804,-0.0,-0.0,-0.0,-0.0
392,5.554742996020888,-0.0,0.5859478794072557,432.83901571240654,-0.0,267.92212259307166,-0.0,43.477499999999964,1.0895006066950437,-0.0
393,31.346139660741816,23.033333773925705,1.3700102197240682,589.9572702640395,-0.0,409.10469012319453,-0.0,234.95499999999993,4.060811869838043,-0.0
394,60.80788594815376,92.4868562955783,1.3700102197240682,789.1241102118186,-0.0,590.9438194824626,12.211779737647035,434.9549999999999,8.212456192799406,-0.0
395,85.0417200998213,161.9403788172309,1.0450051098620339,1007.6690646813894,-0.0,787.8112096216696,47.996913101843944,634.9549999999999,12.201797905852088,-0.0
396,107.15410555398992,231.3939013388835,1.8450051098620337,1213.1312422546825,-0.0,966.2357253597621,83.78204646604085,834.9549999999999,14.652649569511409,-0.0
397,136.18336977349574,297.4275964131368,2.6450051098620335,1393.751000365171,-0.0,1137.9983391803664,112.314111162742,1034.955,15.226926300928504,-0.0
398,148.60152854892672,347.9931211679669,3.4450051098620333,1517.8859165444203,-0.0,1233.238072578642,131.3969424129886,1209.745,21.68229929385162,16.731396354377303
399,161.82278909833929,377.71048709928124,3.998612672457843,1579.7405460406471,-0.0,1264.2072345656043,138.77095415695555,1308.1975,18.223730343063032,34.60657177368897
400,152.6042140992906,377.80993466504935,4.149414920797137,1550.6184192592373,-0.0,1216.4632326250091,133.89546793854555,1304.3925,18.7299844494431,45.48204289303614
401,138.8798177684753,344.0192857734845,3.722235564639754,1413.4723299906289,-0.0,1110.4151792126202,117.07966475232789,1201.245,15.57356174188851,47.416235936140126
402,109.77762794112957,301.6996749210624,2.9622355646397542,1241.7878101289955,-0.0,972.5815380750709,94.47003803327092,1071.695,9.375485060835038,42.11007093731407
403,91.73834412727165,261.63362343420135,2.2022355646397545,1074.1179965737851,-0.0,838.4478969375216,74.4869339075342,944.87,4.5285828975420035,33.66139034236046
404,71.45397006581562,225.8051791684786,1.5422355646397545,927.9886595523459,-0.0,718.8142557999723,56.8189574831727,823.02,1.3914079892236053,24.576735012222002
405,59.86951744710006,196.98482067966646,1.0522355646397545,813.747348013607,-0.0,618.6806146624231,44.37927182501946,713.045,0.20301126130318004,16.961010592605703
406,49.73602741921177,172.14993577950474,0.6922355646397544,715.4891598554278,-0.0,529.5469735248739,35.13388872089372,611.62,-0.0,9.824028374925629
407,42.93273355769014,151.21266803472517,0.5022355646397545,639.814095077808,-0.0,458.71333238732467,29.669645105962488,522.495,-0.0,4.578870081067176
408,38.52886943807455,133.96492173417326,0.44223556463975444,577.9350387944218,-0.0,403.3796912497755,28.748819958614753,444.295,2.0067632955130517,0.9337117872087255
409,35.707696924574115,119.35907972246687,0.43223556463975443,526.8559825110354,-0.0,356.74605011222627,29.546855322072517,372.495,4.969635689036247,-0.0
410,32.716132078340365,105.47347698864667,0.4822355646397545,509.2855840925969,-0.0,313.71240897467703,31.62033272875228,305.395,5.562341548452968,-0.0
411,29.26686650548846,92.13430495502156,0.5422355646397545,464.7758554797216,-0.0,269.37876783712784,33.58811268945955,238.295,1.0788794007822529,-0.0
412,24.847208599903237,76.57394646620943,0.5622355646397545,442.900554959142,-0.0,216.44512669957862,32.97848597040258,169.01999999999998,3.9051918099277665,1.1854372070684156
413,15.968495044139269,52.760267889722414,0.3722355646397546,386.8541055753024,-0.0,132.01148556202943,23.027208956650128,84.395,3.4047187915118315,2.285939004496972
414,2.4148783959573343,22.024441405760598,-0.0,266.91964133408237,-0.0,23.50634682002221,4.611425270911177,-0.0,-0.0,-0.0
415,-0.0,17.918066173165496,0.021042411854879872,207.9618183847577,-0.0,-0.0,-0.0,-0.0,-0.0,-0.0
416,1.8072150237628897,44.9912013078033,0.021042411854879872,243.11883582181252,-0.0,45.42612650877916,-0.0,-0.0,-0.0,-0.0
417,15.329235602847358,94.82084057082172,-0.0,352.96503354979745,-0.0,159.15136709368065,-0.0,163.98750000000007,-0.0,7.689538001317871
418,43.92772261646992,158.78683912375863,0.7999999999999998,518.3713349446901,-0.0,314.704586573651,-0.0,363.98750000000007,0.9437136527995413,24.993571956811167
419,73.38946890388186,228.2403616454112,1.5999999999999996,708.4348827361675,-0.0,509.6524659652783,4.4037738096397305,563.9875000000001,3.188438629881885,42.3630955942706
420,102.8512151912938,297.6938841670638,2.3999999999999995,897.9516813039061,-0.0,680.8768206263021,34.43684510050672,763.9875000000001,12.4805597299467,59.10946491977951
421,132.31296147870574,363.92359012002566,2.7824169647419517,1097.9212622974771,-0.0,854.9535245676087,62.39703169220551,963.9875000000001,13.48457910231768,72.68532611483263
422,155.62198907102567,413.9526698996737,3.5824169647419515,1247.360619718268,-0.0,989.5307520093885,85.29997360400003,1139.3675,21.50633534985461,82.2031931829002
423,168.3611965340359,440.86181831051897,4.098260091977516,1318.7834305456713,-0.0,1060.9088251057788,98.27145559635682,1238.7075,19.93965230692633,85.58992244645925
424,167.6404423616655,437.5416226227448,4.1342386305569745,1293.0153466460224,-0.0,1047.9737745438788,97.80291697466171,1231.2675,21.80843138758186,82.30742622055995
425,151.9073626545704,401.8581321992774,3.7122355646397547,1170.1840770611457,-0.0,944.2828064611083,83.79646365422397,1126.3374999999999,19.510594744682123,71.98478709690752
426,129.98513634521262,354.5852111934242,2.9822355646397547,1002.2827939573805,-0.0,798.1894827220868,63.75108055009822,995.6624999999999,14.266136220593145,56.76101253642476
427,108.22426495941542,307.17966806506695,2.2422355646397545,833.3121831831043,-0.0,661.6558415845376,43.21709233791748,869.9875,8.941179508295036,40.53396754547064
428,88.59109430023639,264.5169764028561,1.6122355646397546,685.6771468404581,-0.0,538.8222004469884,26.55481335952848,754.1374999999999,4.645499164604029,25.454469731663004
429,72.51177400436644,226.3430883512144,1.1422355646397546,563.677684929442,-0.0,434.3885593094392,13.367976424361487,648.6624999999999,1.7352042875302693,14.081512778798071
430,58.556107905438914,193.03443461033694,0.7622355646397547,458.9484612853113,-0.0,344.45491817189,3.3999999999999986,552.5875,0.0834621476707138,5.726543193525565
431,47.04890895759016,164.33887161349205,0.5522355646397548,379.28548440229963,-0.0,275.02127703434076,-0.0,470.4875,-0.0,1.050189874877379
432,38.21768172107168,139.68972938259841,0.4622355646397547,319.719426609896,-0.0,225.88763589679152,-0.0,398.1625,-0.0,-0.0
433,31.992426195883475,118.68105577323331,0.4722355646397547,260.28137881179197,-0.0,191.15399475924232,-0.0,331.5625,-0.0,-0.0
434,26.654871397313435,100.72523363001459,0.4822355646397547,222.57757627474086,-0.0,164.9203536216931,-0.0,267.2125,-0.0,-0.0
435,22.105017325361555,83.34488507544629,0.5322355646397547,191.41333967508626,-0.0,142.88671248414386,-0.0,207.0125,-0.0,-0.0
436,17.980938798373295,65.49239295414628,0.5322355646397547,157.42732435385017,-0.0,119.15307134659463,-0.0,145.36249999999998,-0.0,1.0183125682068774
437,10.754935089730491,41.727049366699895,0.3522355646397548,93.65727505568006,-0.0,70.71943020904538,-0.0,73.56249999999999,-0.0,2.318814365635433
438,-0.0,12.274074348884461,-0.0,-0.0,-0.0,-0.0,-0.0,-0.0,-0.0,-0.0
439,-0.0,7.121442603033046,-0.0,-0.0,-0.0,-0.0,-0.0,-0.0,-0.0,-0.0
440,2.49689693950776,29.54588957975473,-0.0,69.91232538880564,-0.0,-0.0,-0.0,-0.0,1.1947558543807375,-0.0
441,26.164460948551383,76.83112385915777,0.7999999999999998,215.785668785808,-0.0,-0.0,-0.0,-0.0,4.801885443826986,-0.0
442,55.62620723596333,138.8461994440246,0.8756591722023517,399.76061986230593,-0.0,127.10544047387333,-0.0,168.38499999999965,9.880602534345133,-0.0
443,78.34106625321772,207.3663030251608,1.6756591722023515,600.6005718540101,-0.0,319.801252470088,-0.0,368.38499999999965,14.994880239225832,-0.0
444,101.20882711492897,276.8198255468134,2.4756591722023513,799.2528411023811,-0.0,509.1541900651882,-0.0,568.3849999999996,19.83573296156888,-0.0
445,130.67057340234092,339.1724330187212,2.1221844660194176,967.3646297024238,-0.0,679.8359522099677,-0.0,768.3849999999996,23.48496327338082,-0.0
446,143.7536074066678,385.5402589274103,2.9221844660194174,1086.226354452939,-0.0,803.9897354596783,-0.0,943.8799999999997,25.790595742717514,9.274612313419329
447,147.1040937269321,408.96172276710155,3.5472023505365353,1155.516037534161,-0.0,859.8158216991903,16.64838895918976,1047.4349999999997,25.52813102204309,22.868243406825513
448,147.37643938321355,402.71592734061926,3.6768267756770565,1096.8787575863205,-0.0,827.9716586815265,25.45577949386977,1049.4449999999997,21.45665494624009,28.772004052237776
449,132.48950931280936,362.98404878732623,3.3,933.8107851058478,-0.0,709.585789071496,20.783693516699408,952.9974999999998,13.756923415458337,26.81170615254975
450,103.02776302539742,314.547568415912,2.5,741.078154819179,-0.0,563.8857890714961,10.185854616895874,832.3474999999999,11.248930272063852,20.225289671863706
451,83.12498469895169,267.59083883236775,1.7999999999999998,558.5562393331666,-0.0,427.98578907149613,2.139096267190567,715.2974999999999,2.5186664352009913,13.584785153088475
452,66.67338337070592,226.97981218111624,1.23,398.3450386478107,-0.0,313.78578907149614,-0.0,609.3474999999999,3.21302232732738,8.136104558134868
453,54.141033859005546,190.58282345119815,0.8,291.83542341224415,-0.0,220.08578907149615,-0.0,513.7974999999999,3.21302232732738,3.8235246336780193
454,36.716709627471154,157.79201620934518,0.3900000000000001,202.58806343203008,-0.0,140.38578907149613,-0.0,423.0474999999999,-0.0,0.40603906351414665
455,29.444770689510104,131.549534022289,0.15000000000000013,111.85564550119878,-0.0,83.88578907149613,-0.0,346.4224999999999,-0.0,-0.0
456,24.860140145433903,110.50347260118413,0.040000000000000036,51.47749981418701,-0.0,51.48578907149612,-0.0,284.6724999999999,-0.0,-0.0
457,20.78973405639408,92.59859763526626,-0.0,40.735603412219945,-0.0,34.78578907149613,-0.0,228.94749999999993,-0.0,-0.0
458,17.2016272407361,74.95777052492562,0.010000000000000009,40.735603412219945,-0.0,26.385789071496127,-0.0,179.04749999999996,-0.0,-0.0
459,13.59678228928723,57.015517681511795,-0.0,14.969083122239226,-0.0,22.18578907149614,-0.0,131.72249999999997,-0.0,-0.0
460,9.554432777586852,39.575886960602006,0.019647419519673,14.969083122239226,-0.0,20.18578907149614,-0.0,84.79749999999999,-0.0,-0.0
461,5.1647748720016295,20.266974073350724,0.019647419519673,11.853867543994681,-0.0,10.885789071496156,-0.0,34.772499999999994,-0.0,-0.0
462,-0.0,-0.0,-0.0,-0.0,-0.0,-0.0,-0.0,-0.0,-0.0,-0.0
463,-0.0,-0.0,0.3928053142565151,-0.0,-0.0,-0.0,-0.0,-0.0,-0.0,-0.0
464,9.010569377456203,-0.0,-0.0,-0.0,-0.0,-0.0,-0.0,-0.0,-0.0,-0.0
465,28.110006729713145,-0.0,0.165751149718959,-0.0,-0.0,-0.0,-0.0,-0.0,-0.0,-0.0
466,55.05946946678821,-0.0,0.033454266734799454,-0.0,-0.0,-0.0,-0.0,-0.0,-0.0,-0.0
467,84.52121575420016,-0.0,0.04903423607562707,-0.0,-0.0,-0.0,-0.0,62.79499999999996,-0.0,-0.0
468,113.9829620416121,-0.0,0.08273122125702681,-0.0,-0.0,-0.0,-0.0,262.79499999999996,-0.0,-0.0
469,142.86847518795466,50.96248819866436,0.8827312212570266,209.20389623696406,-0.0,-0.0,-0.0,462.79499999999996,-0.0,-0.0
470,166.9021706554056,120.41601072031696,1.6827312212570265,426.55887216898486,-0.0,147.7467805200297,-0.0,662.795,-0.0,-0.0
471,181.56130910571707,169.41086716735896,2.4827312212570263,581.195588180424,-0.0,293.3300728969615,-0.0,800.3125,6.319725493288613,-0.0
472,182.41152639561005,187.03439624258215,2.88200306591722,633.759079058898,-0.0,355.94303547818316,-0.0,836.8925,10.763319948200229,-0.0
473,168.36119772005333,171.27326792406777,2.6799999999999997,572.9297330205711,-0.0,322.7,-0.0,773.7925,10.21586043782299,-0.0
474,149.0860333998952,144.7319324552233,2.13,474.3472467075244,-0.0,252.6,-0.0,684.2175,6.693016251837786,-0.0
475,130.52242016966431,118.7748741855984,1.55,377.4092284340152,-0.0,181.4,-0.0,592.3924999999999,3.0872302384393926,-0.0
476,113.75458248439705,96.66471523769712,1.07,290.5543335410655,-0.0,122.10000000000002,-0.0,508.4675,0.847280578025785,-0.0
477,98.78770738995705,78.22383845613734,0.6700000000000002,214.67366842076783,-0.0,76.00000000000003,-0.0,434.5175,-0.0,-0.0
478,84.01256131080494,62.190578829959684,0.33000000000000007,146.1147820220516,-0.0,35.80000000000001,-0.0,362.8675,-0.0,-0.0
479,71.1683778224801,48.72279279243245,0.13000000000000012,99.1825764470579,-0.0,9.799999999999983,-0.0,299.4425,-0.0,-0.0
480,61.00881112192495,39.00452819913288,0.020000000000000018,68.12950274685721,-0.0,-0.0,-0.0,246.91750000000002,-0.0,-0.0
481,51.92559022442738,31.094598594873933,-0.0,50.96354393298253,-0.0,-0.0,-0.0,198.9675,-0.0,-0.0
482,43.976023523872236,24.18919540196457,-0.0,37.254027675944855,-0.0,-0.0,-0.0,156.2425,-0.0,-0.0
483,36.682036201914045,17.68593577578691,-0.0,30.12273269732566,-0.0,-0.0,-0.0,114.04250000000002,-0.0,-0.0
484,29.523628258552822,12.274341160568603,0.08000000000000007,20.078552605032485,-0.0,-0.0,-0.0,72.96750000000002,-0.0,-0.0
485,21.920603527421907,6.502985823236472,0.14000000000000012,9.069036347994796,-0.0,-0.0,-0.0,28.867500000000007,-0.0,-0.0
486,13.950340481853386,-0.0,-0.0,-0.0,-0.0,-0.0,-0.0,-0.0,-0.0,-0.0
487,18.221041246787344,-0.0,-0.0,-0.0,-0.0,-0.0,-0.0,-0.0,-0.0,-0.0
488,35.32533414955331,-0.0,-0.0,-0.0,-0.0,-0.0,-0.0,-0.0,-0.0,-0.0
489,64.09052260120288,-0.0,0.7999999999999998,-0.0,-0.0,-0.0,-0.0,-0.0,-0.0,-0.0
490,93.55226888861482,-0.0,0.8354675523760855,-0.0,-0.0,-0.0,-0.0,-0.0,-0.0,-0.0
491,123.01401517602676,-0.0,1.6354675523760853,-0.0,-0.0,-0.0,-0.0,90.45499999999993,-0.0,-0.0
492,152.47576146343872,-0.0,1.758106796116504,217.69265800113206,-0.0,-0.0,-0.0,290.4549999999999,-0.0,-0.0
493,181.93750775085067,23.462182376183463,2.558106796116504,440.8753342063952,-0.0,186.29722966617794,-0.0,490.4549999999999,-0.0,-0.0
494,210.17263420816874,92.91570489783606,2.475817577925395,664.0580104116584,-0.0,394.01876960130596,-0.0,690.4549999999999,-0.0,-0.0
495,228.84294965668016,148.05595594917463,2.0308354624425125,836.1746509028947,-0.0,587.801860631902,-0.0,857.3125,6.554776798887267,-0.0
496,234.0823249891802,171.82238529058614,2.615636177823197,910.1791858025042,-0.0,687.1575768064366,-0.0,916.335,14.430333149456786,-0.0
497,224.68384778017403,162.75450405047397,2.5865738375063856,874.9898593121252,-0.0,680.1002498612153,-0.0,863.1775,17.189852241067843,-0.0
498,208.16830936828862,142.29482365834502,2.1665738375063857,800.187415470246,-0.0,627.5002498612153,-0.0,777.3525,15.762073474832928,-0.0
499,190.8852846371577,121.15537260985843,1.6465738375063856,716.3729971110673,-0.0,564.8002498612152,-0.0,686.6025,13.163571077205113,-0.0
500,174.42630643570251,101.13686873867269,1.1665738375063857,640.7288170187742,-0.0,504.7002498612153,-0.0,596.3774999999999,10.945566867786432,-0.0
501,159.87271144647764,84.48407773402353,0.7965738375063856,581.6064156480625,-0.0,455.30024986121526,-0.0,514.6025,9.310504485780939,-0.0
502,146.35506992757703,68.91176528514671,0.4865738375063855,526.9573334536283,-0.0,410.50024986121525,-0.0,436.8025,8.507162111586606,-0.0
503,134.9699238484249,57.519692114156065,0.08964741951967281,485.1686853217975,-0.0,378.8002498612152,-0.0,370.2275,9.00870701580039,-0.0
504,125.68574036010007,49.30952323201095,0.049647419519672775,461.3275861388963,-0.0,358.7002498612152,-0.0,316.2525,10.863917378820261,-0.0
505,117.8725194626025,43.797450061020314,0.10964741951967283,441.42514229701715,-0.0,343.10024986121516,-0.0,266.7025,13.297182290845203,-0.0
506,110.68295276204735,38.687520456761376,0.21964741951967293,425.0177963529969,-0.0,327.9002498612151,-0.0,219.65249999999997,16.357279932273187,-0.0
507,104.03165704620432,34.50378227481137,0.3496474195196728,406.7579993579063,-0.0,309.9002498612151,-0.0,175.5775,19.66615575409914,-0.0
508,96.65594070895824,27.91052264863371,0.4096474195196729,384.5110874764896,-0.0,283.80024986121515,-0.0,127.2525,22.67014429751698,-0.0
509,86.0038785686546,15.872028711691794,0.26964741951967297,336.76816710083943,-0.0,232.50024986121514,-0.0,62.0275,23.47413284093482,-0.0
510,73.27112008333758,-0.0,-0.0,265.29149686158013,-0.0,163.04304372379534,-0.0,-0.0,22.233795687763667,-0.0
511,71.27859311487187,-0.0,0.10762902401635155,286.2446051833068,-0.0,159.65624792062,-0.0,-0.0,24.184414196812156,-0.0
512,83.41696667812302,-0.0,0.10762902401635155,402.9366141668386,-0.0,232.52549044611666,-0.0,-0.0,29.440571423715404,-0.0
513,105.391784673702,-0.0,0.9076290240163514,590.8694581424522,-0.0,369.4795555806975,-0.0,-0.0,37.10743003260917,-0.0
514,132.83583295231415,64.7601523826584,1.7076290240163512,814.0521343477154,-0.0,547.9758508081181,-0.0,200.0,46.13995986609696,-0.0
515,162.1002024801863,134.213674904311,2.5076290240163512,1037.2348105529786,-0.0,738.6861556177067,-0.0,383.34249999999975,55.42729441379748,-0.0
516,189.047941718181,203.6671974259636,3.307629024016351,1259.5617500531082,-0.0,921.9250030921046,-0.0,583.3424999999997,63.82761844364737,-0.0
517,212.11053032960163,264.1216626388252,2.9493944813490036,1442.9379477148043,-0.0,1082.6783836491436,-0.0,783.3424999999997,70.79873108051869,-0.0
518,225.5811378793969,303.2243612441486,3.576055186509964,1567.4657914788952,-0.0,1194.246619442961,20.053477382509143,983.3424999999997,74.33696880051852,-0.0
519,231.921522060179,326.9206620753358,3.962491057741441,1601.544363259177,-0.0,1236.9299923584272,40.68597679399871,1103.0649999999998,73.80553343080844,-0.0
520,225.8173478766451,325.61318207831255,3.912355646397547,1537.1096903585462,-0.0,1196.1002013463358,44.91252419323999,1123.1374999999998,69.0229646104311,-0.0
521,208.16689493199732,297.56658972381115,3.469647419519673,1384.841365382533,-0.0,1072.2572061374199,36.410216110019654,1034.0724999999998,60.208152273919815,-0.0
522,184.45420781058166,260.903858324625,2.7696474195196727,1200.8172795835033,-0.0,915.9572061374198,20.593320235756394,914.7724999999998,50.916031173855,-0.0
523,160.37344587082055,223.66874408082094,2.0396474195196728,1019.0376618240109,-0.0,763.3572061374198,7.627504911591359,799.2224999999999,41.623910073790185,-0.0
524,138.00421677998065,188.14958198143967,1.3996474195196726,848.5936184961487,-0.0,630.0572061374198,0.24106090373280864,689.7974999999999,32.920756906962225,-0.0
525,127.79805338698323,157.63304200456244,0.9396474195196727,702.1020262193568,-0.0,522.8572061374198,-0.0,597.3974999999999,26.849276446103833,-0.0
526,108.96860988877067,129.71341128365265,0.6096474195196726,575.423319056239,-0.0,429.9572061374198,-0.0,516.3974999999999,22.41679960882718,-0.0
527,92.620895405846,105.69901487350711,0.41964741951967266,469.71085865424027,-0.0,357.9572061374198,-0.0,447.17249999999996,20.372104575530237,-0.0
528,78.44337708928799,86.77889566258115,0.3696474195196726,387.0259896723385,-0.0,305.8572061374198,-0.0,387.1475,20.020078624621117,-0.0
529,65.8541297574421,71.00591505126498,0.38964741951967263,321.2202525652297,-0.0,261.9572061374198,-0.0,331.2725,20.3973290423191,-0.0
530,57.03564117130067,56.59840802859924,0.42964741951967267,259.63230267393595,-0.0,221.45720613741983,-0.0,276.0725,20.65996492663433,-0.0
531,45.912365550785054,44.04375247207987,0.5096474195196727,208.6017059358537,-0.0,182.45720613741983,-0.0,219.27249999999998,21.181153548163763,-0.0
532,34.85622039879364,32.472895559007746,0.5296474195196728,158.4898070099609,-0.0,142.55720613741983,-0.0,156.87249999999997,21.02917489909624,-0.0
533,21.317972139787038,17.490124422846254,0.36964741951967284,87.57881868044268,-0.0,78.85720613741984,-0.0,78.14749999999998,18.091858085253065,-0.0
534,5.625997786562417,-0.0,-0.0,2.309220856341824,-0.0,-0.0,-0.0,-0.0,12.323848411975481,-0.0
535,-0.0,-0.0,0.027629024016351478,4.605772005133048,-0.0,-0.0,-0.0,-0.0,9.24920656237396,-0.0
536,10.729289235748038,-0.0,-0.0,119.99675240091997,-0.0,-0.0,-0.0,-0.0,10.66055246730172,-0.0
537,29.738409037124082,-0.0,-0.0,309.44042879891776,-0.0,-0.0,-0.0,-0.0,11.865895746950075,-0.0
538,56.182602928115784,1.517029491946147,-0.0,532.623105004181,-0.0,-0.0,-0.0,200.0,14.94239173307119,-0.0
539,85.60479510049457,70.97055201359875,0.7999999999999998,755.8057812094441,-0.0,181.6216968893914,-0.0,372.9549999999999,18.8494331240229,-0.0
540,114.85414952100442,140.42407453525135,0.5896985181400098,978.9884574147073,-0.0,389.3432368245194,-0.0,572.9549999999999,23.559126714584764,-0.0
541,140.36637030798516,209.87759705690394,1.3896985181400097,1202.1711336199705,-0.0,597.0647767596474,-0.0,772.9549999999999,27.375139898475993,14.887949181488235
542,159.88586266368821,272.5577807298029,2.1896985181400095,1390.358723701586,-0.0,776.1185197400908,-0.0,960.4425,30.27464568123571,41.30993455314788
543,169.53291154558534,312.06993732274464,2.8483801737353094,1494.7120942204551,-0.0,882.8731083751449,-0.0,1079.2825,30.41557296855286,59.46833911423659
544,165.00819969736665,319.27822340571737,3.0812979049565663,1489.00341777374,-0.0,893.1002818848704,16.79152208271673,1097.415,27.021508086749705,66.96119841085778
545,145.11909515604592,292.49222311639716,2.7600000000000002,1370.0104586540358,-0.0,801.4143720055727,16.293123772102156,1011.3375,19.71475065213807,61.59308910839781
546,119.10366170549707,254.37521451799142,2.08,1207.3682365189225,-0.0,671.7143720055726,8.463261296660114,896.1125,10.422629552073253,48.19384277645017
547,102.84612514793305,216.97462668553695,1.38,1050.7358185880912,-0.0,544.0143720055726,1.4447937131630653,780.9374999999999,8.312192769474713,34.235602760706314
548,83.81049629836316,184.71498603038333,0.7999999999999998,912.726089975216,-0.0,436.7143720055725,-0.0,674.9374999999999,8.312192769474713,21.978997960198132
549,64.25009020932335,157.8010582417663,0.41999999999999993,800.7212634644818,-0.0,354.7143720055725,-0.0,582.6374999999999,3.213879579213275,12.625663590161302
550,56.21679634780172,132.0676090089216,0.1399999999999999,704.1164369537476,-0.0,288.7143720055725,-0.0,500.2124999999999,-0.0,5.424782042977988
551,39.645035335201314,110.23487760973543,-0.0,621.9680529998503,-0.0,242.3143720055725,-0.0,430.51249999999993,-0.0,1.3812589643552116
552,35.1803865501191,91.6983376328582,-0.0,554.8978903243716,-0.0,211.51437200557248,-0.0,368.78749999999997,-0.0,-0.0
553,22.362083568094462,75.07965408924926,0.07000000000000006,495.17527659782235,-0.0,186.7143720055725,-0.0,312.2625,0.9821376961061006,-0.0
554,10.820518721860713,61.337869867363935,0.1170592743995913,446.3833352007621,-0.0,162.9143720055725,-0.0,259.8125,2.0959954000233587,-0.0
555,10.061467556381475,49.456314989120955,0.2670592743995912,404.2794192864023,-0.0,137.2143720055725,-0.0,205.38750000000002,2.941573111751776,-0.0
556,9.250313283887056,37.89522873240648,0.33705927439959127,360.87242246265055,-0.0,106.2143720055725,-0.0,145.2125,3.023758109699468,-0.0
557,6.121084193047178,20.860094620114772,0.2270592743995912,297.5178766899693,-0.0,56.314372005572494,-0.0,70.6625,0.47182676247353506,-0.0
558,-0.0,-0.0,-0.0,217.47713000260842,-0.0,-0.0,-0.0,-0.0,-0.0,-0.0
559,-0.0,-0.0,0.14315789473684204,211.3601169398919,-0.0,-0.0,-0.0,-0.0,-0.0,-0.0
560,8.61327195326393,-0.0,0.5130097087378642,282.2359370490618,-0.0,-0.0,-0.0,-0.0,2.428150064959894,-0.0
561,27.656502376903635,-0.0,0.5130097087378642,437.0212347117325,-0.0,34.951089331617254,-0.0,50.9050000000002,6.393210409788091,-0.0
562,53.182741549609986,-0.0,0.5130097087378642,640.3960512901435,-0.0,242.67262926674528,-0.0,250.9050000000002,14.427686132385508,-0.0
563,81.62092132312247,-0.0,0.5130097087378642,861.5367793801352,-0.0,450.3941692018733,-0.0,450.9050000000002,23.173364856894143,-0.0
564,109.24139855218844,69.4535225216526,1.313009708737864,1084.134292766331,-0.0,658.1157091370013,-0.0,650.9050000000002,31.371680042139104,-0.0
565,134.60891476432045,113.95159343632004,2.113009708737864,1290.3067172893568,-0.0,865.8372490721293,-0.0,850.9050000000002,39.273099895380305,-0.0
566,154.3615994381596,178.07172271567634,2.9130097087378637,1456.788255684087,-0.0,1047.2909517833057,-0.0,1035.5500000000002,45.85569663940978,-0.0
567,164.86339354594844,219.35003061237126,3.5432038834951456,1557.151309040596,-0.0,1165.9740830831688,-0.0,1132.7325,49.37019619342813,16.619925466255104
568,162.9352802080004,230.59746152462628,3.710945324476239,1562.1646296825584,-0.0,1200.5297992577034,-0.0,1149.0400000000002,49.87079711390979,27.055345480116898
569,146.2963205279793,209.3986430414571,3.357059274399591,1469.471889299593,-0.0,1139.3010149772913,-0.0,1066.2100000000003,46.34725857169175,27.919882228728124
570,124.71192263228178,179.05373827280772,2.677059274399591,1334.913352021145,-0.0,1038.3010149772913,-0.0,956.4350000000002,40.27568350715016,22.548182685163155
571,102.95734681122363,149.54287142549177,1.927059274399591,1201.0210615038163,-0.0,932.9010149772913,-0.0,848.1350000000001,33.36994479559336,15.607678166387927
572,84.01316332289879,124.4127124775905,1.297059274399591,1089.2207879749546,-0.0,836.2010149772913,-0.0,745.0600000000001,27.793482452643662,8.95572714096297
573,67.67994242540122,103.13231425180305,0.8470592743995911,990.8769570029299,-0.0,751.4010149772913,-0.0,650.71,23.49996193710715,4.143147216506122
574,63.11114214930669,84.07263385967411,0.517059274399591,901.1322154345306,-0.0,674.0010149772913,-0.0,563.26,20.51132869997876,0.5715736082530611
575,51.11599607015458,68.40938416774028,0.3270592743995911,828.6132440934794,-0.0,615.9010149772913,-0.0,489.18500000000006,19.412920906034135,-0.0
576,41.71566294513882,57.13589519792029,0.25705927439959103,776.6773961329876,-0.0,578.5010149772913,-0.0,423.76000000000005,20.180349465074293,-0.0
577,33.36014277425941,47.697879816750714,0.27705927439959105,740.8117864393814,-0.0,555.2010149772914,-0.0,364.63500000000005,21.608774400532713,-0.0
578,26.19308975445877,39.98319445749986,0.3470592743995911,710.3381937342422,-0.0,538.1010149772914,-0.0,306.48500000000007,22.35674844962359,-0.0
579,29.813541294909637,33.6856476978588,0.40705927439959116,688.7348392959884,-0.0,518.9010149772913,-0.0,248.13500000000005,22.70232616135201,-0.0
580,23.64984745375546,28.109287393404752,0.4570592743995912,664.1274933519683,-0.0,490.3010149772913,-0.0,185.71000000000004,21.61867480631492,-0.0
581,13.441065418666938,16.61340564472305,0.3170592743995913,613.041015533155,-0.0,433.9010149772913,-0.0,106.68500000000002,18.200907106104204,-0.0
582,-0.0,-0.0,-0.0,534.6110978929065,-0.0,355.64380883987144,-0.0,18.167500000000004,12.562431513374413,-0.0
583,-0.0,-0.0,0.08574603985692375,540.3010403629062,-0.0,355.3140580970473,-0.0,-0.0,10.650204380711461,-0.0
584,11.963967013823169,-0.0,-0.0,639.6632939942244,-0.0,437.2260944851241,-0.0,-0.0,13.10253682515726,-0.0
585,33.21733812973159,49.92940674214819,-0.0,788.4877039837403,-0.0,585.4087022845141,-0.0,185.7425,19.248673737571266,-0.0
586,60.94469465750898,119.38292926380079,0.7999999999999998,985.4139501456633,-0.0,780.1763743085912,-0.0,357.4024999999999,26.920144239145504,-0.0
587,90.40644094492093,188.8364517854534,0.7999999999999998,1202.2952791416974,-0.0,972.6867999259814,-0.0,557.4024999999999,35.82321877167474,-0.0
588,119.86818723233287,258.289974307106,1.5999999999999996,1418.320854434901,-0.0,1167.897064466303,-0.0,757.4024999999999,42.95193577697276,-0.0
589,149.32993351974483,327.74349682875857,2.3999999999999995,1596.6887330962406,-0.0,1319.0506061004105,16.430657886070293,957.4024999999999,48.62862634909903,-0.0
590,168.91460201434137,386.8624516030902,3.1999999999999993,1728.4195472681822,-0.0,1442.9473040205028,49.9922011517108,1140.135,51.57352015395816,3.597103839127236
591,178.70160767628724,422.59964372904625,3.821957077158916,1785.4614096421053,-0.0,1484.3736318756178,72.38075598150635,1239.12,52.21275926410637,3.597103839127236
592,178.70160767628724,428.44417600945104,3.8744711292795095,1747.930050258335,-0.0,1452.57246406687,82.74257504037132,1239.6299999999999,48.7615562862233,19.127605074752736
593,169.81478288288818,400.5570825242846,3.0744711292795097,1604.8594474733925,-0.0,1343.5865944568395,76.47210216110018,1144.87,40.473141884515925,25.14453639257515
594,143.53820891615143,359.84246670474056,2.3944711292795096,1433.8215659643142,-0.0,1192.0865944568395,57.45697445972494,1018.9949999999999,31.18102078445111,23.226798951787476
595,117.19548531272375,318.4735637517331,1.6744711292795094,1255.2658972394208,-0.0,1029.6865944568397,35.268172888015705,891.3949999999999,21.888899684386296,16.55836983869386
596,92.95352813375669,279.56752219911584,1.0744711292795093,1066.3786455886639,-0.0,874.8865944568396,16.711394891944984,774.2449999999999,12.59677858432148,9.59824273709053
597,71.44675800065328,243.39291631381565,0.6244711292795093,906.8598110120435,-0.0,738.8865944568396,5.075442043221997,670.7449999999999,4.283945464360476,4.420128267894768
598,58.583223550908144,209.29736325121456,0.2744711292795093,760.9103041059341,-0.0,623.1865944568395,-0.0,576.7449999999999,4.283945464360476,0.9371081529919785
599,49.285080253238135,179.60062373342646,0.13447112927950938,638.5568056940582,-0.0,532.2865944568396,-0.0,494.99499999999995,4.283945464360476,-0.0
600,40.77845156348333,151.60912846064645,0.09447112927950935,530.2250860037639,-0.0,461.5865944568395,-0.0,426.41999999999996,4.283945464360476,-0.0
601,32.79027178380129,123.5552602774924,0.12447112927950937,427.1694627783614,-0.0,402.0865944568395,-0.0,365.86999999999995,2.8908403671244827,-0.0
602,25.42786754908287,97.27567922780176,0.20447112927950944,342.51687496286,-0.0,345.6865944568395,-0.0,304.24499999999995,-0.0,-0.0
603,19.839135752312885,73.22180111040387,0.2944711292795095,266.75721473220017,-0.0,286.8865944568395,0.6351526678579589,240.84499999999997,5.8627777898400115,-0.0
604,15.367926756800422,51.638860236063024,0.3744711292795096,192.12514592163734,-0.0,226.28659445683948,9.129651685539692,173.89499999999998,11.174333760077994,-0.0
605,9.220194032869738,26.930196560941745,0.2544711292795095,102.28509409954151,-0.0,148.6865944568395,11.322186066679187,91.295,11.174333760077994,0.43673405155828443
606,-0.0,-0.0,-0.0,-0.0,-0.0,51.55797125349599,4.014321816253336,-0.0,6.816315176140122,-0.0
607,-0.0,-0.0,0.1286867654573326,-0.0,-0.0,-0.0,-0.0,-0.0,-0.0,-0.0
608,-0.0,-0.0,0.73017884517118,-0.0,-0.0,-0.0,-0.0,-0.0,0.9725202122973347,-0.0
609,-0.0,-0.0,1.53017884517118,-0.0,-0.0,-0.0,-0.0,82.23749999999993,-0.0,-0.0
610,24.757879867540975,-0.0,1.1958763413387845,-0.0,-0.0,160.88470592408868,-0.0,275.54999999999995,8.885721791615307,12.739999473292311
611,47.88521139141848,-0.0,1.1958763413387845,32.77408054212154,-0.0,350.623674206288,-0.0,475.54999999999995,10.313178186011738,32.80555850987277
612,77.34695767883042,-0.0,1.9958763413387843,255.9567567473847,-0.0,520.9200902415101,-0.0,675.55,11.017579502061233,56.551892142295884
613,105.61483027505795,51.213763717797804,2.795876341338784,470.5118510404185,-0.0,628.0744775302283,4.998156349296217,875.55,18.58137166677556,80.11612290008532
614,129.49826366572594,119.36525999594153,2.382881962187021,648.2749201158708,-0.0,660.1155800835875,30.927051892767864,1019.615,21.40197471917087,99.06087879589427
615,143.45565539311775,163.59748400465523,3.10096065406234,734.287803235868,-0.0,628.6575282915571,40.19542562103929,1077.365,23.100422216686688,109.47824453551488
616,143.2687568198358,176.57961155603596,3.2699999999999996,717.0027188440115,-0.0,559.185748802229,39.34734535295994,1050.5575000000001,22.217444700819087,116.18544666782344
617,128.63573472033556,157.05722377306188,2.4699999999999998,615.7016557157748,-0.0,463.6,27.910805500982306,948.565,16.806211729972734,114.48592616303574
618,109.14461692985316,127.75708469364827,1.89,486.2550929546265,-0.0,347.3,13.305108055009818,830.315,9.854611495637958,106.40290604813295
619,90.58102194062829,99.36074425768189,1.2699999999999998,365.3014577783198,-0.0,237.4,2.8053045186640517,710.515,3.3688003124463712,95.88881684375232
620,75.20263223827308,77.82439388747167,0.76,267.8189714652731,-0.0,149.50000000000003,-0.0,605.54,-0.0,84.92730639753711
621,63.060018080881505,60.76494283898508,0.42999999999999994,194.00273191334534,-0.0,85.0,-0.0,512.99,-0.0,73.46428667139813
622,51.97567490820204,45.8888218124172,0.1499999999999999,135.86961574197716,-0.0,35.19999999999999,-0.0,425.91499999999996,-0.0,60.55711613389592
623,43.27518209883165,35.45031794123145,0.020000000000000018,93.76318039433144,-0.0,7.400000000000006,-0.0,352.66499999999996,-0.0,47.4172412916802
624,37.20026866805823,29.006569825037605,-0.0,80.27145135310877,-0.0,-0.0,-0.0,289.765,-0.0,34.75283822092935
625,31.981504873975727,24.988534575380374,0.08000000000000007,71.97082870397858,-0.0,-0.0,-0.0,236.91500000000002,-0.0,23.33598232732498
626,27.076769368562946,22.386930025918243,0.08000000000000007,69.7088613958704,-0.0,4.614372005572477,-0.0,189.76500000000001,-0.0,14.142019447020072
627,21.309716348762308,19.31247401030973,-0.0,61.820213264039694,-0.0,11.614372005572477,-0.0,144.365,-0.0,7.436484124753536
628,15.369009132019245,14.763022961823129,-0.0,49.495990700579,-0.0,15.114372005572505,-0.0,96.99000000000001,-0.0,2.771829183378882
629,8.19079735502468,8.101667624490997,0.07000000000000006,26.61042347814029,-0.0,7.614372005572506,-0.0,44.865,-0.0,0.005413091456647645
630,-0.0,-0.0,0.07000000000000006,-0.0,-0.0,-0.0,-0.0,-0.0,-0.0,-0.0
631,-0.0,-0.0,0.42174757281553404,-0.0,-0.0,-0.0,-0.0,-0.0,-0.0,-0.0
632,-0.0,-0.0,-0.0,-0.0,-0.0,-0.0,-0.0,-0.0,-0.0,-0.0
633,-0.0,-0.0,0.7999999999999998,-0.0,-0.0,-0.0,-0.0,-0.0,-0.0,-0.0
634,-0.0,-0.0,0.39606796116504817,-0.0,-0.0,-0.0,-0.0,-0.0,-0.0,-0.0
635,-0.0,-0.0,0.1880097087378636,-0.0,-0.0,-0.0,-0.0,58.522500000000036,-0.0,-0.0
636,5.649315568039487,-0.0,0.9880097087378634,-0.0,-0.0,-0.0,-0.0,258.52250000000004,-0.0,-0.0
637,34.582441030342615,-0.0,1.7880097087378632,-0.0,-0.0,-0.0,-0.0,458.52250000000004,-0.0,-0.0
638,57.625085496308685,-0.0,2.588009708737863,88.24973288957469,-0.0,8.71827812448771,-0.0,658.5225,-0.0,-0.0
639,73.01003616381955,31.040667380129513,3.388009708737863,116.68363476993983,-0.0,171.70157050141952,-0.0,798.395,6.267716563463563,-0.0
640,79.22711194250967,55.90819224221183,3.803988247317321,208.3601118770989,-0.0,251.50020134633584,-0.0,818.7225,9.004895142109861,-0.0
641,72.3514912597527,52.46700431823448,3.0039882473173214,192.42915700186057,-0.0,230.5,-0.0,753.76,7.947627747475739,-0.0
642,60.56622197825799,39.6737049550815,2.5139882473173216,141.03217673822843,-0.0,171.9,-0.0,667.66,4.827227200694594,-0.0
643,48.008653423381446,27.079209202497665,1.9539882473173216,86.81432834938931,-0.0,113.6,-0.0,578.81,2.0384993598830157,-0.0
644,36.81686041346852,15.723756338369157,1.4739882473173216,43.91916927850622,-0.0,66.19999999999999,-0.0,497.01,0.01316423285215862,-0.0
645,27.72257196380709,7.887585640582131,1.1139882473173215,16.1724697529271,-0.0,33.49999999999997,-0.0,422.36,-0.0,-0.0
646,19.75386289274263,2.10093638702277,0.8039882473173214,-0.0,-0.0,8.899999999999977,-0.0,355.01,-0.0,-0.0
647,13.62611641250544,-0.0,0.6039882473173215,-0.0,-0.0,-0.0,-0.0,294.91,-0.0,-0.0
648,10.088369932268247,-0.0,0.5339882473173214,-0.0,-0.0,-0.0,-0.0,244.63500000000002,-0.0,-0.0
649,7.593315058146206,-0.0,-0.0,-0.0,-0.0,-0.0,-0.0,198.63500000000002,-0.0,-0.0
650,6.076335002369631,-0.0,0.07000000000000006,-0.0,-0.0,-0.0,-0.0,156.96,-0.0,-0.0
651,4.612046552708207,-0.0,-0.0,-0.0,-0.0,-0.0,-0.0,117.58500000000001,-0.0,-0.0
652,3.393337481643747,-0.0,0.1100000000000001,-0.0,-0.0,-0.0,-0.0,75.46000000000001,-0.0,-0.0
653,1.807516183061096,-0.0,0.19000000000000017,-0.0,-0.0,-0.0,-0.0,32.06,-0.0,-0.0
654,-0.0,-0.0,-0.0,-0.0,-0.0,-0.0,-0.0,-0.0,-0.0,-0.0
655,-0.0,-0.0,-0.0,-0.0,-0.0,-0.0,-0.0,-0.0,-0.0,-0.0
656,-0.0,-0.0,0.7999999999999998,-0.0,-0.0,-0.0,-0.0,-0.0,-0.0,-0.0
657,-0.0,-0.0,0.5681834440470102,-0.0,-0.0,-0.0,-0.0,-0.0,-0.0,-0.0
658,-0.0,-0.0,1.36818344404701,-0.0,-0.0,-0.0,-0.0,-0.0,-0.0,-0.0
659,-0.0,-0.0,1.4701175268267745,-0.0,-0.0,-0.0,-0.0,-0.0,-0.0,-0.0
660,-0.0,-0.0,2.270117526826774,-0.0,-0.0,-0.0,-0.0,20.69749999999999,-0.0,-0.0
661,-0.0,-0.0,3.070117526826774,-0.0,-0.0,-0.0,-0.0,220.6975,-0.0,-0.0
662,20.60606046308196,-0.0,3.070117526826774,-0.0,-0.0,-0.0,-0.0,420.6975,-0.0,-0.0
663,49.4725813380508,-0.0,3.070117526826774,-0.0,-0.0,-0.0,-0.0,594.5475,-0.0,-0.0
664,64.27630881262932,23.514537003778358,3.647059274399591,86.51143997595727,-0.0,76.47157814299227,-0.0,661.9525,-0.0,-0.0
665,62.946444149375836,29.420155523764272,2.8470592743995913,115.53657853728751,-0.0,97.49999999999994,-0.0,624.27,-0.0,-0.0
666,55.29966025996592,23.65945841462768,2.497059274399591,93.30766622752341,-0.0,78.49999999999994,-0.0,558.3199999999999,-0.0,-0.0
667,45.31749315832569,15.00256988318214,2.0670592743995915,60.522311360922316,-0.0,48.799999999999955,-0.0,483.91999999999996,-0.0,-0.0
668,36.33898025362788,7.2916334961593705,1.6470592743995913,27.693399051158224,-0.0,21.99999999999997,-0.0,414.52,-0.0,-0.0
669,28.780467348930074,2.614744964713829,1.3270592743995913,6.712035690323603,-0.0,6.799999999999983,-0.0,354.695,-0.0,-0.0
670,22.304646050347426,-0.0,1.1270592743995913,-0.0,-0.0,-0.0,-0.0,300.87,-0.0,-0.0
671,18.427862160937504,-0.0,1.0370592743995912,-0.0,-0.0,-0.0,-0.0,257.12,-0.0,-0.0
672,16.703769877642735,-0.0,1.0770592743995913,-0.0,-0.0,-0.0,-0.0,220.37,-0.0,-0.0
673,16.009677594347966,-0.0,1.0770592743995913,-0.0,-0.0,-0.0,-0.0,190.29500000000002,-0.0,-0.0
674,15.5055853110532,-0.0,1.0770592743995913,-0.0,-0.0,-0.0,-0.0,160.02,-0.0,-0.0
675,15.245147224700855,-0.0,1.2170592743995912,-0.0,-0.0,-0.0,-0.0,130.745,-0.0,-0.0
676,14.05470913834851,5.3852377954730954,0.4170592743995914,12.814884731532118,-0.0,2.228663472610666,-0.0,97.845,-0.0,-0.0
677,9.43965426422647,5.3852377954730954,0.2970592743995913,12.814884731532118,-0.0,9.028663472610678,-0.0,51.644999999999996,-0.0,-0.0
678,1.6295183723258244,-0.0,-0.0,-0.0,-0.0,-0.0,-0.0,-0.0,-0.0,-0.0
679,-0.0,-0.0,0.05586612161471638,-0.0,-0.0,-0.0,-0.0,-0.0,-0.0,-0.0
680,6.87580025468737,-0.0,0.5341849770056206,-0.0,-0.0,-0.0,-0.0,-0.0,-0.0,-0.0
681,25.582114526971214,-0.0,1.305549310168625,-0.0,-0.0,-0.0,-0.0,-0.0,-0.0,-0.0
682,47.490695289003995,-0.0,1.305549310168625,-0.0,-0.0,-0.0,-0.0,200.0,-0.0,-0.0
683,73.07925188589385,-0.0,2.105549310168625,-0.0,-0.0,-0.0,-0.0,270.91999999999985,-0.0,-0.0
684,102.5409981733058,-0.0,2.9055493101686247,-0.0,-0.0,-0.0,-0.0,470.91999999999985,-0.0,-0.0
685,132.00274446071774,-0.0,2.5430173735309154,118.83591906504708,-0.0,-0.0,-0.0,670.9199999999998,-0.0,-0.0
686,157.39166107735983,19.71448381966451,3.343017373530915,342.01859527031024,-0.0,162.06147467973958,-0.0,842.53,0.5519412891771669,-0.0
687,172.27719714168816,71.34301615698756,3.889685743484926,525.2827655677729,-0.0,327.20173157848825,-0.0,950.7275,7.791946959518553,-0.0
688,175.96556193352257,95.2151594370026,3.956842105263158,608.5811258867963,-0.0,401.3574477530229,-0.0,957.84,11.760142764421262,-0.0
689,167.89340163254394,90.99140253130624,3.5896627491057744,583.0359119347852,-0.0,376.5429549396489,-0.0,887.6225000000001,11.731704819087174,-0.0
690,154.0783467584219,75.11070542216964,2.9196627491057745,515.7060890286466,-0.0,307.94295493964887,-0.0,791.4975000000001,8.777046021607621,-0.0
691,139.4723292934726,57.772151879764756,2.1796627491057743,443.5673725146005,-0.0,233.04295493964887,-0.0,693.1475,5.276052682934157,-0.0
692,126.25438664686875,43.85169404851433,1.5296627491057742,380.6415411142284,-0.0,169.14295493964886,-0.0,599.6975,2.5092229912759123,-0.0
693,115.75451881861036,34.65742763957284,1.0496627491057742,337.0503735491118,-0.0,122.54295493964884,-0.0,517.3975,0.9253351270308556,-0.0
694,106.91176321787016,26.739591930826457,0.6996627491057741,303.42853365450617,-0.0,84.04295493964884,-0.0,438.77250000000004,-0.0,-0.0
695,100.21246564770573,23.370330489006882,0.5096627491057741,290.20669375990053,-0.0,62.14295493964884,-0.0,373.67250000000007,0.8217570380961252,-0.0
696,95.65297191117463,22.93178688084582,0.42966274910577407,290.4412964221319,-0.0,55.74295493964883,-0.0,317.57250000000005,3.3964219110652696,-0.0
697,91.70135682662234,23.354200384229436,0.42966274910577407,300.7234480332928,-0.0,56.64295493964884,-0.0,267.44750000000005,6.400363152641516,-0.0
698,87.88396619710643,23.5035231435805,0.4596627491057741,316.3749273149647,-0.0,59.94295493964882,-0.0,221.64750000000004,9.782358943222834,-0.0
699,83.38714582568448,23.48975515889901,0.49966274910577413,326.5957342671476,-0.0,62.742954939648804,-0.0,174.59750000000003,13.539965643605168,-0.0
700,78.24724151541406,21.44503999691667,0.5196627491057741,333.97697528193396,-0.0,61.742954939648804,-0.0,125.34750000000001,17.01951779498243,-0.0
701,69.53059906935275,13.273664791096877,0.3696627491057743,311.7226418650903,-0.0,38.94295493964882,-0.0,63.39750000000001,18.101513585563747,-0.0
702,57.976718308853826,-0.0,0.042603474706182975,265.8167713688225,-0.0,-0.0,-0.0,-0.0,17.362158128620763,-0.0
703,56.791703705327286,-0.0,-0.0,289.9499116662584,-0.0,-0.0,-0.0,-0.0,20.129836659949078,-0.0
704,68.22751955407037,0.4584411420454728,0.43573071027082244,386.3831789234644,-0.0,-0.0,-0.0,-0.0,26.662330630633825,-0.0
705,87.9153182822672,69.91196366369807,1.208152784874808,576.2919457472932,-0.0,158.24059554410996,-0.0,62.57000000000039,35.488725522662975,-0.0
706,116.40374314852882,139.36548618535068,2.0081527848748078,799.4746219525564,-0.0,365.962135479238,-0.0,262.5700000000004,44.78084662272779,-0.0
707,145.86548943594076,208.81900870700326,1.6120899335717924,1022.6572981578196,-0.0,573.683675414366,-0.0,462.5700000000004,54.072967722792605,-0.0
708,175.32723572335271,278.27253122865585,1.5785002554931022,1245.8399743630828,-0.0,781.405215349494,-0.0,662.5700000000004,62.662021925409704,-0.0
709,204.2398202284648,347.72605375030844,2.378500255493102,1469.0226505683459,-0.0,989.126755284622,-0.0,862.5700000000004,69.27900283112817,-0.0
710,225.35404273405842,415.12661952363715,3.178500255493102,1665.3639349109583,-0.0,1166.1805788036,-0.0,1051.8475000000003,73.1613085357763,-0.0
711,235.69397029929556,457.5666047630342,3.178500255493102,1777.7492243445145,-0.0,1280.935207707921,-0.0,1164.2500000000002,73.92035632119068,-0.0
712,232.18098019505132,467.37740185660107,3.3850638732754215,1785.4614096421053,-0.0,1304.0338788221047,12.544024971316837,1176.7075000000002,71.39825447894928,5.460177978969378
713,211.86752329394642,440.07588949441276,3.0292948390393457,1672.9271712578104,-0.0,1231.2479689428071,15.906090373280932,1085.6475000000003,64.9978322913207,12.220385969975737
714,194.2615013442976,398.1465179198768,2.379294839039346,1511.5453831853006,-0.0,1115.4479689428072,9.655599214145376,966.9475000000002,55.70571119125589,12.079629580576707
715,166.11817100076394,354.65191203457664,1.6592948390393456,1353.835128839637,-0.0,994.9479689428073,2.801375245579564,846.1225000000002,46.41359009119107,9.047175202667944
716,140.4967658388848,313.28992827178047,1.0292948390393457,1191.7950770175412,-0.0,886.8479689428073,-0.0,735.4225000000001,38.51772054013369,5.03119891242784
717,117.49805228312084,276.27699733168345,0.5992948390393458,1039.9798848264188,-0.0,793.7479689428072,-0.0,638.5975000000001,33.01940734987225,2.2349711403277475
718,95.32625478850841,241.10335849217176,0.2992948390393458,909.3935437720364,-0.0,707.4479689428073,-0.0,548.3475000000001,28.54792688901386,0.420756000635226
719,85.48137335504751,209.3944853418958,0.15929483903934588,793.971628286024,-0.0,634.5479689428073,-0.0,469.37250000000006,26.127668247757494,-0.0
720,71.17519365059951,180.7560907473922,0.13929483903934586,676.0883681410337,-0.0,573.0479689428073,-0.0,396.27250000000004,25.039129614312287,-0.0
721,64.06049014249925,153.3162704198154,0.13929483903934586,577.8041973996689,-0.0,515.1479689428073,-0.0,327.1225,24.235976447484326,-0.0
722,56.83616072612629,126.24526363705155,0.20929483903934593,463.5191160619295,-0.0,461.1479689428074,-0.0,261.1975,23.410877829661437,-0.0
723,39.35240156784728,98.17711825467794,0.289294839039346,364.2815836731196,-0.0,411.84796894280737,-0.0,198.5725,23.327226474624347,-0.0
724,21.714221788165233,69.23111643903601,0.33929483903934604,266.16183850012476,-0.0,363.84796894280737,-0.0,136.6975,23.450858735357837,-0.0
725,11.371051128986199,36.58463606762176,0.22929483903934594,147.30742949187436,-0.0,297.54796894280736,-0.0,65.34749999999998,22.486661890270025,-0.0
726,-0.0,2.320250844477698,-0.0,19.96430989183135,-0.0,222.46213960204406,-0.0,-0.0,20.425197874074602,-0.0
727,-0.0,-0.0,-0.0,-0.0,-0.0,244.16064963915892,-0.0,-0.0,22.948468229838667,-0.0
728,6.042403416803079,-0.0,-0.0,76.58542319235795,-0.0,346.4579515982588,-0.0,-0.0,28.78841919956642,-0.0
729,20.28575886061375,-0.0,0.7999999999999998,216.14509224595403,-0.0,515.6114932323665,-0.0,-0.0,37.77743181986121,-0.0
730,44.949938426684234,56.17643237840187,1.5999999999999996,416.39382660473905,-0.0,723.3330331674945,-0.0,115.01749999999993,47.069552919926025,-0.0
731,66.94505870691924,125.62995490005447,2.3999999999999995,633.6176231456511,-0.0,931.0545731026225,-0.0,315.0174999999999,56.361674019990836,-0.0
732,88.39916038885481,195.08347742170707,2.3999999999999995,845.6082091102339,-0.0,1138.7761130377505,-0.0,515.0174999999999,65.41072707870408,-0.0
733,107.67632096797122,263.90406949285943,2.184522227899846,1057.7165781760746,-0.0,1346.4976529728785,-0.0,715.0174999999999,71.81805950903714,-0.0
734,130.9858560102513,319.8360230046405,2.984522227899846,1227.211368420392,-0.0,1509.5368226014136,20.808226006318293,915.0174999999999,74.33696880051852,-0.0
735,136.37353425999706,354.3509696230378,2.5355595298926925,1330.160875181038,-0.0,1604.9625866867882,41.305535606674184,1039.0475,73.26335848434914,-0.0
736,136.37353425999706,358.4487787845763,2.8454164537557483,1334.4193695929036,-0.0,1605.989558850178,45.96101503142476,1055.1975,67.45523809550019,-0.0
737,126.4821822837357,329.96871202394885,2.5999999999999996,1225.2341717423647,-0.0,1502.3035684323459,33.8222003929273,964.6949999999999,58.163116995435374,-0.0
738,111.31501981789897,290.68124473825844,1.9899999999999998,1069.8100859433348,-0.0,1358.4035684323458,16.52966601178781,846.645,48.870995895370555,0.19799475410484035
739,87.32653891051369,253.31257112889335,1.3099999999999996,909.2700341212391,-0.0,1215.6035684323458,5.067583497053043,730.17,39.57887479530574,3.8161061131901164
740,65.65615106247989,220.61507404047143,0.7799999999999998,777.1882460487293,-0.0,1092.4035684323458,-0.0,628.395,32.2683907108656,5.776984939026761
741,57.09057616858244,194.03209342915525,0.3799999999999999,671.7469345099905,-0.0,991.3035684323459,-0.0,540.595,26.50668480682344,4.95610300307963
742,50.704805108318325,170.48696925110738,0.1299999999999999,583.6451889086483,-0.0,901.1035684323458,-0.0,460.44500000000005,21.63280800860258,2.266542027234138
743,41.10751701864331,150.2770893180676,-0.0,509.37320504042043,-0.0,821.9035684323458,-0.0,394.545,18.01992758679998,-0.0
744,27.446522430503517,131.28555430831227,0.030000000000000027,443.2300723089326,-0.0,752.5035684323458,-0.0,336.295,15.841210812012598,-0.0
745,23.84935996466679,112.03426851068694,-0.0,376.5504545494403,-0.0,689.4035684323458,-0.0,282.445,14.41860313523536,-0.0
746,20.36545936303917,92.97632266922417,0.1299999999999999,311.31348363673646,-0.0,632.2035684323457,-0.0,232.64499999999998,13.174050007463194,-0.0
747,17.065212958353975,74.31075967237928,0.24107307102708225,248.29829144561415,-0.0,580.1035684323457,-0.0,183.095,12.273387781680883,-0.0
748,13.59266728028694,54.90638313072141,0.35107307102708235,186.16223112928483,-0.0,527.0035684323457,-0.0,129.57,11.677565532465096,-0.0
749,7.998981086031996,31.656044510396935,0.26107307102708227,108.16265584096001,-0.0,453.0035684323457,-0.0,61.344999999999985,9.564637808820903,-0.0
750,-0.0,6.006497114584096,0.0040137966274910175,19.52716037600861,-0.0,365.7891964267732,-0.0,-0.0,6.002192096397315,-0.0
751,-0.0,-0.0,-0.0,-0.0,-0.0,357.8165712828345,-0.0,-0.0,7.363226667574257,-0.0
752,6.738799964071486,-0.0,0.5142003065917218,95.65119609129441,-0.0,437.79994419830064,-0.0,-0.0,12.886633038903579,-0.0
753,26.185902627683024,-0.0,1.2819187531936633,226.09726981665062,-0.0,583.4538079865456,-0.0,-0.0,20.71276651960602,-0.0
754,45.87337574736513,-0.0,0.7008073582013279,414.1456370698799,-0.0,774.3784848017068,-0.0,77.91499999999996,30.004887619670836,-0.0
755,70.1379132349314,19.949619271776356,0.7008073582013279,615.9103172000998,-0.0,980.5600053308833,-0.0,277.91499999999996,39.29700871973565,-0.0
756,99.59965952234334,89.40314179342896,0.7008073582013279,822.0799065526471,-0.0,1187.8414855907927,-0.0,477.91499999999996,48.58912981980046,-0.0
757,126.99406264765071,158.85666431508156,1.5008073582013277,1012.8883793694853,-0.0,1391.5516293233127,-0.0,677.915,56.96824820703684,-0.0
758,147.38098039501622,215.31132955845084,2.3008073582013275,1164.5906888889688,-0.0,1557.0908794903821,8.710501343581697,877.915,62.30973233011744,-0.0
759,157.80986667148886,246.77333137868666,3.024294839039345,1254.3651627765003,-0.0,1657.0024326472528,36.40503047262682,998.1175,63.866366104382394,-0.0
760,154.510508073722,248.95419668652832,2.960592743995912,1245.5090583778551,-0.0,1661.7723194810242,46.34060379144861,1018.18,61.513907894236524,-0.0
761,137.69641500410685,228.0363737991215,2.669294839039346,1120.1975156924173,-0.0,1561.8292034643066,40.096578820131754,938.66,54.69629775320429,0.06063667430810682
762,116.94893316956087,200.32836835219575,2.0692948390393457,967.7681786709779,-0.0,1420.3292034643066,27.641961924257494,833.185,45.40417665313947,2.2952261210620364
763,97.52398325677541,173.79225725987172,1.3992948390393456,819.5624415638692,-0.0,1277.3292034643066,16.713867621703464,724.135,36.40102348631151,1.5511993011916516
764,80.49539738805355,150.88114120042576,0.8692948390393458,692.9149682063464,-0.0,1153.1292034643066,11.412295912469666,625.735,29.35148847644804,1.274468176607762
765,66.71431607958318,132.57383371867087,0.46929483903934593,606.3386437120837,-0.0,1050.7292034643065,11.731549350583613,539.71,24.540957090166312,0.9535862406606306
766,61.67347929197925,116.48510050384277,0.15929483903934588,526.3632298141955,-0.0,960.4292034643065,16.141372533294806,461.51,20.832869343088642,-0.0
767,50.87719269663923,102.20375510075448,0.039294839039345775,464.17892230839976,-0.0,885.9292034643065,23.745498270033508,395.935,19.000392505811988,-0.0
768,42.01031760219924,90.12432392075554,0.039294839039345775,424.48481059832204,-0.0,824.0292034643065,34.04392656079971,340.76,18.911806570525187,-0.0
769,33.732854008659274,78.7265676859598,0.10929483903934584,387.1066649113103,-0.0,766.1292034643066,45.317796894787925,289.06,19.445166086233314,-0.0
770,33.732854008659274,66.31810355174936,0.1892948390393459,335.07908262475473,-0.0,709.0292034643065,57.35767901659539,237.51,20.50291469214043,-0.0
771,25.05191414353753,54.20845296235191,0.299294839039346,287.65065619968993,-0.0,652.3292034643065,68.76357292622211,188.41,21.663106937251598,-0.0
772,25.05191414353753,40.77332878430404,0.3992948390393461,218.67377022932112,-0.0,592.0292034643064,78.41661811286258,135.185,22.001353731367843,-0.0
773,11.753843809891578,21.74463530645127,0.289294839039346,140.65731832155583,-0.0,510.9292034643064,81.32997764134981,63.410000000000004,20.22498599210133,-0.0
774,5.116109801506763,-0.0,-0.0,49.43915646186811,-0.0,419.1719570576194,80.3768463608296,-0.0,16.02289330109078,-0.0
775,-0.0,-0.0,0.13056974961676027,61.20288184451216,-0.0,412.64204523772656,92.20636499077898,17.095000000000027,23.445870767780487,-0.0
776,6.297475535663622,-0.0,0.5918293306080735,139.82773573689423,-0.0,489.66809120797143,115.18341694656309,86.26499999999965,24.86954697575843,-0.0
777,26.20528679843522,-0.0,-0.0,269.70493840792,-0.0,631.1360853861859,145.06915283411675,286.26499999999965,28.55583704217574,-0.0
778,54.2842261957467,-0.0,-0.0,448.2812428262429,-0.0,805.4606816628127,178.6341397185558,486.26499999999965,37.84795814224056,-0.0
779,82.19445125097383,64.3933597109327,0.7999999999999998,659.1160503521643,-0.0,997.1420411149205,208.78672657575115,686.2649999999996,40.64341914309818,-0.0
780,110.23064203067193,133.8468822325853,1.5999999999999996,882.2987265574275,-0.0,1184.623360297761,235.8541975777452,886.2649999999996,41.56614581826497,3.600601416396863
781,135.845706836809,203.30040475423792,2.3999999999999995,1089.4335412035352,-0.0,1350.6620869643575,259.6411217980563,1086.2649999999996,43.522089148096555,36.374733189857764
782,154.56517549802098,263.6378992704413,2.7519519672968826,1260.3527273424593,-0.0,1471.987085933656,274.0257754772373,1282.2999999999997,48.76961025044709,67.72905845116476
783,164.6764433814694,301.19471005912845,3.435792028615227,1353.3769171166657,-0.0,1526.912930557565,277.01478651119345,1400.3774999999998,50.34380854315544,91.07578745387673
784,161.46973081866386,308.3798427046202,3.685769034236075,1343.0835279648254,-0.0,1498.0970685891073,266.6016059347752,1410.685,48.50094057883557,105.12084796106788
785,143.14420675918157,282.14470230834127,3.4099999999999993,1225.7105297492255,-0.0,1367.9253696383134,239.46779136922106,1306.885,41.69459303670432,107.15006793513552
786,117.72877330863273,245.37746436629317,2.6099999999999994,1067.0339928991252,-0.0,1201.7253696383134,207.37270296057667,1169.91,33.08697830804258,101.18830561829651
787,98.53488652257639,207.4445135577085,1.8099999999999996,904.5614475547914,-0.0,1032.4253696383134,174.53616072089102,1034.46,24.293978112763604,90.82830445200507
788,74.81772405673966,171.9358498825872,1.2999999999999998,748.6275575514795,-0.0,872.3253696383134,144.62221180144113,903.71,16.627810646887667,79.46679400578986
789,63.83384169611806,139.49075550727082,0.5,610.6718888265862,-0.0,725.4253696383134,116.44971671303247,786.0600000000001,10.232366812404631,66.4496862415617
790,44.82958524376915,111.39446474252358,0.19999999999999996,484.79044987434486,-0.0,588.5253696383135,91.65462830438807,673.9350000000001,5.524704781901303,52.239245273588125
791,39.253225684405066,88.38435546584145,0.020000000000000018,385.98415129113,-0.0,473.92536963831344,73.03321376607765,571.6600000000001,2.8097118337857996,39.05509368469727
792,27.14207141191065,70.63233196606996,-0.0,311.1361164575012,-0.0,392.5787678371278,60.45148488592047,481.46000000000004,1.497162524874355,27.010313196774526
793,16.785926259919236,57.132920654558674,0.08000000000000007,250.57610710657286,-0.0,335.8451266995786,51.09431396254129,396.685,0.9895004943710255,16.924526392647998
794,8.071902455949017,45.59279150938888,0.21999999999999997,199.03388497145954,-0.0,262.1451266995786,42.22201533778687,315.935,0.8086711932707402,9.917355855145784
795,-0.0,35.18408809729229,-0.0,153.33122877374274,-0.0,189.1451266995786,33.606298245448954,234.86,1.2424564255532102,5.14616005282843
796,1.9929104981873333,25.086810418268886,0.1200000000000001,109.20280234867792,-0.0,137.0114855620294,25.390581153111036,154.935,2.0689107402235063,2.3601213780780923
797,2.5594751933170876,12.439772017131649,0.20000000000000018,54.72192487254263,-0.0,73.9778444244802,13.825748147217126,69.435,1.2612487097201763,0.6608750461304509
798,-0.0,-0.0,-0.0,-0.0,-0.0,10.35837394616766,-0.0,-0.0,-0.0,-0.0
799,-0.0,-0.0,0.49303781297904936,-0.0,-0.0,-0.0,-0.0,-0.0,-0.0,-0.0
800,-0.0,-0.0,0.25934849259070036,-0.0,-0.0,-0.0,-0.0,-0.0,-0.0,-0.0
801,-0.0,-0.0,-0.0,-0.0,-0.0,-0.0,-0.0,-0.0,0.9468322951967192,-0.0
802,-0.0,-0.0,0.7999999999999998,-0.0,-0.0,-0.0,-0.0,102.88749999999982,3.6303644601626406,8.088631480777408
803,23.290441996367232,-0.0,1.0195784363822171,22.536117038927387,-0.0,92.54762617464047,-0.0,302.8874999999998,7.878733608098225,33.11540130069528
804,52.75218828377918,-0.0,1.1898620337250885,245.71879324419055,-0.0,300.2691661097685,-0.0,502.8874999999998,11.185269850183472,57.00277745908852
805,82.21393457119112,44.95391520469427,1.2785028104241172,468.9014694494537,-0.0,495.89368184786093,-0.0,702.8874999999998,13.152692211350095,78.87351734757715
806,111.1207608958209,114.40743772634687,1.310735820132856,675.1179106678094,-0.0,651.4901784216174,13.9066290923489,902.8874999999998,14.156196330279938,97.88981714041888
807,131.46217000491225,168.5898101511049,2.110735820132856,817.9777793639288,-0.0,751.130395051099,32.17746889656378,1027.985,14.086283035884417,110.4806461098558
808,138.58721983712414,191.59211070934114,2.6528283086356663,870.4191555319977,-0.0,770.4574880222901,41.32551599915436,1047.51,14.086283035884417,112.64399468087825
809,129.56716837707387,180.333146589207,2.5399999999999996,808.4022443720654,-0.0,694.7429549396489,36.599999999999994,966.2875,13.581032996397253,102.47874997721243
810,114.043573387849,156.7268061532406,1.7399999999999998,697.1992390540802,-0.0,583.0429549396489,23.698035363457755,858.5625,4.9985970013109995,84.49459838832158
811,98.13229591301197,133.18307790553442,0.94,581.6793571166545,-0.0,471.3429549396489,11.039489194499012,747.2125,1.488349426078834,65.41044679943073
812,83.68390621065677,112.92291895763313,0.52,479.3159177360658,-0.0,368.8429549396489,0.4432220039292645,641.7375,-0.0,49.247553008603646
813,71.67262873581976,95.43752569896759,0.27,391.7386826454285,-0.0,286.0429549396489,-0.0,550.5875,-0.0,37.36000505392954
814,60.8201925037888,79.3390416962695,0.07000000000000006,311.9307752253022,-0.0,220.24295493964885,-0.0,468.4375,-0.0,27.28880925161219
815,50.60543875737,64.92961051627057,-0.0,242.26642524833895,-0.0,179.44295493964887,-0.0,397.6375,4.445877579336784,19.11597823405916
816,42.01952625375728,53.79470574762121,0.030000000000000027,195.1901007540762,-0.0,156.04295493964887,-0.0,335.16249999999997,2.730553518330126,12.743147216506127
817,35.265538931799085,45.5228917230044,0.14000000000000012,165.7413676799105,-0.0,138.44295493964887,-0.0,274.6375,1.0616113003589742,7.065410553246071
818,29.67713098843786,38.38845557588355,-0.0,145.7975367078858,-0.0,120.84295493964886,-0.0,216.7125,1.0616113003589742,2.136856282368175
819,23.94563910622817,31.946641551266737,0.18999999999999995,122.6399100258126,-0.0,97.84295493964886,-0.0,158.9375,1.0616113003589742,-0.0
820,16.988745770782163,23.22912459435716,0.3599999999999999,90.42401959415334,-0.0,67.24295493964885,-0.0,104.03750000000001,-0.0,-0.0
821,8.500301345408912,11.479474004959709,-0.0,44.63698029923408,-0.0,28.942954939648835,-0.0,46.087500000000006,-0.0,-0.0
822,-0.0,-0.0,-0.0,-0.0,-0.0,-0.0,-0.0,-0.0,-0.0,-0.0
823,-0.0,-0.0,0.19817066939192673,-0.0,-0.0,-0.0,-0.0,-0.0,-0.0,-0.0
824,-0.0,-0.0,0.19817066939192673,-0.0,-0.0,-0.0,-0.0,-0.0,-0.0,-0.0
825,-0.0,-0.0,-0.0,-0.0,-0.0,-0.0,-0.0,-0.0,-0.0,-0.0
826,15.202083593344721,-0.0,0.7999999999999998,-0.0,-0.0,-0.0,-0.0,-0.0,-0.0,-0.0
827,44.663829880756666,-0.0,1.5999999999999996,-0.0,-0.0,-0.0,-0.0,102.65249999999992,-0.0,-0.0
828,74.1255761681686,-0.0,1.8225191619826258,-0.0,-0.0,-0.0,-0.0,302.6524999999999,-0.0,-0.0
829,103.58732245558055,-0.0,2.6225191619826256,-0.0,-0.0,-0.0,-0.0,502.6524999999999,-0.0,-0.0
830,133.0490687429925,68.30700026832382,2.673755748594787,153.35351197209252,-0.0,-0.0,-0.0,702.6524999999999,1.2501986902504907,-0.0
831,153.13075945432695,128.9579572758329,2.441946857434848,357.3785965752422,-0.0,153.47318891367905,-0.0,830.4074999999999,9.61468065570201,7.0455698340897115
832,158.9261987346953,157.0785785481229,3.166980071538067,455.5731028922154,-0.0,250.10032215413736,-0.0,864.5174999999999,13.916871450283402,23.67058853590602
833,147.82026281701957,147.15777880767283,2.3669800715380673,428.9332675405144,-0.0,239.50008053853435,-0.0,810.4,13.055147872454285,26.884911088400376
834,129.02659486377064,124.30717110673069,1.5669800715380675,350.22410040374524,-0.0,180.80008053853433,-0.0,725.15,8.683667411595891,20.154469731663003
835,112.09237489343377,102.40821848250408,1.2369800715380674,275.95940130651354,-0.0,123.90008053853433,-0.0,640.975,4.724357844916192,13.215852298747254
836,97.71471513352715,85.27687307941578,0.9569800715380674,221.87873618621583,-0.0,80.80008053853433,-0.0,563.125,1.77966281161925,7.229687688685015
837,86.33226066049019,72.91575701996982,0.1569800715380676,183.78609654861864,-0.0,51.00008053853432,-0.0,494.475,0.30569140971520525,3.087799825297914
838,76.61365655076231,62.6420188380198,0.06698007153806751,150.91523563260296,-0.0,30.600080538534343,-0.0,429.15000000000003,-0.0,-0.0
839,68.46139824409201,56.72970638914299,0.039294839039345775,137.62749809714677,-0.0,28.80008053853436,-0.0,376.20000000000005,-0.0,-0.0
840,60.00528957411263,49.88334608468894,0.039294839039345775,123.2446626638316,-0.0,27.30008053853436,-0.0,321.725,-0.0,-0.0
841,51.888788571399935,43.849847180625105,0.10929483903934584,114.63514640679392,-0.0,34.00008053853435,-0.0,272.975,-0.0,-0.0
842,44.236708190090276,38.77301825464255,0.21929483903934593,106.58606421235973,-0.0,44.70008053853434,-0.0,225.20000000000002,1.296451720902807,-0.0
843,36.75193620266546,33.44238075096893,0.34929483903934583,99.02808841001803,-0.0,54.30008053853433,-0.0,179.60000000000002,3.454153024968326,-0.0
844,28.217360381607303,27.06364753614084,0.4292948390393459,84.00477644293184,-0.0,55.60008053853434,-0.0,128.55,4.621628885850074,-0.0
845,17.241055545261265,14.922770754581055,0.289294839039346,46.546800640590135,-0.0,34.400080538534354,-0.0,65.375,3.52326839374704,-0.0
846,3.6916290036005996,-0.0,-0.0,-0.0,-0.0,-0.0,-0.0,-0.0,0.8525925464583683,-0.0
847,-0.0,-0.0,0.0688068472151252,-0.0,-0.0,-0.0,-0.0,-0.0,-0.0,-0.0
848,-0.0,-0.0,0.45312723556463974,-0.0,-0.0,-0.0,-0.0,-0.0,-0.0,-0.0
849,14.319548867949305,-0.0,0.45312723556463974,-0.0,-0.0,-0.0,-0.0,-0.0,-0.0,-0.0
850,39.503127119916954,-0.0,1.2531272355646395,-0.0,-0.0,-0.0,-0.0,-0.0,-0.0,-0.0
851,68.9648734073289,-0.0,2.0531272355646393,-0.0,-0.0,-0.0,-0.0,119.59750000000008,-0.0,-0.0
852,95.51460446099236,-0.0,2.484734287174246,-0.0,-0.0,-0.0,-0.0,319.5975000000001,-0.0,-0.0
853,121.20377071004695,13.62556006854581,2.484734287174246,90.23809105569492,-0.0,-0.0,-0.0,519.5975000000001,-0.0,-0.0
854,143.11628761441574,83.07908259019841,3.284734287174246,313.4207672609581,-0.0,167.16147467973943,-0.0,719.5975000000001,4.350927570914109,-0.0
855,156.07888879770817,134.51300526374928,3.284734287174246,470.06328283946794,-0.0,315.5588571773736,-0.0,856.5475,11.007375837198708,-0.0
856,157.26139862304376,154.40795486012533,3.4724757281553393,525.7972307215662,-0.0,375.900241615603,-0.0,891.8825,13.75635532061287,6.9249118659280136
857,143.95819496252616,141.14459047869934,3.164118548799182,470.6021993982263,-0.0,337.6,-0.0,824.455,12.350165990362989,6.9249118659280136
858,123.44803976287105,115.36275658559485,2.4841185487991817,370.9402320901181,-0.0,258.0,-0.0,726.08,7.632161780944308,5.313715286083035
859,102.13711813875531,89.01473127018144,1.734118548799182,270.87028177047694,-0.0,175.8,-0.0,627.105,3.4019393755053358,2.4927074148240003
860,83.18658884737289,65.18884952149975,1.144118548799182,181.79143784292822,-0.0,109.1,-0.0,538.98,0.7887751426531757,0.30616499882605197
861,67.56548929789652,47.15248921704569,0.7241185487991821,109.73836414272753,-0.0,61.0,-0.0,461.68000000000006,-0.0,-0.0
862,54.25824011172922,31.17945893451037,0.40411854879918213,56.49019254466785,-0.0,22.599999999999994,-0.0,388.80500000000006,-0.0,-0.0
863,43.223112273583126,21.28094512908079,0.2241185487991822,25.851825150890193,-0.0,2.5999999999999943,-0.0,328.20500000000004,-0.0,-0.0
864,35.104722571227924,16.752899945179728,0.16411854879918214,18.43614707506856,-0.0,-0.0,-0.0,276.95500000000004,-0.0,-0.0
865,29.175762610778758,14.728184783197385,0.20411854879918218,18.498690277665418,-0.0,5.600120807801538,-0.0,232.90500000000003,-0.0,-0.0
866,24.71104534637199,14.191565332369514,0.29411854879918226,21.987003707610285,-0.0,18.700120807801532,-0.0,193.28000000000003,-0.0,-0.0
867,20.933262384122767,14.22470660365547,0.39411854879918234,27.60598946704414,-0.0,32.40012080780152,-0.0,152.88000000000002,-0.0,-0.0
868,17.187600769894743,13.119034330128443,0.4441185487991824,36.182328379689494,-0.0,40.10012080780151,-0.0,109.18,-0.0,-0.0
869,9.539247549551567,7.414787789674605,0.27411854879918246,23.49823322973137,-0.0,24.60012080780151,-0.0,48.855000000000004,-0.0,-0.0
870,-0.0,-0.0,-0.0,-0.0,-0.0,-0.0,-0.0,-0.0,-0.0,-0.0
871,-0.0,-0.0,0.1600970873786408,-0.0,-0.0,-0.0,-0.0,-0.0,-0.0,-0.0
872,-0.0,-0.0,0.7281757792539602,-0.0,-0.0,-0.0,-0.0,-0.0,-0.0,-0.0
873,-0.0,-0.0,0.13224067450178822,-0.0,-0.0,-0.0,-0.0,-0.0,-0.0,-0.0
874,-0.0,-0.0,0.932240674501788,-0.0,-0.0,-0.0,-0.0,-0.0,-0.0,-0.0
875,29.461746287411945,-0.0,1.7322406745017878,-0.0,-0.0,-0.0,-0.0,200.0,-0.0,-0.0
876,35.533809467174976,-0.0,2.2137889626980067,-0.0,-0.0,-0.0,-0.0,277.6724999999999,-0.0,-0.0
877,64.99555575458692,-0.0,3.0137889626980066,-0.0,-0.0,-0.0,-0.0,477.6724999999999,-0.0,-0.0
878,91.68745736308215,1.726249694353136,3.8137889626980064,69.79259607723597,-0.0,53.40455042718986,-0.0,677.6724999999999,-0.0,-0.0
879,109.88438410938514,58.61834146991159,3.8137889626980064,250.73556563593985,-0.0,217.9161035840607,-0.0,821.0,6.101264974715683,-0.0
880,115.12243789805413,84.75185578055107,4.019294839039345,330.2347324306976,-0.0,291.87169895079387,-0.0,858.4775,9.57587110680468,-0.0
881,105.8485926155412,77.24000479803831,3.2192948390393457,300.75337956532127,-0.0,267.70000000000005,-0.0,796.0475,9.150260594046177,-0.0
882,90.20792188081016,58.026476091243,2.419294839039346,224.1772674268961,-0.0,201.8,-0.0,702.3225,5.7932054592041595,-0.0
883,74.42398928187002,39.97770313943959,1.749294839039346,148.04562332800847,-0.0,133.20000000000002,-0.0,604.8725000000001,2.2507648577448975,-0.0
884,60.31486963706623,24.97226020955491,1.1892948390393459,88.46243877442487,-0.0,79.0,-0.0,518.6475,0.35221515827549155,-0.0
885,48.510366780032136,13.498482290629582,0.7592948390393459,49.74459038558575,-0.0,41.0,-0.0,442.9975,-0.0,-0.0
886,38.85490133217077,5.370656516127028,0.4292948390393459,14.739627110420628,-0.0,12.5,-0.0,372.9975,-0.0,-0.0
887,31.034052672079095,0.8485436081610658,0.25929483903934597,-0.0,-0.0,-0.0,-0.0,313.2975,-0.0,-0.0
888,25.913400178354077,-0.0,0.1892948390393459,-0.0,-0.0,-0.0,-0.0,264.7225,-0.0,-0.0
889,22.122943850995718,0.2591872252181062,0.20929483903934593,-0.0,-0.0,-0.0,-0.0,220.32250000000002,-0.0,-0.0
890,19.03075850834948,3.076117205707469,0.24929483903934596,3.524354296039178,-0.0,-0.0,-0.0,179.32250000000002,-0.0,-0.0
891,16.657610574875967,5.70519075292853,0.319294839039346,3.524354296039178,-0.0,14.128663472610672,-0.0,137.6725,-0.0,-0.0
892,13.709845853632766,7.702599289190232,0.36929483903934607,20.620301617248572,-0.0,25.428663472610655,-0.0,95.14750000000001,-0.0,-0.0
893,7.754772738504714,5.402390670069806,0.24929483903934596,20.333125557898455,-0.0,18.728663472610666,-0.0,43.64750000000001,-0.0,-0.0
894,-0.0,-0.0,-0.0,-0.0,-0.0,-0.0,-0.0,-0.0,-0.0,-0.0
895,-0.0,-0.0,-0.0,-0.0,-0.0,-0.0,-0.0,-0.0,-0.0,-0.0
896,-0.0,-0.0,0.5633469596320904,-0.0,-0.0,-0.0,-0.0,-0.0,-0.0,-0.0
897,-0.0,-0.0,-0.0,-0.0,-0.0,-0.0,-0.0,-0.0,-0.0,-0.0
898,-0.0,-0.0,0.7999999999999998,-0.0,-0.0,-0.0,-0.0,-0.0,-0.0,-0.0
899,-0.0,-0.0,1.5999999999999996,-0.0,-0.0,-0.0,-0.0,-0.0,-0.0,-0.0
900,28.86979681536253,-0.0,2.3999999999999995,-0.0,-0.0,-0.0,-0.0,193.5675,-0.0,-0.0
901,58.331543102774475,-0.0,3.1999999999999993,-0.0,-0.0,-0.0,-0.0,393.5675,-0.0,-0.0
902,86.99533394428644,-0.0,3.4588681655595295,12.788634209631056,-0.0,25.933012553464692,-0.0,593.5675,-0.0,-0.0
903,106.34182015507162,44.93047979242142,4.190592743995912,195.99830714563444,-0.0,197.77318891367904,-0.0,754.97,1.199573268600977,-0.0
904,111.24564087021425,70.64040851235058,3.390592743995912,276.3435376853963,-0.0,279.02882454967937,-0.0,812.5925,6.270787392698402,-0.0
905,101.98005250043836,65.73810752403932,3.0667066939192638,252.81976309087122,-0.0,259.1,-0.0,755.68,6.716238852555737,-0.0
906,87.94036259754061,50.860989648951445,2.416706693919264,188.9899401847326,-0.0,199.6,-0.0,665.4549999999999,4.607914596270103,-0.0
907,72.62202761820345,35.26101037347336,1.7467066939192637,124.20857682389797,-0.0,136.4,-0.0,570.7049999999999,1.9190921517753345,-0.0
908,59.58754300217537,22.128648253377406,1.1567066939192638,71.41432834938936,-0.0,84.80000000000001,-0.0,486.55499999999995,0.13026970728056497,-0.0
909,48.866712583089715,12.766286133281447,0.7367066939192639,35.49830115329925,-0.0,47.099999999999994,-0.0,411.63,-0.0,-0.0
910,39.61761117929194,4.6982111466488945,0.34670669391926406,10.186265462975626,-0.0,15.699999999999989,-0.0,343.83,-0.0,-0.0
911,32.3829303968972,0.3384711490569785,0.1367066939192641,-0.0,-0.0,-0.0,-0.0,284.255,-0.0,-0.0
912,27.5226702359055,0.6151618516601687,0.09670669391926406,-0.0,-0.0,-0.0,-0.0,237.32999999999998,-0.0,-0.0
913,23.61952230243199,1.7423311100356997,0.09670669391926406,-0.0,-0.0,-0.0,-0.0,197.18,-0.0,-0.0
914,20.95714079341909,4.329978924183571,0.16670669391926413,-0.0,-0.0,-0.0,-0.0,158.07999999999998,-0.0,-0.0
915,17.78187151192438,6.0781052941037785,0.2367066939192642,3.8443054439705975,-0.0,9.500080538534345,-0.0,121.55499999999998,-0.0,-0.0
916,14.14371445794786,7.462662364219099,0.2767066939192642,15.743333674571971,-0.0,20.90008053853435,-0.0,83.45499999999998,-0.0,-0.0
917,7.8263238284319545,5.15174584568399,0.19670669391926415,12.720583183591856,-0.0,15.100080538534339,-0.0,34.67999999999999,-0.0,-0.0
918,-0.0,-0.0,-0.0,-0.0,-0.0,-0.0,-0.0,-0.0,-0.0,-0.0
919,-0.0,-0.0,-0.0,-0.0,-0.0,-0.0,-0.0,-0.0,-0.0,-0.0
920,-0.0,-0.0,0.5614920797138476,-0.0,-0.0,-0.0,-0.0,-0.0,-0.0,-0.0
921,-0.0,-0.0,0.5614920797138476,-0.0,-0.0,-0.0,-0.0,-0.0,-0.0,-0.0
922,-0.0,-0.0,0.6821844660194172,-0.0,-0.0,-0.0,-0.0,-0.0,-0.0,-0.0
923,-0.0,-0.0,1.482184466019417,-0.0,-0.0,-0.0,-0.0,79.6724999999999,-0.0,-0.0
924,27.426880555780155,-0.0,1.482184466019417,-0.0,-0.0,-0.0,-0.0,279.6724999999999,-0.0,-0.0
925,56.8886268431921,-0.0,2.282184466019417,-0.0,-0.0,20.46863848648934,-0.0,479.6724999999999,6.130957038524675,-0.0
926,83.52147960217019,-0.0,3.0821844660194166,213.16701869337982,-0.0,228.19017842161736,-0.0,679.6724999999999,15.42307813858949,-0.0
927,100.33916496824611,51.5985388868876,3.7012008175779245,370.980918378605,-0.0,367.7303547818317,-0.0,827.6399999999999,22.101678566582095,-0.0
928,103.8204386856271,74.95852835702104,3.9099999999999993,430.16903100861066,-0.0,413.5574074837557,-0.0,868.185,24.396347386491932,-0.0
929,92.08356130270691,66.01369416480344,3.1099999999999994,380.84252800023387,-0.0,361.40000000000003,-0.0,796.385,22.011635385197184,-0.0
930,74.91018072085471,47.76444265722768,2.4499999999999993,295.39617759492324,-0.0,272.20000000000005,-0.0,693.135,16.2107839520485,-0.0
931,57.772397758605486,30.0366069484813,1.6499999999999997,208.92895906440557,-0.0,181.20000000000002,-0.0,588.41,9.853823420889672,-0.0
932,44.210978840419855,17.161861983767466,1.0599999999999998,132.43015760802444,-0.0,108.30000000000001,-0.0,492.86,5.294419250526786,-0.0
933,33.58380261827662,8.262829885590229,0.5999999999999999,61.80775623731276,-0.0,55.60000000000002,-0.0,412.46000000000004,2.2106259899649174,-0.0
934,24.336056138039424,1.1576063651040513,0.21999999999999997,9.469388843535114,-0.0,15.100000000000023,-0.0,337.61,-0.0,-0.0
935,18.25946841499616,-0.0,0.040000000000000036,-0.0,-0.0,-0.0,-0.0,279.06,-0.0,-0.0
936,15.434805873607438,-0.0,-0.0,-0.0,-0.0,-0.0,-0.0,233.185,-0.0,-0.0
937,14.262834938333867,-0.0,0.09000000000000008,-0.0,-0.0,-0.0,-0.0,194.95999999999998,-0.0,-0.0
938,13.688938821405756,-0.0,0.049294839039345784,-0.0,-0.0,-0.0,-0.0,157.635,-0.0,-0.0
939,12.811192341168564,-0.0,0.13929483903934586,-0.0,-0.0,-0.0,-0.0,122.285,-0.0,-0.0
940,11.566903891507142,2.915411889538497,0.21929483903934593,-0.0,-0.0,1.7144122748397024,-0.0,86.16,-0.0,-0.0
941,6.798765078536637,3.1999590254099886,0.1692948390393459,5.453993683105438,-0.0,5.914412274839691,-0.0,36.60999999999999,-0.0,-0.0
942,-0.0,-0.0,-0.0,-0.0,-0.0,-0.0,-0.0,-0.0,-0.0,-0.0
943,-0.0,-0.0,0.13951200817577908,-0.0,-0.0,-0.0,-0.0,-0.0,-0.0,-0.0
944,-0.0,-0.0,0.604064895247828,-0.0,-0.0,-0.0,-0.0,-0.0,-0.0,-0.0
945,-0.0,-0.0,1.4040648952478278,-0.0,-0.0,-0.0,-0.0,-0.0,-0.0,-0.0
946,-0.0,-0.0,2.2040648952478277,-0.0,-0.0,-0.0,-0.0,-0.0,-0.0,-0.0
947,-0.0,-0.0,2.0471052631578948,-0.0,-0.0,-0.0,-0.0,-0.0,-0.0,-0.0
948,19.767109631224503,-0.0,2.0471052631578948,-0.0,-0.0,-0.0,-0.0,200.0,-0.0,-0.0
949,49.22885591863645,-0.0,2.0471052631578948,-0.0,-0.0,-0.0,-0.0,398.5825000000001,3.009406591447082,-0.0
950,75.24289658278465,-0.0,2.0471052631578948,102.634871285781,-0.0,90.76155521827377,-0.0,598.5825000000001,11.564511426974336,-0.0
951,92.1037273486663,53.54083704563452,2.7380045988758304,260.3819529776082,-0.0,238.85889744664075,-0.0,742.1000000000001,16.37171154112816,-0.0
952,96.69090451575869,77.98899523619511,2.7380045988758304,327.8429277980682,-0.0,300.34311601671743,-0.0,785.4575000000001,17.962231041318294,-0.0
953,86.86272639892174,71.24905847677171,2.5,289.06283464933483,-0.0,266.09999999999997,-0.0,722.9675000000001,14.933675439875287,-0.0
954,71.06645804458773,53.37768327095192,1.9700000000000002,209.07509711387863,-0.0,196.29999999999998,-0.0,629.9925000000001,9.874318571353996,-0.0
955,55.77443238629611,34.337015964546815,1.37,131.58427866903048,-0.0,126.1,-0.0,535.6675,5.119801679399227,-0.0
956,42.28376165156508,20.97086513524745,0.9200000000000002,72.40816653060534,-0.0,73.6,-0.0,451.6675,1.899401132618081,-0.0
957,31.626174855682518,11.387565772094469,0.55,33.95075220436971,-0.0,37.29999999999998,-0.0,376.7425,0.24239329961766387,-0.0
958,22.320709407821152,3.0933092973968073,0.21999999999999997,5.1378059176716135,-0.0,10.599999999999994,-0.0,306.6675,-0.0,-0.0
959,15.227365307980982,-0.0,0.050000000000000044,-0.0,-0.0,-0.0,-0.0,246.59250000000003,-0.0,-0.0
960,10.529796753104431,-0.0,-0.0,-0.0,-0.0,-0.0,-0.0,201.14250000000004,-0.0,-0.0
961,8.077041152364234,-0.0,0.030000000000000027,-0.0,-0.0,-0.0,-0.0,160.34250000000003,-0.0,-0.0
962,6.5554443088179655,-0.0,0.1200000000000001,-0.0,-0.0,-0.0,-0.0,123.94250000000002,-0.0,-0.0
963,5.284043631638348,-0.0,0.20000000000000018,-0.0,-0.0,-0.0,-0.0,91.34250000000002,-0.0,-0.0
964,4.4655307269405435,-0.0,0.29000000000000026,-0.0,-0.0,-0.0,-0.0,58.24250000000002,-0.0,-0.0
965,2.3279804130700095,-0.0,-0.0,-0.0,-0.0,-0.0,-0.0,20.492500000000003,-0.0,-0.0
966,-0.0,-0.0,0.010705160960654051,-0.0,-0.0,-0.0,-0.0,-0.0,-0.0,-0.0
967,-0.0,-0.0,-0.0,-0.0,-0.0,-0.0,-0.0,-0.0,-0.0,-0.0
968,-0.0,-0.0,0.7999999999999998,-0.0,-0.0,-0.0,-0.0,-0.0,-0.0,-0.0
969,-0.0,-0.0,0.4185360245273373,-0.0,-0.0,-0.0,-0.0,-0.0,-0.0,-0.0
970,-0.0,-0.0,1.2185360245273371,-0.0,-0.0,-0.0,-0.0,-0.0,-0.0,-0.0
971,-0.0,-0.0,1.2922330097087367,-0.0,-0.0,-0.0,-0.0,-0.0,-0.0,-0.0
972,-0.0,-0.0,1.3792233009708723,-0.0,-0.0,-0.0,-0.0,12.347499999999854,-0.0,-0.0
973,-0.0,-0.0,1.6982600919775166,-0.0,-0.0,-0.0,-0.0,212.34749999999985,-0.0,-0.0
974,20.191897545185792,-0.0,1.6982600919775166,-0.0,-0.0,-0.0,-0.0,412.34749999999985,-0.0,-0.0
975,48.837124486899484,-0.0,2.4982600919775164,76.26949558123857,-0.0,34.30177184775525,-0.0,591.4274999999999,-0.0,-0.0
976,63.11404872907314,39.89921725912526,2.9899999999999998,207.43866914434105,-0.0,153.14311601671744,-0.0,662.8324999999999,-0.0,-0.0
977,59.79980982937276,42.538220576152995,2.19,214.21683336429263,-0.0,161.19999999999996,-0.0,621.6974999999999,-0.0,-0.0
978,48.783203865323486,33.15705484548789,1.76,165.315861594894,-0.0,123.79999999999995,-0.0,547.5224999999999,-0.0,-0.0
979,36.54852308292875,21.133745548091085,1.26,104.78820900177286,-0.0,77.59999999999997,-0.0,466.37249999999995,-0.0,-0.0
980,25.915767482188556,11.067814128190236,0.8200000000000001,51.43877768707023,-0.0,39.79999999999998,-0.0,391.47249999999997,-0.0,-0.0
981,17.471479032527135,5.540925596744692,0.5,20.020929298231124,-0.0,16.5,-0.0,326.5725,-0.0,-0.0
982,10.062003537002063,1.0816542206812798,0.19999999999999996,-0.0,-0.0,-0.0,-0.0,266.1475,-0.0,-0.0
983,5.1663784047860695,-0.0,0.050000000000000044,-0.0,-0.0,-0.0,-0.0,213.5225,-0.0,-0.0
984,2.402678454224617,-0.0,-0.0,-0.0,-0.0,-0.0,-0.0,169.6225,-0.0,-0.0
985,0.752632700605588,-0.0,-0.0,-0.0,-0.0,-0.0,-0.0,133.0225,-0.0,-0.0
986,0.029895340871402,-0.0,0.07000000000000006,-0.0,-0.0,-0.0,-0.0,101.5725,-0.0,-0.0
987,0.14446637502206627,-0.0,0.16000000000000014,-0.0,-0.0,-0.0,-0.0,69.9975,-0.0,-0.0
988,-0.0,-0.0,0.29000000000000004,-0.0,-0.0,-0.0,-0.0,39.44749999999999,-0.0,-0.0
989,-0.0,-0.0,-0.0,-0.0,-0.0,-0.0,-0.0,15.547499999999996,-0.0,-0.0
990,-0.0,-0.0,0.09588145120081763,-0.0,-0.0,-0.0,-0.0,-0.0,-0.0,-0.0
991,-0.0,-0.0,-0.0,-0.0,-0.0,-0.0,-0.0,-0.0,-0.0,-0.0
992,-0.0,-0.0,0.7999999999999998,-0.0,-0.0,-0.0,-0.0,-0.0,-0.0,-0.0
993,-0.0,-0.0,0.7999999999999998,-0.0,-0.0,-0.0,-0.0,-0.0,-0.0,-0.0
994,-0.0,-0.0,0.9253474706182927,-0.0,-0.0,-0.0,-0.0,-0.0,-0.0,-0.0
995,-0.0,-0.0,1.1308073582013276,-0.0,-0.0,-0.0,-0.0,-0.0,-0.0,-0.0
996,-0.0,-0.0,1.4147368421052617,-0.0,-0.0,-0.0,-0.0,-0.0,-0.0,-0.0
997,-0.0,-0.0,2.2147368421052613,-0.0,-0.0,-0.0,-0.0,200.0,-0.0,-0.0
998,-0.0,-0.0,2.3056208482370955,-0.0,-0.0,-0.0,-0.0,281.4324999999999,-0.0,-0.0
999,21.892330075977156,-0.0,2.3056208482370955,-0.0,-0.0,-0.0,-0.0,478.29499999999996,-0.0,-0.0
1000,39.383730947026024,5.30440015631595,1.5292437404190065,-0.0,-0.0,-0.0,-0.0,568.625,-0.0,-0.0
1001,40.72881576114665,16.706376748804708,1.4600000000000002,14.613266570201375,-0.0,23.500000000000057,-0.0,549.21,-0.0,-0.0
1002,34.71222803810338,14.964243972351085,1.2700000000000002,22.24261801002328,-0.0,25.200000000000045,-0.0,495.585,-0.0,-0.0
1003,26.561219693657083,10.019967629165755,0.9000000000000001,13.559084336171196,-0.0,12.80000000000004,-0.0,431.53499999999997,-0.0,-0.0
1004,18.52751974309563,5.3037869971349,0.5700000000000001,2.76665705441161,-0.0,1.5000000000000284,-0.0,367.085,-0.0,-0.0
1005,11.592857201706908,1.9578456429902147,0.30000000000000004,-0.0,-0.0,-0.0,-0.0,311.78499999999997,-0.0,-0.0
1006,6.117232069490912,-0.0,0.09000000000000008,-0.0,-0.0,-0.0,-0.0,258.63499999999993,-0.0,-0.0
1007,2.021606937274916,-0.0,-0.0,-0.0,-0.0,-0.0,-0.0,215.73499999999996,-0.0,-0.0
1008,0.5396360020013433,-0.0,0.040000000000000036,-0.0,-0.0,-0.0,-0.0,180.78499999999997,-0.0,-0.0
1009,0.05131926367019668,-0.0,0.16999999999999993,-0.0,-0.0,-0.0,-0.0,150.55999999999997,-0.0,-0.0
1010,0.26300252533904933,-0.0,-0.0,-0.0,-0.0,-0.0,-0.0,123.05999999999999,-0.0,-0.0
1011,0.8846857870079021,-0.0,0.17999999999999994,-0.0,-0.0,-0.0,-0.0,94.00999999999999,-0.0,-0.0
1012,1.5700232456191778,-0.0,0.34999999999999987,-0.0,-0.0,-0.0,-0.0,61.65999999999999,-0.0,-0.0
1013,0.7426690981153022,-0.0,-0.0,-0.0,-0.0,-0.0,-0.0,22.109999999999992,-0.0,-0.0
1014,-0.0,-0.0,-0.0,-0.0,-0.0,-0.0,-0.0,-0.0,-0.0,-0.0
1015,-0.0,-0.0,-0.0,-0.0,-0.0,-0.0,-0.0,-0.0,-0.0,-0.0
1016,-0.0,-0.0,-0.0,-0.0,-0.0,-0.0,-0.0,-0.0,-0.0,-0.0
1017,-0.0,-0.0,-0.0,-0.0,-0.0,-0.0,-0.0,-0.0,-0.0,-0.0
1018,-0.0,-0.0,-0.0,-0.0,-0.0,-0.0,-0.0,-0.0,-0.0,-0.0
1019,-0.0,-0.0,0.10522738886050043,-0.0,-0.0,-0.0,-0.0,-0.0,-0.0,-0.0
1020,-0.0,-0.0,0.9052273888605002,-0.0,-0.0,-0.0,-0.0,32.694999999999936,-0.0,-0.0
1021,-0.0,-0.0,1.0409274399591202,-0.0,-0.0,-0.0,-0.0,232.69499999999994,-0.0,-0.0
1022,-0.0,-0.0,1.84092743995912,-0.0,-0.0,-0.0,-0.0,432.69499999999994,-0.0,-0.0
1023,29.461746287411945,-0.0,2.64092743995912,-0.0,-0.0,-0.0,-0.0,613.2149999999999,-0.0,-0.0
1024,40.934427536666206,8.021470087396139,3.3400792028615216,0.6609868240536514,-0.0,40.58599041783195,-0.0,684.5875,-0.0,-0.0
1025,42.17024282660964,18.598739724934923,2.540079202861522,43.24176858667295,-0.0,75.29999999999995,-0.0,645.4525,-0.0,-0.0
1026,35.014421528026986,16.081133359830872,2.2700792028615218,37.957324316446346,-0.0,62.599999999999966,-0.0,575.4275,0.37900058583694474,-0.0
1027,26.29860022944434,10.377574850304057,1.470079202861522,20.738216210964225,-0.0,37.79999999999998,-0.0,497.3025,-0.0,-0.0
1028,18.44450794614957,4.780207763086182,1.1200792028615218,4.6408868270636106,-0.0,17.49999999999997,-0.0,425.65250000000003,-0.0,-0.0
1029,11.78579887508511,1.5771278093317065,0.8900792028615219,-0.0,-0.0,5.699999999999989,-0.0,360.40250000000003,-0.0,-0.0
1030,5.786127213193382,-0.0,0.7100792028615219,-0.0,-0.0,-0.0,-0.0,298.8775,-0.0,-0.0
1031,2.0428013543592307,-0.0,0.6500792028615219,-0.0,-0.0,-0.0,-0.0,245.3775,-0.0,-0.0
1032,0.5404380863523457,-0.0,0.7200792028615219,-0.0,-0.0,-0.0,-0.0,200.9775,-0.0,-0.0
1033,-0.0,-0.0,-0.0,-0.0,-0.0,-0.0,-0.0,161.7525,-0.0,-0.0
1034,-0.0,-0.0,-0.0,-0.0,-0.0,-0.0,-0.0,125.60249999999999,-0.0,-0.0
1035,-0.0,-0.0,0.18999999999999995,-0.0,-0.0,-0.0,-0.0,90.97749999999999,-0.0,-0.0
1036,0.21340937891934858,-0.0,-0.0,-0.0,-0.0,-0.0,-0.0,56.552499999999995,-0.0,-0.0
1037,0.14413004976092908,-0.0,-0.0,-0.0,-0.0,-0.0,-0.0,19.127499999999994,-0.0,-0.0
1038,-0.0,-0.0,-0.0,-0.0,-0.0,-0.0,-0.0,-0.0,-0.0,-0.0
1039,-0.0,-0.0,-0.0,-0.0,-0.0,-0.0,-0.0,-0.0,-0.0,-0.0
1040,-0.0,-0.0,0.3278104241185489,-0.0,-0.0,-0.0,-0.0,-0.0,-0.0,-0.0
1041,-0.0,-0.0,-0.0,-0.0,-0.0,-0.0,-0.0,-0.0,-0.0,-0.0
1042,-0.0,-0.0,0.7999999999999998,-0.0,-0.0,-0.0,-0.0,-0.0,-0.0,-0.0
1043,-0.0,-0.0,0.8687608584568212,-0.0,-0.0,-0.0,-0.0,-0.0,-0.0,-0.0
1044,-0.0,-0.0,1.668760858456821,-0.0,-0.0,-0.0,-0.0,-0.0,-0.0,-0.0
1045,-0.0,-0.0,2.468760858456821,-0.0,-0.0,-0.0,-0.0,129.48249999999996,-0.0,-0.0
1046,14.836074393534293,-0.0,3.2687608584568206,-0.0,-0.0,-0.0,-0.0,329.48249999999996,-0.0,-0.0
1047,23.90365416693653,-0.0,2.966719468574347,-0.0,-0.0,-0.0,-0.0,475.22249999999997,-0.0,-0.0
1048,40.59775027975727,6.340781185291888,2.1667194685743474,-0.0,-0.0,-0.0,-0.0,521.3725,-0.0,-0.0
1049,41.237095497552076,15.890624145292776,1.3667194685743476,34.54541097217091,-0.0,23.100000000000023,-0.0,491.66499999999996,-0.0,-0.0
1050,34.93722766929369,13.856597014237451,1.01,32.3947199408253,-0.0,24.50000000000003,-0.0,435.765,-0.0,-0.0
1051,26.60024761351712,7.856139182987029,0.71,13.75292251738719,-0.0,12.600000000000023,-0.0,374.515,-0.0,-0.0
1052,19.41153854245266,4.0873463626959605,0.3999999999999999,1.6764612586935925,-0.0,2.5999999999999943,-0.0,314.74,-0.0,-0.0
1053,12.8028294713882,1.522601397982129,0.20999999999999996,-0.0,-0.0,-0.0,-0.0,260.865,-0.0,-0.0
1054,7.12950361255405,-0.0,0.040000000000000036,-0.0,-0.0,-0.0,-0.0,210.565,-0.0,-0.0
1055,3.3596357842956657,-0.0,-0.0,-0.0,-0.0,-0.0,-0.0,168.96499999999997,-0.0,-0.0
1056,1.4922633957857734,-0.0,0.09000000000000008,-0.0,-0.0,-0.0,-0.0,134.89,-0.0,-0.0
1057,0.8173864470243792,-0.0,0.25,-0.0,-0.0,-0.0,-0.0,108.43999999999997,-0.0,-0.0
1058,0.40520110437813983,-0.0,-0.0,-0.0,-0.0,-0.0,-0.0,83.46499999999997,-0.0,-0.0
1059,0.5839783525591677,-0.0,0.21999999999999997,-0.0,-0.0,-0.0,-0.0,57.83999999999998,-0.0,-0.0
1060,0.464680782394737,-0.0,0.41999999999999993,-0.0,-0.0,-0.0,-0.0,32.164999999999985,-0.0,-0.0
1061,-0.0,-0.0,-0.0,-0.0,-0.0,-0.0,-0.0,3.539999999999999,-0.0,-0.0
1062,-0.0,-0.0,-0.0,-0.0,-0.0,-0.0,-0.0,-0.0,-0.0,-0.0
1063,-0.0,-0.0,-0.0,-0.0,-0.0,-0.0,-0.0,-0.0,-0.0,-0.0
1064,-0.0,-0.0,-0.0,-0.0,-0.0,-0.0,-0.0,-0.0,-0.0,-0.0
1065,-0.0,-0.0,-0.0,-0.0,-0.0,-0.0,-0.0,-0.0,-0.0,-0.0
1066,-0.0,-0.0,0.1524067450178841,-0.0,-0.0,-0.0,-0.0,-0.0,-0.0,-0.0
1067,-0.0,-0.0,0.9524067450178839,-0.0,-0.0,-0.0,-0.0,-0.0,-0.0,-0.0
1068,-0.0,-0.0,1.1801021972406736,-0.0,-0.0,-0.0,-0.0,-0.0,-0.0,-0.0
1069,-0.0,-0.0,1.3768599897802747,-0.0,-0.0,-0.0,-0.0,61.985000000000014,-0.0,-0.0
1070,13.353466813396665,-0.0,2.1768599897802745,-0.0,-0.0,-0.0,-0.0,261.985,-0.0,-0.0
1071,42.21767098777996,-0.0,2.9768599897802743,-0.0,-0.0,-0.0,-0.0,452.495,-0.0,-0.0
1072,57.53665640147168,6.729189642916083,2.6799999999999997,-0.0,-0.0,-0.0,-0.0,536.4725,-0.0,-0.0
1073,56.62184307464639,12.913696732906175,1.8799999999999997,28.58814782874876,-0.0,20.50000000000003,-0.0,508.80249999999995,-0.0,-0.0
1074,47.52060208182141,5.884923781102771,1.6299999999999997,5.739627110420628,-0.0,0.4000000000000057,-0.0,443.80249999999995,-0.0,-0.0
1075,40.79474430122673,2.2242465404538336,0.8299999999999998,-0.0,-0.0,-0.0,-0.0,390.62749999999994,-0.0,-0.0
1076,35.78446589922901,-0.0,0.7999999999999998,-0.0,-0.0,-0.0,-0.0,345.25249999999994,-0.0,-0.0
1077,31.873224906404026,-0.0,-0.0,-0.0,-0.0,-0.0,-0.0,305.0275,-0.0,-0.0
1078,28.136208368615417,-0.0,0.1200000000000001,-0.0,-0.0,-0.0,-0.0,270.22749999999996,-0.0,-0.0
1079,26.27726664917227,1.0454329956408515,0.3400000000000001,-0.0,-0.0,-0.0,-0.0,242.5775,-0.0,-0.0
1080,22.05928752055639,-0.0,0.3800000000000001,-0.0,-0.0,-0.0,-0.0,202.9275,-0.0,-0.0
1081,18.58745802863143,-0.0,0.53,-0.0,-0.0,-0.0,-0.0,169.57750000000001,-0.0,-0.0
1082,15.699282733648893,-0.0,-0.0,-0.0,-0.0,-0.0,-0.0,138.72750000000002,-0.0,-0.0
1083,12.926686817263324,-0.0,0.18999999999999995,-0.0,-0.0,-0.0,-0.0,108.9025,-0.0,-0.0
1084,10.230436703935329,1.1426179049202503,0.33999999999999986,-0.0,-0.0,-0.0,-0.0,76.80250000000001,-0.0,-0.0
1085,5.450532393664912,1.0069456313932292,0.02635411343893721,-0.0,-0.0,-0.0,-0.0,36.0525,-0.0,-0.0
1086,-0.0,-0.0,-0.0,-0.0,-0.0,-0.0,-0.0,-0.0,-0.0,-0.0
1087,-0.0,-0.0,-0.0,-0.0,-0.0,-0.0,-0.0,-0.0,-0.0,-0.0
1088,-0.0,-0.0,-0.0,-0.0,-0.0,-0.0,-0.0,-0.0,-0.0,-0.0
1089,2.211182748015794,-0.0,-0.0,-0.0,-0.0,-0.0,-0.0,-0.0,-0.0,-0.0
1090,31.67292903542774,-0.0,0.2572994379151763,-0.0,-0.0,-0.0,-0.0,-0.0,-0.0,-0.0
1091,61.13467532283968,-0.0,1.057299437915176,-0.0,-0.0,-0.0,-0.0,34.15750000000003,-0.0,-0.0
1092,90.59642161025162,-0.0,1.057299437915176,85.59118493954955,-0.0,-0.0,-0.0,234.15750000000003,-0.0,-0.0
1093,120.05816789766357,55.38440505548441,1.857299437915176,308.7738611448127,-0.0,-0.0,-0.0,434.1575,-0.0,-0.0
1094,146.36490461738595,124.83792757713701,1.857299437915176,531.9565373500759,-0.0,156.9477872517089,-0.0,634.1575,-0.0,-0.0
1095,163.725065364376,178.16985037767697,2.6572994379151758,699.524265794385,-0.0,332.90209400189275,-0.0,795.9100000000001,4.472456245885747,-0.0
1096,168.85451811035915,200.96498253357194,2.6572994379151758,766.739637230936,-0.0,414.5433173630534,-0.0,848.5675000000001,9.444827299176776,-0.0
1097,159.07731665632454,189.84388950327346,2.4299999999999997,717.7986597843196,-0.0,391.0715781429924,-0.0,791.82,10.007126521521823,-0.0
1098,142.44910487932998,166.34944342190877,1.9200000000000002,624.5784287266254,-0.0,327.0715781429924,-0.0,705.72,7.454958665087922,-0.0
1099,123.88378087481722,142.26237521804003,1.3,525.3719933789797,-0.0,255.57157814299234,-0.0,612.495,3.975958079250976,-0.0
1100,107.37922329476508,121.16911559186238,0.8,435.83089419607853,-0.0,193.87157814299235,-0.0,529.62,1.2018447718221488,-0.0
1101,92.91234820032508,103.2968130772294,0.45999999999999996,361.46710569522133,-0.0,145.17157814299236,-0.0,453.54499999999996,0.18628420160752412,-0.0
1102,78.03103424347604,84.55642478568578,0.18999999999999995,288.8539470526856,-0.0,101.07157814299238,-0.0,384.09499999999997,-0.0,-0.0
1103,64.90624401504522,68.18223785069492,0.030000000000000027,228.1003118763789,-0.0,70.17157814299237,-0.0,323.46999999999997,-0.0,-0.0
1104,53.49933243859319,54.39924730513491,-0.0,178.73288099002366,-0.0,54.671578142992374,-0.0,272.41999999999996,-0.0,-0.0
1105,43.71414987742905,42.50435247072937,-0.0,138.58722882524992,-0.0,47.77157814299237,-0.0,224.84499999999997,-0.0,-0.0
1106,34.729359648998226,32.86659623593363,0.1200000000000001,107.3900362057802,-0.0,42.671578142992374,-0.0,181.045,-0.0,-0.0
1107,26.696886934955252,24.439308622666395,-0.0,81.53731162584799,-0.0,37.171578142992345,-0.0,137.545,-0.0,-0.0
1108,18.84307753835771,17.456298208618737,0.1299999999999999,59.76371892070881,-0.0,30.971578142992357,-0.0,90.54499999999999,-0.0,-0.0
1109,9.766006277551062,8.858282827449159,0.11999999999999988,31.695028317710637,-0.0,15.171578142992345,-0.0,35.769999999999996,-0.0,-0.0
1110,-0.0,-0.0,0.07882217680122616,-0.0,-0.0,-0.0,-0.0,-0.0,-0.0,-0.0
1111,-0.0,-0.0,0.47480071538068436,-0.0,-0.0,-0.0,-0.0,-0.0,-0.0,-0.0
1112,-0.0,-0.0,0.21955288707205023,-0.0,-0.0,-0.0,-0.0,-0.0,-0.0,-0.0
1113,-0.0,-0.0,0.21955288707205023,-0.0,-0.0,-0.0,-0.0,-0.0,-0.0,-0.0
1114,7.786574298211644,-0.0,0.21955288707205023,-0.0,-0.0,-0.0,-0.0,-0.0,-0.0,-0.0
1115,37.24832058562359,-0.0,0.21760091977516693,-0.0,-0.0,-0.0,-0.0,65.5424999999999,9.162234420937764,-0.0
1116,66.71006687303553,-0.0,1.0176009197751668,-0.0,-0.0,-0.0,-0.0,265.5424999999999,18.45435552100258,-0.0
1117,96.17181316044747,-0.0,1.0124757281553403,169.46017195945495,-0.0,144.4936415785936,-0.0,465.5424999999999,27.746476621067394,-0.0
1118,121.96733276430118,67.40750130611544,1.81247572815534,385.85220752703117,-0.0,340.0757661467776,-0.0,665.5424999999999,34.87231721269548,-0.0
1119,138.79174974593445,120.00973205307118,2.61247572815534,538.6217631753476,-0.0,465.01598277625914,-0.0,810.9549999999999,38.52406370855231,-0.0
1120,141.55249905680338,141.34922001095916,2.61247572815534,583.6404436445595,-0.0,495.52878428041214,1.7033764953711952,848.2425,37.49877656903242,-0.0
1121,128.93333412127384,127.79147687106705,2.35,514.3912610743996,-0.0,427.09999999999997,4.744400785854609,777.6175,32.339366849590505,-0.0
1122,110.1045156041733,101.72371070202747,1.81,398.6060429722294,-0.0,329.79999999999995,2.807072691552058,675.2425,24.953271855349357,-0.0
1123,91.34186496476968,76.26022173220747,1.23,278.81284185852616,-0.0,232.3,-0.0,574.0174999999999,17.679347755286905,-0.0
1124,75.14538220306301,55.60600499448512,0.73,182.99569171022395,-0.0,150.0,-0.0,485.0675,11.751758196418365,-0.0
1125,60.892749804665414,40.76654401175469,0.3799999999999999,114.57546065252976,-0.0,86.1,-0.0,404.4425,6.785165013968085,-0.0
1126,48.17088383072842,27.22780086268277,0.1399999999999999,55.35123808906906,-0.0,37.5,-0.0,331.9675,2.6527354785330246,-0.0
1127,37.59805526596416,16.603344847074254,-0.0,18.553696349330863,-0.0,8.900000000000006,-0.0,269.8175,0.2593095666797005,-0.0
1128,29.70176867062414,10.856505986847864,-0.0,4.1570652059671716,-0.0,-0.0,-0.0,217.11749999999998,-0.0,-0.0
1129,23.57106145388108,7.465619271044247,-0.0,-0.0,-0.0,-0.0,-0.0,173.6675,-0.0,-0.0
1130,18.518821388216793,5.626397566199991,0.15999999999999992,-0.0,-0.0,-0.0,-0.0,132.6175,-0.0,-0.0
1131,14.201590443055514,4.5783623165427585,-0.0,-0.0,-0.0,-0.0,-0.0,94.6675,-0.0,-0.0
1132,10.089172452030587,3.9258006555359515,0.17999999999999994,-0.0,-0.0,-0.0,-0.0,57.1175,-0.0,-0.0
1133,5.1965582946390025,1.5158611170331824,-0.0,-0.0,-0.0,-0.0,-0.0,17.4925,-0.0,-0.0
1134,-0.0,-0.0,0.0988221768012264,-0.0,-0.0,-0.0,-0.0,-0.0,-0.0,-0.0
1135,-0.0,-0.0,0.5827465508431273,-0.0,-0.0,-0.0,-0.0,-0.0,-0.0,-0.0
1136,-0.0,-0.0,-0.0,-0.0,-0.0,-0.0,-0.0,-0.0,-0.0,-0.0
1137,-0.0,-0.0,0.7897419519672979,-0.0,-0.0,-0.0,-0.0,-0.0,-0.0,-0.0
1138,-0.0,-0.0,1.5897419519672977,-0.0,-0.0,-0.0,-0.0,-0.0,-0.0,-0.0
1139,2.681652517504741,-0.0,1.7355544200306596,-0.0,-0.0,-0.0,-0.0,-0.0,-0.0,-0.0
1140,32.143398804916686,-0.0,1.8617194685743488,-0.0,-0.0,-0.0,-0.0,101.85499999999996,-0.0,-0.0
1141,61.60514509232863,-0.0,1.9465942769545221,-0.0,-0.0,-0.0,-0.0,301.85499999999996,-0.0,-0.0
1142,91.06689137974057,3.236082100307655,2.746594276954522,60.76419781176202,-0.0,194.51614385332786,-0.0,501.85499999999996,2.609771517949911,-0.0
1143,112.87228555755041,63.54824021957113,3.546594276954522,251.01584561690657,-0.0,194.51614385332786,-0.0,669.985,11.324383178998158,-0.0
1144,120.82116024075191,93.83842218346729,2.746594276954522,348.2005413486967,-0.0,283.75744775302286,-0.0,734.7475000000001,15.08189596136668,-0.0
1145,112.76454311678631,88.39694385673724,2.6999999999999997,324.4259249096551,-0.0,268.5,-0.0,684.7925,13.584802655794139,-0.0
1146,96.98381765903724,68.12035420864085,2.3,247.43636618144996,-0.0,207.5,-0.0,600.8175,9.09377308130328,-0.0
1147,80.3084936545245,47.987802481877864,1.5,162.50016910068976,-0.0,140.5,-0.0,511.9925,4.697808926562711,-0.0
1148,65.95741234605414,31.89714510971659,0.7000000000000002,95.8786783263526,-0.0,85.4,-0.0,429.3675,1.679852018985624,-0.0
1149,53.816527203950436,19.346956359083826,0.3700000000000001,53.45410664262346,-0.0,46.0,-0.0,357.8175,0.45456419379636515,-0.0
1150,42.58448330465281,9.656289052678723,0.13000000000000012,18.369100896290803,-0.0,14.0,-0.0,290.71750000000003,-0.0,-0.0
1151,32.5639722542764,3.199430323964677,0.020000000000000018,1.1583249226101486,-0.0,-0.0,-0.0,236.1175,-0.0,-0.0
1152,25.31904058249696,0.8006673064051029,-0.0,-0.0,-0.0,-0.0,-0.0,189.91750000000002,-0.0,-0.0
1153,19.35526766791145,-0.0,-0.0,-0.0,-0.0,-0.0,-0.0,150.6175,-0.0,-0.0
1154,14.85803672275017,-0.0,0.1399999999999999,-0.0,-0.0,-0.0,-0.0,117.4675,-0.0,-0.0
1155,11.014459974531311,-0.0,-0.0,-0.0,-0.0,-0.0,-0.0,83.7175,-0.0,-0.0
1156,7.356462604909423,-0.0,-0.0,-0.0,-0.0,-0.0,-0.0,50.692499999999995,-0.0,-0.0
1157,3.103082023057224,-0.0,-0.0,-0.0,-0.0,-0.0,-0.0,13.742499999999993,-0.0,-0.0
1158,-0.0,-0.0,0.18882217680122626,-0.0,-0.0,-0.0,-0.0,-0.0,-0.0,-0.0
1159,-0.0,-0.0,0.12452478283086377,-0.0,-0.0,-0.0,-0.0,-0.0,-0.0,-0.0
1160,-0.0,-0.0,0.12452478283086377,-0.0,-0.0,-0.0,-0.0,-0.0,-0.0,-0.0
1161,-0.0,-0.0,-0.0,-0.0,-0.0,-0.0,-0.0,-0.0,-0.0,-0.0
1162,-0.0,-0.0,0.7999999999999998,-0.0,-0.0,-0.0,-0.0,-0.0,-0.0,-0.0
1163,-0.0,-0.0,1.0095784363822171,-0.0,-0.0,-0.0,-0.0,-0.0,-0.0,-0.0
1164,-0.0,-0.0,1.809578436382217,-0.0,-0.0,-0.0,-0.0,-0.0,-0.0,-0.0
1165,-0.0,-0.0,2.6095784363822165,-0.0,-0.0,-0.0,-0.0,124.56749999999982,-0.0,-0.0
1166,26.34625761169475,-0.0,3.4095784363822164,-0.0,-0.0,-0.0,-0.0,324.5674999999998,-0.0,-0.0
1167,54.557521641780774,-0.0,3.4095784363822164,-0.0,-0.0,-0.0,-0.0,520.2024999999999,-0.0,-0.0
1168,68.779876765595,34.880925079902404,2.647199795605517,116.42897581124296,-0.0,68.50032215413735,-0.0,607.8824999999999,-0.0,-0.0
1169,66.46381454329418,39.99793248308191,2.770252938170668,133.33588029675062,-0.0,92.19999999999999,-0.0,580.7025,-0.0,-0.0
1170,55.766601839138914,29.924882332058928,2.2299999999999995,98.73798943674396,-0.0,67.69999999999999,-0.0,517.6775,-0.0,-0.0
1171,43.750940224910885,17.16230080256446,1.8299999999999996,53.071681502600825,-0.0,33.099999999999994,-0.0,446.4525,-0.0,-0.0
1172,33.272979337301024,7.866379316907441,1.0299999999999998,17.193399051158224,-0.0,8.199999999999989,-0.0,375.97749999999996,-0.0,-0.0
1173,25.38617720688509,2.435452864128507,0.22999999999999998,2.6160271960901014,-0.0,-0.0,-0.0,318.4025,-0.0,-0.0
1174,18.658608652008542,-0.0,0.050000000000000044,-0.0,-0.0,-0.0,-0.0,266.0775,-0.0,-0.0
1175,14.242002687959264,-0.0,-0.0,-0.0,-0.0,-0.0,-0.0,224.25249999999997,-0.0,-0.0
1176,12.104434133082716,-0.0,0.10000000000000009,-0.0,-0.0,-0.0,-0.0,192.10249999999996,-0.0,-0.0
1177,11.282248790436476,-0.0,0.25,-0.0,-0.0,-0.0,-0.0,163.67749999999995,-0.0,-0.0
1178,10.941026038617505,-0.0,0.44999999999999996,-0.0,-0.0,-0.0,-0.0,137.12749999999997,-0.0,-0.0
1179,10.519036862337924,-0.0,0.10635411343893728,-0.0,-0.0,-0.0,-0.0,109.62749999999997,-0.0,-0.0
1180,9.733589655482575,0.4490395420487374,0.23635411343893717,-0.0,-0.0,-0.0,-0.0,78.75249999999997,-0.0,-0.0
1181,5.961030221109038,1.4447731331072475,0.18635411343893712,0.9905993384668363,-0.0,-0.0,-0.0,33.95249999999998,-0.0,-0.0
1182,-0.0,-0.0,-0.0,-0.0,-0.0,-0.0,-0.0,-0.0,-0.0,-0.0
1183,-0.0,-0.0,-0.0,-0.0,-0.0,-0.0,-0.0,-0.0,-0.0,-0.0
1184,-0.0,-0.0,0.60561062851303,-0.0,-0.0,-0.0,-0.0,-0.0,-0.0,-0.0
1185,-0.0,-0.0,1.4056106285130299,-0.0,-0.0,-0.0,-0.0,-0.0,-0.0,-0.0
1186,-0.0,-0.0,2.2056106285130297,-0.0,-0.0,-0.0,-0.0,-0.0,-0.0,-0.0
1187,-0.0,-0.0,2.6362825753704655,-0.0,-0.0,-0.0,-0.0,-0.0,-0.0,-0.0
1188,-0.0,-0.0,2.4955084312723557,-0.0,-0.0,-0.0,-0.0,163.84500000000003,-0.0,-0.0
1189,29.461746287411945,-0.0,2.3174425140521207,-0.0,-0.0,-0.0,-0.0,363.845,-0.0,-0.0
1190,41.03044084707345,-0.0,2.3174425140521207,-0.0,-0.0,-0.0,-0.0,563.845,-0.0,-0.0
1191,65.00410080905647,6.029463690185494,2.3174425140521207,44.26085899547613,-0.0,84.65889744664076,-0.0,708.0375,1.9141111839098928,-0.0
1192,76.25138325315399,42.7364305952192,2.637299437915176,164.3381268109382,-0.0,179.21457335190829,-0.0,751.6975,6.930471442259981,-0.0
1193,71.73384654060669,44.72206974685363,2.44,170.44182975969701,-0.0,176.59999999999994,-0.0,697.965,7.254154533780831,-0.0
1194,59.80513746954223,32.95684622636745,1.8399999999999999,123.79604083049242,-0.0,129.19999999999996,-0.0,610.09,4.8166012107296865,-0.0
1195,46.437390989305044,19.495431283572344,1.15,66.58092423077682,-0.0,73.59999999999997,-0.0,518.715,1.6253824288724523,-0.0
1196,35.0869529029527,9.224016340777233,0.6200000000000001,26.209365074224195,-0.0,33.29999999999998,-0.0,436.99,-0.0,-0.0
1197,26.379206422715512,2.8828406758682945,0.28,6.585354866601108,-0.0,10.599999999999994,-0.0,368.29,-0.0,-0.0
1198,19.529534760823786,-0.0,0.08000000000000007,-0.0,-0.0,-0.0,-0.0,309.04,-0.0,-0.0
1199,15.681592114219939,-0.0,-0.0,-0.0,-0.0,-0.0,-0.0,262.165,-0.0,-0.0
1200,13.822686876788822,-0.0,-0.0,-0.0,-0.0,-0.0,-0.0,222.89000000000001,-0.0,-0.0
1201,13.162819048530437,-0.0,0.03411854879918247,-0.0,-0.0,-0.0,-0.0,189.365,-0.0,-0.0
1202,13.019297023329628,-0.0,0.03411854879918247,-0.0,-0.0,-0.0,-0.0,156.44,-0.0,-0.0
1203,12.88942919507124,-0.0,0.2041185487991824,-0.0,-0.0,-0.0,-0.0,125.215,-0.0,-0.0
1204,11.812252972928007,4.815123811610405,0.3141185487991825,2.973212659771491,-0.0,5.085869610030489,-0.0,91.36500000000001,-0.0,-0.0
1205,7.5168057660726575,4.43752738075019,0.24411854879918243,9.33050463995886,-0.0,5.085869610030489,-0.0,39.865,-0.0,-0.0
1206,-0.0,-0.0,-0.0,-0.0,-0.0,-0.0,-0.0,-0.0,-0.0,-0.0
1207,-0.0,-0.0,-0.0,-0.0,-0.0,-0.0,-0.0,-0.0,-0.0,-0.0
1208,-0.0,-0.0,-0.0,-0.0,-0.0,-0.0,-0.0,-0.0,-0.0,-0.0
1209,-0.0,-0.0,0.7999999999999998,-0.0,-0.0,-0.0,-0.0,-0.0,-0.0,-0.0
1210,-0.0,-0.0,1.5999999999999996,-0.0,-0.0,-0.0,-0.0,-0.0,-0.0,-0.0
1211,-0.0,-0.0,2.3999999999999995,-0.0,-0.0,-0.0,-0.0,36.70749999999998,-0.0,-0.0
1212,-0.0,-0.0,2.2069902912621346,-0.0,-0.0,-0.0,-0.0,236.70749999999998,-0.0,-0.0
1213,25.71305760871014,-0.0,2.3568727644353604,-0.0,-0.0,-0.0,-0.0,436.7075,-0.0,-0.0
1214,55.174803896122086,-0.0,3.1568727644353602,-0.0,-0.0,13.918680817159327,-0.0,636.7075,7.011128411787439,-0.0
1215,77.49284436183939,30.153855378007485,3.9095350025549305,158.44259264550547,-0.0,171.858937715908,-0.0,781.6475,13.016144448370905,-0.0
1216,86.51543395186067,63.03946521849759,3.1095350025549306,256.73252008735915,-0.0,247.21457335190834,-0.0,825.6225000000001,15.971296070510629,-0.0
1217,80.51186952051093,61.920573618039356,2.86,243.4598293313495,-0.0,227.29999999999998,-0.0,762.6500000000001,14.476809512399651,-0.0
1218,66.69237578397984,45.71203000987829,2.06,182.1251043230699,-0.0,165.79999999999998,-0.0,666.6,9.836907153827635,-0.0
1219,52.224040804642684,28.311103557099358,1.38,112.65571547953479,-0.0,99.19999999999999,-0.0,567.5,4.611619328638376,-0.0
1220,39.70493940084491,15.159937826434252,0.8399999999999999,58.7863266359997,-0.0,48.599999999999994,-0.0,477.49999999999994,1.3009460368318706,-0.0
1221,29.5814173756441,5.678532817882974,0.43999999999999995,22.5604952356276,-0.0,17.299999999999983,-0.0,403.44999999999993,-0.0,-0.0
1222,21.72982053209783,0.23069710913659236,0.1399999999999999,-0.0,-0.0,-0.0,-0.0,339.04999999999995,-0.0,-0.0
1223,16.912074051860635,-0.0,-0.0,-0.0,-0.0,-0.0,-0.0,284.2,-0.0,-0.0
1224,14.630869541047678,-0.0,0.010000000000000009,-0.0,-0.0,-0.0,-0.0,241.1,-0.0,-0.0
1225,13.952356636349874,-0.0,0.1100000000000001,-0.0,-0.0,-0.0,-0.0,204.125,-0.0,-0.0
1226,13.423647565285416,-0.0,0.24,-0.0,-0.0,-0.0,-0.0,168.625,-0.0,-0.0
1227,12.777433933969453,-0.0,0.3600000000000001,-0.0,-0.0,-0.0,-0.0,134.45000000000002,-0.0,-0.0
1228,11.061986727114105,1.6455920515584737,0.2185896780786919,-0.0,-0.0,-0.0,-0.0,94.47500000000001,-0.0,-0.0
1229,6.16923112637391,1.2658520539665545,0.16858967807869185,3.3253740449062263,-0.0,1.5573269452213268,-0.0,42.95,-0.0,-0.0
1230,-0.0,-0.0,-0.0,-0.0,-0.0,-0.0,-0.0,-0.0,-0.0,-0.0
1231,-0.0,-0.0,-0.0,-0.0,-0.0,-0.0,-0.0,-0.0,-0.0,-0.0
1232,-0.0,-0.0,-0.0,-0.0,-0.0,-0.0,-0.0,-0.0,-0.0,-0.0
1233,-0.0,-0.0,-0.0,-0.0,-0.0,-0.0,-0.0,-0.0,-0.0,-0.0
1234,-0.0,-0.0,0.7999999999999998,-0.0,-0.0,-0.0,-0.0,71.5424999999999,-0.0,-0.0
1235,-0.0,-0.0,1.3638272866632608,-0.0,-0.0,-0.0,-0.0,71.5424999999999,-0.0,-0.0
1236,-0.0,-0.0,1.3638272866632608,-0.0,-0.0,-0.0,-0.0,271.5424999999999,-0.0,-0.0
1237,8.110586361586524,-0.0,2.1638272866632606,-0.0,-0.0,-0.0,-0.0,471.5424999999999,-0.0,-0.0
1238,37.57233264899847,-0.0,1.8169468574348495,-0.0,-0.0,-0.0,-0.0,671.5424999999999,-0.0,-0.0
1239,62.066596999884894,14.863090471518483,2.6169468574348493,92.67954067059165,-0.0,103.40189265555676,-0.0,805.8349999999999,5.954174801046396,-0.0
1240,73.2315601117662,50.810174845123726,2.6169468574348493,207.2549872933047,-0.0,205.1860306870991,-0.0,819.7475,9.51915198122996,-0.0
1241,68.44359511784779,51.48323633355297,2.41,203.6442124285521,-0.0,199.99999999999994,-0.0,757.255,8.940438735388348,-0.0
1242,56.09026925901364,38.647544191538294,1.8299999999999998,149.2401597497615,-0.0,145.69999999999996,-0.0,668.555,5.690714518158508,-0.0
1243,42.16983117266129,23.005421349328508,1.18,83.41033684362287,-0.0,83.49999999999997,-0.0,573.2049999999999,2.2824375637144634,-0.0
1244,30.921318267963482,11.163059229232552,0.6500000000000001,37.66762882381025,-0.0,37.599999999999966,-0.0,486.655,0.11805151126027624,-0.0
1245,22.670113757150524,3.9926013979821278,0.31000000000000005,12.69025696874212,-0.0,12.399999999999977,-0.0,414.08,-0.0,-0.0
1246,16.314292458567873,-0.0,0.07000000000000006,-0.0,-0.0,-0.0,-0.0,348.905,-0.0,-0.0
1247,12.125779553870068,-0.0,-0.0,-0.0,-0.0,-0.0,-0.0,296.80499999999995,-0.0,-0.0
1248,10.253612452229838,-0.0,0.040000000000000036,-0.0,-0.0,-0.0,-0.0,253.72999999999996,-0.0,-0.0
1249,9.61779115364719,-0.0,0.040000000000000036,-0.0,-0.0,-0.0,-0.0,215.05499999999998,-0.0,-0.0
1250,9.499278248949384,-0.0,0.038942258559019005,-0.0,-0.0,-0.0,-0.0,180.02999999999997,-0.0,-0.0
1251,9.732690525906122,-0.0,0.18894225855901892,-0.0,-0.0,5.3144525441068104,-0.0,142.65499999999997,-0.0,-0.0
1252,9.394373787574974,-0.0,0.308942258559019,-0.0,-0.0,23.614452544106822,-0.0,101.67999999999998,-0.0,-0.0
1253,6.153365443128675,0.1071417027381969,0.2089422585590189,0.986493586244535,-0.0,18.114452544106822,-0.0,47.37999999999998,0.24231452002842802,-0.0
1254,-0.0,-0.0,-0.0,-0.0,-0.0,-0.0,-0.0,-0.0,-0.0,-0.0
1255,-0.0,-0.0,0.06104241185487991,-0.0,-0.0,-0.0,-0.0,-0.0,-0.0,-0.0
1256,-0.0,-0.0,0.06104241185487991,-0.0,-0.0,-0.0,-0.0,-0.0,-0.0,-0.0
1257,-0.0,-0.0,0.8610424118548797,-0.0,-0.0,-0.0,-0.0,-0.0,-0.0,-0.0
1258,-0.0,-0.0,1.6610424118548797,-0.0,-0.0,-0.0,-0.0,-0.0,-0.0,-0.0
1259,-0.0,-0.0,2.4610424118548795,-0.0,-0.0,-0.0,-0.0,53.43249999999989,-0.0,-0.0
1260,-0.0,-0.0,2.618612672457844,-0.0,-0.0,-0.0,-0.0,253.4324999999999,-0.0,-0.0
1261,23.8062009769985,-0.0,2.618612672457844,-0.0,-0.0,-0.0,-0.0,453.4324999999999,0.47496636171410067,-0.0
1262,52.78151840014429,-0.0,3.4186126724578436,-0.0,-0.0,21.118358663022008,-0.0,653.4324999999999,8.591325285600309,-0.0
1263,73.50103489350835,27.689530307454596,2.618612672457844,107.25230960550674,-0.0,168.930193704763,-0.0,806.7024999999999,14.237143380271334,-0.0
1264,81.7762355738792,54.00035142956149,2.780945324476239,195.80950453675248,-0.0,239.11453308264117,-0.0,857.0949999999999,16.554448308022916,-0.0
1265,75.37449211392732,51.855858456057035,2.5,187.312978622957,-0.0,219.1,-0.0,797.8174999999999,14.664591316379358,-0.0
1266,61.17423195293561,36.886357736351286,1.8900000000000001,129.49695142686687,-0.0,156.2,-0.0,700.7674999999999,9.402743506812417,-0.0
1267,46.322438943022675,21.423995616255326,1.2400000000000002,69.2422688897548,-0.0,90.19999999999999,-0.0,599.1925,3.9774556816231588,-0.0
1268,34.24449629641883,10.841154940387028,0.6800000000000002,28.696479960550192,-0.0,41.599999999999994,-0.0,511.0675,1.0155605702146246,-0.0
1269,25.910207846757412,4.026409975673197,0.31000000000000005,8.085354866601108,-0.0,14.099999999999994,-0.0,433.24249999999995,-0.0,-0.0
1270,19.251302609326295,-0.0,0.09000000000000008,-0.0,-0.0,-0.0,-0.0,366.7674999999999,-0.0,-0.0
1271,14.91143478106791,-0.0,-0.0,-0.0,-0.0,-0.0,-0.0,308.29249999999996,-0.0,-0.0
1272,13.033295968097406,-0.0,0.07000000000000006,-0.0,-0.0,-0.0,-0.0,265.2675,-0.0,-0.0
1273,12.645923579587514,-0.0,0.28,-0.0,-0.0,-0.0,-0.0,229.24249999999998,-0.0,-0.0
1274,12.83470082776854,-0.0,-0.0,-0.0,-0.0,-0.0,-0.0,192.34249999999997,-0.0,-0.0
1275,12.86424450041018,-0.0,0.006001532958610167,-0.0,-0.0,-0.0,-0.0,153.84249999999997,-0.0,-0.0
1276,12.23917138528213,2.804864283656137,0.20600153295861012,-0.0,-0.0,-0.0,-0.0,110.44249999999998,1.051431265175859,-0.0
1277,7.733902103787421,3.3982249643405993,0.1860015329586101,7.777939342432546,-0.0,3.2144122748396455,-0.0,52.267499999999984,1.9969143732210899,-0.0
1278,-0.0,-0.0,-0.0,-0.0,-0.0,-0.0,-0.0,-0.0,-0.0,-0.0
1279,-0.0,-0.0,-0.0,-0.0,-0.0,-0.0,-0.0,-0.0,-0.0,-0.0
1280,-0.0,-0.0,0.7999999999999998,-0.0,-0.0,-0.0,-0.0,-0.0,-0.0,-0.0
1281,-0.0,-0.0,0.375475217169136,-0.0,-0.0,-0.0,-0.0,-0.0,-0.0,-0.0
1282,-0.0,-0.0,0.6174808380173742,-0.0,-0.0,-0.0,-0.0,153.94999999999993,-0.0,-0.0
1283,-0.0,-0.0,0.6174808380173742,-0.0,-0.0,-0.0,-0.0,353.94999999999993,-0.0,-0.0
1284,20.38448189597491,-0.0,1.417480838017374,-0.0,-0.0,-0.0,-0.0,528.92,-0.0,-0.0
1285,49.846228183386856,-0.0,1.417480838017374,-0.0,-0.0,-0.0,-0.0,653.9175,-0.0,-0.0
1286,79.3079744707988,-0.0,2.217480838017374,21.891962015352448,-0.0,11.23244878372438,-0.0,722.24,-0.0,-0.0
1287,102.4482764434318,60.68763552888406,3.0001430761369443,225.54610336053602,-0.0,167.35865583103788,-0.0,757.6675,-0.0,-0.0
1288,112.79352169093043,95.8165369070752,3.3499999999999996,324.2031911655124,-0.0,236.80024161560303,-0.0,751.0325,2.3409371381856596,13.822836553067846
1289,106.37095579904576,94.35905676470324,2.55,306.40792533800254,-0.0,220.40000000000003,-0.0,686.2925,3.006968559438228,18.761390342360475
1290,92.43183615424198,77.60457094636322,1.97,238.96738763120737,-0.0,165.10000000000002,-0.0,598.8675000000001,1.6839824679282458,15.601137305445235
1291,77.50982873695638,59.240324405909384,1.3299999999999998,169.18329248124923,-0.0,105.4,-0.0,507.46750000000003,-0.0,10.416356039994863
1292,63.417428986937466,44.07250856565066,0.8,108.49030372338359,-0.0,58.0,-0.0,429.1675,-0.0,5.710316976480719
1293,51.846169753106466,31.942080537131723,0.42999999999999994,67.21419158495843,-0.0,26.900000000000006,-0.0,360.3675,-0.0,2.5354729377563032
1294,40.295284611002764,18.715949576320014,0.1399999999999999,27.44116035592529,-0.0,4.800000000000011,-0.0,298.1675,-0.0,-0.0
1295,30.94151169641725,9.476727871475752,0.010000000000000009,4.811686570055144,-0.0,-0.0,-0.0,244.3425,-0.0,-0.0
1296,24.05870137265901,3.2475061666314957,-0.0,-0.0,-0.0,-0.0,-0.0,200.7175,-0.0,-0.0
1297,18.709545245843188,0.33351877255149276,-0.0,-0.0,-0.0,-0.0,-0.0,164.6175,-0.0,-0.0
1298,14.145202073163716,-0.0,-0.0,-0.0,-0.0,-0.0,-0.0,132.2925,-0.0,-0.0
1299,10.698559627102409,-0.0,0.16999999999999993,-0.0,-0.0,-0.0,-0.0,101.2175,-0.0,-0.0
1300,7.410580498486528,-0.0,0.16999999999999993,-0.0,-0.0,-0.0,-0.0,68.2175,-0.0,-0.0
1301,3.831068520949426,-0.0,0.16999999999999993,-0.0,-0.0,-0.0,-0.0,29.6425,-0.0,-0.0
1302,-0.0,-0.0,-0.0,-0.0,-0.0,-0.0,-0.0,-0.0,-0.0,-0.0
1303,-0.0,-0.0,-0.0,-0.0,-0.0,-0.0,-0.0,-0.0,-0.0,-0.0
1304,12.549512211800842,-0.0,0.7999999999999998,-0.0,-0.0,-0.0,-0.0,-0.0,-0.0,-0.0
1305,42.011258499212786,-0.0,0.5593995912110388,-0.0,-0.0,-0.0,-0.0,-0.0,-0.0,-0.0
1306,71.47300478662473,-0.0,1.3593995912110386,-0.0,-0.0,-0.0,-0.0,-0.0,-0.0,-0.0
1307,100.93475107403667,-0.0,1.4745068983137464,30.03698313881972,-0.0,-0.0,-0.0,76.68500000000006,-0.0,-0.0
1308,130.3964973614486,18.658609244516214,1.6077312212570267,253.21965934408288,-0.0,-0.0,-0.0,276.68500000000006,8.483244381664711,-0.0
1309,159.85824364886057,88.11213176616882,1.6648415942769548,476.40233554934605,-0.0,207.72153993512802,-0.0,476.68500000000006,17.775365481729526,-0.0
1310,189.31998993627252,157.56565428782142,1.5486663260091977,699.5850117546092,-0.0,333.91908350983095,-0.0,676.6850000000001,27.06748658179434,-0.0
1311,210.53861184748203,218.93773939781218,1.1297981604496676,896.8082687841088,-0.0,520.6592196007781,-0.0,825.1500000000001,36.283097612857716,-0.0
1312,218.5166659165791,248.61706744374828,1.7310654062340314,990.9586467952827,-0.0,609.8719405663968,-0.0,878.5325,40.46247706663193,-0.0
1313,209.84045701515024,240.65365627819887,1.7199999999999998,952.343557197742,-0.0,584.0716184122595,-0.0,824.7775,38.79144520433336,-0.0
1314,192.0031713469709,216.24899078743567,1.2699999999999998,853.5632411977128,-0.0,498.6716184122595,-0.0,733.0275,33.14924111208206,-0.0
1315,174.80761469407946,192.25337811937163,0.47,751.7037933228905,-0.0,412.07161841225945,-0.0,639.6775,27.309480659034826,-0.0
1316,159.79647866259106,170.3870575518929,0.21999999999999997,652.4514178632268,-0.0,336.6716184122595,-0.0,556.2275,22.845331115788607,-0.0
1317,145.61206252588752,150.42026836288565,0.07000000000000006,561.7061148187215,-0.0,270.6716184122595,-0.0,482.2275,19.615345219557604,-0.0
1318,132.15686172371736,130.18777624158565,-0.0,473.8461054677933,-0.0,206.67161841225948,-0.0,411.8525,16.697577519346886,-0.0
1319,119.71203501327449,111.49076764317992,0.08000000000000007,394.7287429636535,-0.0,156.97161841225952,-0.0,351.3775,15.574922540728055,-0.0
1320,106.63143275786801,92.12447687843269,0.10000000000000009,314.7984953458397,-0.0,108.2716184122595,-0.0,288.8275,14.808329358277778,-0.0
1321,94.5742885330373,74.84413825810822,-0.0,249.3602647164929,-0.0,72.3716184122595,-0.0,231.0775,15.427074340603154,-0.0
1322,83.22791073266721,59.67927322643417,-0.0,192.2140510756131,-0.0,49.37161841225948,-0.0,177.9525,17.111655675913312,-0.0
1323,71.89671997816076,44.16655176149183,-0.0,141.80740337212978,-0.0,34.471618412259474,-0.0,128.1025,19.39134973281535,-0.0
1324,60.38994984505735,29.72168672981779,0.18999999999999995,94.5670024297655,-0.0,24.571618412259465,-0.0,80.9025,21.546654699518406,-0.0
1325,47.83317971195394,13.44063027583481,0.34999999999999987,43.05727381689023,-0.0,8.47161841225947,-0.0,28.777499999999996,22.399563328858996,-0.0
1326,35.77651197127884,-0.0,0.5314103219213079,-0.0,-0.0,-0.0,-0.0,-0.0,22.286842315927885,-0.0
1327,34.99927701001336,-0.0,-0.0,-0.0,-0.0,-0.0,-0.0,-0.0,24.49915998294939,-0.0
1328,45.50303999005979,-0.0,0.23028615227388904,85.53463095233624,-0.0,-0.0,-0.0,-0.0,28.38945965413513,-0.0
1329,65.27876033724051,-0.0,-0.0,85.53463095233624,-0.0,95.346040140789,-0.0,-0.0,34.28214809347105,-0.0
1330,93.1162009537178,-0.0,0.10476239141543164,308.7173071575994,-0.0,303.067580075917,-0.0,173.11749999999984,41.490362237710315,-0.0
1331,122.57794724112973,-0.0,0.3299897802759322,531.8999833628626,-0.0,510.78912001104504,-0.0,173.11749999999984,48.60743219803294,-0.0
1332,152.03969352854168,20.272206022228033,0.574391926417986,755.0826595681258,-0.0,718.5106599461731,-0.0,373.11749999999984,55.314003617251856,-0.0
1333,181.50143981595363,89.72572854388063,1.2267373530914671,978.265335773389,-0.0,926.2321998813011,-0.0,573.1174999999998,62.60014252967934,-0.0
1334,209.197018529562,159.17925106553324,2.026737353091467,1201.4480119786522,-0.0,1133.953739816429,-0.0,773.1174999999998,68.71413121531195,17.19412509815017
1335,227.35416616823073,213.99281553897902,2.826737353091467,1365.8789254173914,-0.0,1298.4223783029183,-0.0,936.3974999999999,73.21402651096247,41.34843047004156
1336,231.7282882915047,237.6738622262563,2.0291824220746038,1423.7407228506597,-0.0,1372.4493101970409,5.825736738703313,993.9975,74.33696880051852,53.89990960736554
1337,220.1487841461372,225.24403550667589,2.1799999999999997,1357.6202903022288,-0.0,1337.2632392406745,11.110805500982302,942.7099999999999,71.39689778460998,53.814596833266336
1338,200.15796748335802,195.70084542020504,1.38,1226.7873108952915,-0.0,1244.7632392406745,10.048722986247533,849.41,64.8645628528581,44.725287728044655
1339,178.63697289521824,163.7188417889212,0.9299999999999999,1072.7067825394247,-0.0,1134.9632392406745,4.333791748526522,745.635,57.022453364289994,31.511450394287838
1340,159.22061333585415,134.2327803678163,0.51,936.6320668820733,-0.0,1028.7632392406745,-0.0,647.285,49.74862386791073,18.746795452913183
1341,142.88580486641732,109.32266115689033,0.24,816.2018192642595,-0.0,934.1632392406744,-0.0,555.435,44.26990709312335,8.850945486748795
1342,128.21119256334714,87.74968054557417,0.06000000000000005,710.8458014190977,-0.0,850.2632392406745,-0.0,471.36,39.93996849873394,2.2353470024443993
1343,116.30043062358604,71.03026923406289,-0.0,627.6253580055659,-0.0,782.1632392406744,-0.0,399.81,36.81002990434453,-0.0
1344,106.64717324407644,58.26775724427523,0.10000000000000009,566.2800549610606,-0.0,727.8632392406745,-0.0,338.81,35.47764767075106,-0.0
1345,98.33218684927895,49.05833599852012,0.25,516.6703263481853,-0.0,682.4632392406745,-0.0,283.36,35.013545429346436,-0.0
1346,90.31989206059662,41.917957641220326,0.42999999999999994,478.46150833168457,-0.0,640.1632392406746,-0.0,231.36,35.19333408993167,-0.0
1347,82.32490566579914,35.20067002795309,0.040825242718446675,448.3278306842103,-0.0,598.9632392406745,-0.0,182.185,35.64873366031791,-0.0
1348,74.23011543736831,27.795047425645212,0.2108252427184466,423.02174445683306,-0.0,552.5632392406745,-0.0,127.06,35.50902050911227,-0.0
1349,63.02917557224656,15.417520534491807,0.17082524271844657,377.70368371215636,-0.0,480.06323924067453,1.8929249207399224,55.785,32.62786009512082,-0.0
1350,49.38764175453976,-0.0,-0.0,323.7120790432051,-0.0,397.07736963064406,-0.0,-0.0,27.95560464874734,-0.0
1351,48.38704441718762,-0.0,0.2204496678589678,345.1218617899522,-0.0,396.39029194259854,-0.0,-0.0,26.161362684285738,-0.0
1352,61.09376349405715,2.4656849167316466,-0.0,467.9760219081963,-0.0,470.24496111618686,-0.0,-0.0,26.80926672389817,-0.0
1353,83.37034908519249,70.38085406984531,0.7999999999999998,646.753915281442,-0.0,609.1557894262487,-0.0,8.359999999999786,29.12063653736129,-0.0
1354,112.83209537260443,139.83437659149791,0.582406745017884,869.9365914867052,-0.0,792.3946369006466,-0.0,208.3599999999998,33.170892147856975,12.271741900368134
1355,142.29384166001637,209.2878991131505,0.44974961676034675,1093.1192676919684,-0.0,994.0903683583268,-0.0,408.3599999999998,36.8558073057693,43.14444253825134
1356,171.75558794742832,278.7414216348031,1.2497496167603466,1316.3019438972315,-0.0,1192.7718888875033,-0.0,608.3599999999998,39.827522571433164,72.7959079386273
1357,200.78017579875797,348.1949441564557,2.049749616760346,1534.3963827549367,-0.0,1384.6107363619012,2.9183004439357454,808.3599999999998,41.60028450895375,100.37880684354724
1358,223.35807882741582,413.4340310559262,1.6225166070516082,1699.9415574883046,-0.0,1542.8786500015813,2.9183004439357454,1008.3599999999998,42.19734295312339,124.36292122447557
1359,235.69397029929556,455.41736618572963,2.334149207971385,1785.4614096421053,-0.0,1636.1617007629102,25.859305365152206,1138.4174999999998,40.566336828933416,141.80336123686865
1360,234.24790487469284,466.7452003196597,2.6465942769545223,1785.4614096421053,-0.0,1642.0173363989106,37.273527422515755,1169.4574999999998,36.28726842419153,151.47671101178463
1361,216.73910932848543,442.33620890230935,2.46,1676.473248503902,-0.0,1555.0170142447732,33.88577383363782,1095.2724999999998,28.764688525775924,151.18183511239317
1362,191.6694331818942,403.6968373277734,1.92,1521.3580563127796,-0.0,1427.8170142447732,23.465145149944306,988.1724999999998,19.47256742571111,142.37592198419094
1363,165.06553258026656,364.1365086416927,1.12,1367.4268980985912,-0.0,1300.3170142447732,14.242748293362773,876.1224999999998,10.180446325646294,130.23076369033248
1364,140.5572113572359,328.7373664107991,0.6300000000000001,1235.59408337137,-0.0,1192.1170142447731,9.397758116545482,772.7224999999999,1.5017295508589115,117.35126587652483
1365,119.43965655866586,298.700128468751,0.29000000000000004,1120.4896059809043,-0.0,1103.717014244773,9.609349472144693,682.9224999999999,-0.0,106.15378069512477
1366,100.08825139678675,270.2397997826704,0.06000000000000005,1016.7148903235529,-0.0,1024.417014244773,11.309545935798923,597.5474999999999,-0.0,97.25302508325335
1367,83.03126685631067,245.79233249697995,-0.0,927.9779194108492,-0.0,953.8170142447732,15.360626485897157,520.4474999999999,-0.0,91.46044554756031
1368,67.68677775558308,224.13534376706187,0.08000000000000007,848.8835953449338,-0.0,889.8170142447732,21.200312144050407,450.7974999999999,2.5566767201092677,88.83503577184186
1369,62.990167306834294,202.57955142657462,0.21999999999999997,772.419033012133,-0.0,829.2170142447732,28.381451633244907,386.9224999999999,2.5566767201092677,88.3833366170407
1370,59.156248464200665,182.08638120859143,0.3799999999999999,700.9495685771911,-0.0,772.1170142447731,36.27202137784216,324.0724999999999,-0.0,90.76107133648169
1371,45.28445096958823,162.28034959021804,0.11082524271844674,628.9850062443903,-0.0,718.3170142447732,44.877718823814654,261.59749999999985,5.738436001482619,94.4649694996935
1372,41.57842901993941,144.14192519298294,0.25082524271844664,567.287601269083,-0.0,665.3170142447732,53.523101927940395,198.2474999999999,11.193930175552048,98.48685503049774
1373,27.440821708247878,122.39373013939017,0.18082524271844658,487.2653366628022,-0.0,592.0170142447732,56.47791528746889,122.82249999999989,14.300646169223505,100.01037577653764
1374,17.350693585794428,98.32066821889555,-0.0,420.39494837017924,-0.0,507.9168531677045,55.09057983063501,63.407499999999885,15.983132481567464,98.82031502228683
1375,20.15293058236018,101.7621113169315,0.204215636177823,407.80816752748785,-0.0,498.4013133533842,67.1694027458297,115.4299999999999,21.53926042129658,105.05546430947031
1376,35.69453889737829,136.54119501840984,0.840884006131834,511.1959684049965,-0.0,576.0702739940107,90.33765854238804,264.5374999999999,22.816521458798356,118.38918271812821
1377,59.6717824709642,194.43747647269652,0.28989269289729125,650.5370396524861,-0.0,712.4812633811412,125.36135900812927,464.5374999999999,32.10864255886317,136.00455011914832
1378,89.10505592433142,263.8909989943491,1.089892692897291,873.7197158577493,-0.0,889.877357262226,161.14649237232618,664.5374999999999,41.400763658927985,157.02244995082046
1379,118.56680221174337,333.3445215160017,0.9214741951967287,1096.9023920630125,-0.0,1096.172967912105,196.93162573652307,864.5374999999999,50.692884758992804,179.29555069685563
1380,143.3806426306983,402.7980440376543,1.7214741951967285,1320.0850682682756,-0.0,1294.7399956279073,232.17659189986912,1064.5375,58.570510453976354,201.25563740267498
1381,172.84238891811026,472.25156655930687,2.5214741951967286,1543.2677444735386,-0.0,1471.9786820252366,260.0089739096719,1264.5375,66.89008717943857,222.60131333279708
1382,197.262731316322,528.220770164188,2.089708737864078,1724.6697103845077,-0.0,1602.9750577911916,278.918321120141,1458.86,72.31412025853604,241.71729357334542
1383,210.43099389613678,555.6281801732208,2.6748467041389885,1785.4614096421053,-0.0,1661.7723194810242,286.2810669135753,1580.4624999999999,74.33696880051852,255.6279707311757
1384,209.91068934842596,545.3837247572158,2.8112979049565663,1770.2420239064875,-0.0,1644.8086054465134,286.2810669135753,1600.0,72.93310445978038,262.1930541876872
1385,195.21995893532556,508.3442635735956,2.54,1650.9272983274996,-0.0,1529.7460994900177,260.7055216637028,1508.33,66.96035783894138,262.1930541876872
1386,173.39769614395576,459.67542022605113,1.9500000000000002,1478.2245431512538,-0.0,1395.5389455588263,224.92038829950593,1378.23,64.624499261551,262.1930541876872
1387,149.5052371862193,407.11158184562856,1.27,1291.3515497081225,-0.0,1262.505304421277,189.13525493530904,1239.28,55.332378161486176,261.93535912201565
1388,128.32258206211617,358.5501263098239,0.7200000000000002,1117.2261052139208,-0.0,1101.1716632837279,153.35012157111214,1110.53,46.11992345625792,247.07726211837766
1389,109.40145978693428,313.3410536186371,0.3600000000000001,959.3482096686486,-0.0,951.7380221461788,147.95690012224296,993.3299999999999,45.45239217289798,233.337278417644
1390,91.61552455761604,270.87650733879985,0.10000000000000009,816.0089694643983,-0.0,808.0043810086295,139.8932513426969,878.9549999999999,45.3044100031705,220.53176017217143
1391,76.45862673747052,232.3000567701171,-0.0,690.3608356522406,-0.0,677.8707398710803,105.39560890654761,776.5799999999999,39.16032989381428,209.7770595343167
1392,64.40730829592196,197.89907979008476,0.06000000000000005,582.7215954479902,-0.0,563.1370987335312,107.32478431425997,681.905,34.643082513861096,201.97808214978681
1393,53.612531823797646,167.34928926523943,-0.0,488.90014245955496,-0.0,458.403457595982,111.48794793415308,593.555,31.04778058490284,195.47910476525695
1394,43.6362225027521,138.2587809067356,0.16999999999999993,402.4835915732607,-0.0,361.36981645843275,85.72056090075426,508.3299999999999,28.02320228733748,189.5260393426379
1395,34.250305514439866,110.27326758110986,0.025648952478283166,321.62439384017796,-0.0,267.7361753208835,93.45739839098137,424.9799999999999,25.49618035056806,182.91561545145828
1396,24.644780858860948,81.67465357720774,0.16564895247828307,237.94432798188822,-0.0,215.0025341833343,100.78107281637546,337.8299999999999,22.613049315788498,188.7467257497608
1397,12.791377551303222,49.085561017533266,0.11564895247828302,136.37315573150596,-0.0,143.56889304578507,71.80622016411613,240.00499999999994,18.103085551605893,177.3188412828496
1398,-0.0,16.752822571198983,-0.0,27.501755980335957,-0.0,26.39221643005272,39.980004404224594,149.99749999999995,12.162767269211823,162.31750329911347
1399,0.6936054587271734,18.093423701437196,-0.0,24.559566680306347,-0.0,-0.0,20.71104287506941,164.29999999999995,8.809821754426693,152.49866588536233
1400,3.9491517868265085,48.68364273323604,-0.0,112.9488662628278,-0.0,100.33511815674143,16.481650531221533,324.54995535714284,16.70251405645181,151.2192331112047
1401,26.855381211572006,102.56278326308838,-0.0,283.81035901529765,-0.0,228.68356131810904,23.52098769967784,486.0174553571429,20.197156810219276,170.36909228309835
1402,46.935490020101426,172.01630578474098,0.7999999999999998,504.97094977015,-0.0,401.7456919075073,37.08486478330059,686.0174553571429,24.778129529565227,194.10711848940014
1403,76.39723630751337,241.4698283063936,1.5999999999999996,728.1536259754132,-0.0,597.1503747438827,55.25730256153747,886.0174553571429,30.424405504227618,205.44195948982073
1404,105.85898259492531,310.9233508280462,2.095889115993868,951.3363021806764,-0.0,796.5121831791437,91.04243592573438,1086.0174553571428,35.6163726650787,232.2855495608111
1405,135.32072888233725,380.37687334969877,2.895889115993868,1174.5189783859396,-0.0,981.3456905651984,126.82756928993129,1286.0174553571428,40.955721038980414,244.11524591908986
1406,160.90606115601994,436.4757869334077,2.895889115993868,1355.2545904095202,-0.0,1169.3654702539554,137.66851385202992,1459.7324553571427,44.47303137833727,252.5230936836526
1407,177.39369464841417,470.64989592475035,2.895889115993868,1463.778786434766,-0.0,1254.7432614654756,140.0912833378121,1557.8174553571428,45.82533152189229,254.7823839945296
1408,179.5878383954047,473.6709010398245,2.895889115993868,1470.7295322094071,-0.0,1254.6365119527818,130.71187500944166,1546.0149553571428,48.25769112026075,262.1930541876872
1409,165.52048267526007,441.38072442004477,2.6999999999999997,1363.3241575937925,-0.0,1154.5596339907136,105.14950662062404,1498.3324107142855,41.675602887511644,245.3268173176372
1410,144.127257293063,394.1466368274922,2.09,1198.5845682692739,-0.0,1005.5259928531643,70.50530229842364,1365.7324107142856,32.383481787446826,221.23299744943816
1411,123.03367606014461,346.0920607449235,1.38,1026.4063236037332,-0.0,845.1923517156151,67.18418301065466,1225.2324107142856,23.091360687382007,194.6736430365002
1412,104.33280467434741,303.6410440279159,0.79,874.341874648241,-0.0,704.6429595418501,65.56679653231595,1132.2701785714282,14.086189597924331,169.76020058547306
1413,88.99943784880172,269.99717460859813,0.42999999999999994,748.7436724538677,-0.0,613.509318404301,67.45687567283774,1016.6701785714283,6.934683967272743,147.64675813444592
1414,75.71760387217725,234.27568927006195,0.1499999999999999,633.6019128163315,-0.0,531.4756772667517,38.83703284376112,909.2951785714283,6.934683967272743,127.13331568341877
1415,64.16364854753158,200.78896962076152,0.010000000000000009,536.5245787471653,-0.0,468.9420361292025,46.44400785854617,811.9201785714283,2.6441747130394155,123.28103000470186
1416,55.145076435116216,170.96034568261555,-0.0,450.7205638542765,-0.0,384.9083949916533,27.06385068762279,723.4951785714284,-0.0,108.77903406032445
1417,47.36573789824025,143.32576960004684,-0.0,375.7601064045508,-0.0,353.1747538541041,12.257367387033401,696.0701339285712,5.10558868539542,109.23655967302159
1418,40.74659552773094,116.82095423959194,0.1200000000000001,309.7827723353846,-0.0,285.14111271655486,-0.0,669.8200892857141,4.2223630469326725,108.45462879502202
1419,34.31110735416405,91.7992296231696,0.26,245.51034036835944,-0.0,220.00747157900562,21.627996625787013,587.220089285714,10.218177175511862,96.97225543347271
1420,26.28695586315173,65.53345715117001,0.3304726622381197,183.05569561714924,-0.0,152.87383044145642,10.600884641504106,499.5950892857141,9.005675168442012,99.81003252802984
1421,14.158757842463672,32.98054607956064,0.25047266223811965,94.24460830910206,-0.0,63.44018930390723,23.732326032465725,397.4200892857141,6.958307661302189,86.05218739501565
1422,-0.0,-0.0,-0.0,-0.0,-0.0,10.377804155213035,4.719721449602897,293.7800892857141,2.3507244103881,70.67236850799435
1423,-0.0,-0.0,-0.0,-0.0,-0.0,-0.0,-0.0,253.03758928571412,-0.0,76.72430579932627
1424,5.186960028069645,30.27780654260097,-0.0,76.95075935710246,-0.0,55.62612650877915,-0.0,350.93004464285696,0.6696550750424572,77.63548095630134
1425,27.223572024306744,87.2406830224521,0.7999999999999998,229.5837442117042,-0.0,175.7942414947951,-0.0,477.85754464285696,5.820491255488327,85.701232088943
1426,50.36060786368027,156.6942055441047,0.5615815022994373,432.99210953263025,-0.0,352.5758828317731,-0.0,677.857544642857,12.801884795032475,98.28615166380104
1427,76.86373686162072,226.1477280657573,1.361581502299437,651.6830344916659,-0.0,545.5429508168427,28.419521684937777,877.857544642857,20.019610235068253,126.721133303537
1428,106.32548314903266,295.6012505874099,2.1615815022994367,867.2090802717803,-0.0,726.2243505382177,52.966322614572874,1077.857544642857,26.17085596711402,140.61643214656453
1429,128.7554190150347,365.05477310906247,2.9615815022994365,1063.7258855900625,-0.0,885.0774894796537,75.18554726379953,1273.492544642857,31.84856645928525,165.49560003240927
1430,155.41514013051358,423.8986860663926,2.9615815022994365,1221.1568211286462,-0.0,1003.1026897952879,93.46312015946356,1430.752544642857,36.32579872484202,185.80857489619325
1431,172.48945992025747,460.67436719093433,3.108380173735309,1306.3469216751482,-0.0,1063.2001931007235,104.05093052330766,1516.057544642857,39.074580778974635,199.7335535236538
1432,176.0535859596162,467.2446203288754,3.4299999999999997,1299.5161372685716,-0.0,1051.5988239456399,105.95545117624827,1505.692544642857,45.2906032190206,204.7979376534669
1433,153.5769070590248,438.06839868691253,2.63,1215.5540818470354,-0.0,962.6557079289224,96.0335738006795,1395.282544642857,41.8580523280906,185.5921943191096
1434,132.7660174322216,394.6757169589455,2.03,1083.8119730892308,-0.0,859.2220667913732,79.72217890873452,1255.257544642857,35.60640479191423,172.82192127280027
1435,113.44188418221528,351.165876762881,1.3599999999999999,949.7845706378492,-0.0,750.0884256538241,62.23534197356753,1164.4325,28.769371789120616,158.88938411222335
1436,97.74085311206346,314.66126094333697,0.8399999999999999,839.7718744928907,-0.0,658.8889122408011,49.39192350598403,1024.2075,23.354284237321927,146.9060293440286
1437,85.30233572266616,283.97473090070355,0.45999999999999996,729.6731671278128,-0.0,566.6889122408011,41.68249325058128,894.8825,19.64408396393135,137.42921543677656
1438,75.51421066600216,258.23438234613525,0.15999999999999992,638.2278640833075,-0.0,482.78891224080104,35.80508657081704,770.5575,16.497323706163094,116.80923212480673
1439,67.77070239710785,235.35189022483524,-0.0,595.2832358922169,-0.0,418.58891224080105,32.0654009126638,656.7325,14.167668922823246,113.41594012988602
1440,61.23371785663177,213.19631729374652,-0.0,562.3634673320998,-0.0,399.65527110325183,34.23711014645554,554.0825,13.542901417891512,114.40126440158964
1441,54.644986059861786,190.88908928594225,0.050000000000000044,530.1072137439783,-0.0,390.6216299657026,40.67679580460879,456.6825,13.73519208554659,118.36520493991758
1442,49.118945869206954,169.5182919783331,0.13788451711803779,495.3460580537157,-0.0,387.2879888281534,48.622178908734526,364.0575,15.015264557181379,109.99742258017744
1443,43.57213925409151,149.39463327033374,0.22788451711803787,466.17201724977906,-0.0,387.3543476906042,59.531805627791506,274.0575,16.934340652397907,117.00060828416159
1444,38.21822041145788,129.50240029540757,0.30788451711803794,441.6077806501244,-0.0,383.720706553055,69.57542055902923,186.4075,19.333867633981974,109.39509003868902
1445,29.546797008572742,103.42922014318054,0.21788451711803786,388.8386419483288,-0.0,358.0870654155058,73.34536161993296,91.1575,19.88461643516807,97.06177313420997
1446,18.45222820588188,75.49590032906974,-0.0,323.35217676145595,-0.0,318.1532632008879,69.50891024954308,-0.0,17.616327847217068,80.24220904478688
1447,21.96341927400037,82.25068182160452,0.279624425140521,354.4247986277749,-0.0,327.9091404524912,77.35919884195297,-0.0,17.619461631947196,79.58332528484603
1448,38.776845738561924,119.92572604008573,0.279624425140521,476.7513732073186,-0.0,444.15879169187383,96.4079186428634,79.92000000000003,20.62723306758616,75.34888521330686
1449,65.9433286843228,180.4345649801839,1.079624425140521,669.1155909983681,-0.0,617.5647228755314,123.42391563742444,242.1875000000001,26.476219812298602,91.71387085850083
1450,95.40507497173473,249.88808750183648,1.8796244251405207,892.2982672036313,-0.0,809.7846233720899,157.14563912926877,442.1875000000001,33.74454324041115,100.2105562339617
1451,124.86682125914668,319.34161002348907,2.6796244251405206,1115.4809434088945,-0.0,1005.2901115938087,192.35325531012552,642.1875000000001,41.860340465124246,112.16684839108729
1452,154.32856754655862,388.79513254514166,2.6620235053653545,1338.6636196141576,-0.0,1213.0116515289367,226.78530766947202,842.1875000000001,50.04763260735932,138.58431988107964
1453,183.79031383397057,458.24865506679424,3.4620235053653543,1560.5520227921895,-0.0,1419.2598128054342,257.3557817400075,1042.1875,59.33975370742413,164.67050584571587
1454,212.44763773309833,517.1163476702611,4.262023505365354,1719.6791869589422,-0.0,1576.9656634505575,278.6974764723145,1242.1875,65.0448477004537,172.9818399599477
1455,231.6082613904027,552.6154271036708,3.692802759325497,1785.4614096421053,-0.0,1661.7723194810242,286.2810669135753,1363.7925,74.33696880051852,175.27559546774552
1456,235.69397029929556,555.6281801732208,4.12854113438937,1767.6112335856283,-0.0,1654.1228542473036,286.2810669135753,1384.045,74.33696880051852,183.55365134007545
1457,223.23867991969996,523.3992586771577,3.3285411343893703,1717.212833410848,-0.0,1574.3460568237697,283.3224554357092,1290.65,66.33573107160242,182.99891137376443
1458,200.97812790261202,473.36256883058877,2.7785411343893704,1563.8950228079107,-0.0,1445.4124156862206,247.53732207151228,1158.8500000000001,57.043609971537606,176.85467583591398
1459,177.7219965069271,422.3882618286377,2.1685411343893706,1507.922268499356,-0.0,1268.1787745486713,211.75218870731538,1048.462544642857,47.75148887147279,154.58701941148576
1460,156.07105215710584,401.3955305625586,1.3685411343893708,1355.6639813626477,-0.0,1147.345133411122,175.9670553431185,919.212544642857,38.45936777140797,147.06743803748236
1461,135.66067806537853,354.78123349485134,1.0285411343893707,1206.999881527424,-0.0,1000.7114922735728,140.1819219789216,803.837544642857,35.59437473093527,128.23915271402225
1462,116.96549101951489,309.72789353868876,0.7585411343893707,1061.595305158429,-0.0,861.1778511360236,137.56787538270467,694.662544642857,26.972287374415565,110.76168499817996
1463,112.82915026303311,295.41969861820303,0.6285411343893708,1041.87934252698,-0.0,736.2442099984744,107.48928992101509,595.087544642857,19.898978198293825,109.04210362417655
1464,110.7255011126665,284.0015036977173,0.6485411343893708,1038.906937338694,-0.0,625.7105688609252,81.44469267150625,561.6374999999998,14.715894465355857,95.46790633880562
1465,97.76377209737862,247.77245087501814,-0.0,935.7370248049548,-0.0,570.0769277233759,91.10431994562332,476.48749999999984,11.215705257989484,95.46790633880562
1466,85.21838888514831,213.17935019674175,-0.0,844.1413420438676,-0.0,483.2432865858267,104.13762109007438,394.93749999999983,15.179609233884932,97.98769606577032
1467,72.99935147597559,178.29434522961984,0.17999999999999994,844.1413420438676,-0.0,404.2096454482775,89.06119672858125,316.1374999999998,14.186656340447545,85.89224098233561
1468,60.53665986986043,143.88148382922964,-0.0,753.3376762712473,-0.0,330.5760043107283,106.3339560670357,237.81249999999986,13.827819792183782,87.39894898741491
1469,47.91262378421658,106.94076599557113,-0.0,653.4033381691381,-0.0,251.9423631731791,91.5897517448353,155.08749999999986,12.73726323610886,87.95156895440502
1470,34.7105329313481,99.07344128395087,-0.0,561.3032106613757,-0.0,225.67993775521774,78.58260105136841,102.66749999999988,12.113473728019276,74.58356124743989
1471,28.951221877546697,108.25613484381256,0.21422330097087383,536.3882756836914,-0.0,285.0876407866307,79.5433103094171,150.31749999999988,14.74711959013935,81.45899496357224
1472,31.505223114440163,106.87249097506162,-0.0,585.3384648360689,-0.0,420.15130160818126,115.328443673614,282.13249999999994,19.804391340770753,81.45899496357224
1473,43.6725366420285,122.16453340344998,0.6300817577925395,716.351496564664,-0.0,572.1426594399305,135.87738806064857,482.13249999999994,27.44103010864605,101.17373071956354
1474,64.06996751054493,154.25131891083942,1.4300817577925393,901.3792462040684,-0.0,768.2905388315578,161.33399598906502,682.1324999999999,36.733151208710865,112.54323027554616
1475,90.3440545244088,223.704841432492,2.230081757792539,1103.7356192265866,-0.0,976.0120787666858,186.7254769455398,882.1324999999999,45.58130994654735,140.8337546841548
1476,119.29502481579131,273.24547164162357,1.962848748083801,1326.9182954318496,-0.0,1183.7336187018138,222.51061030973673,1082.1325,54.87343104661217,169.77675447617347
1477,146.2564884851589,320.43016755890153,2.762848748083801,1500.05436707724,-0.0,1373.9242919560213,239.25923791369596,1282.1325,61.508374238546494,198.16538211255508
1478,168.6073414356133,364.07948074937093,2.762848748083801,1632.6252085752271,-0.0,1522.701237512931,248.48114500181356,1475.06,70.80049533861131,209.27375221607969
1479,180.7983041773108,386.78641703297126,2.762848748083801,1691.0909071344902,-0.0,1641.6219031255655,276.1889050735864,1588.9424999999999,71.21432125686691,228.8260069052446
1480,179.36010220324096,407.8038088309547,3.067064384261624,1660.1635477738696,-0.0,1661.7723194810242,286.2810669135753,1600.0,74.33696880051852,240.5408214087126
1481,176.75393708363964,369.6856428896069,2.45,1531.5229474772507,-0.0,1570.4097329859942,275.70888564734594,1555.6349553571429,72.27200353840745,242.70921319379553
1482,154.16047905306388,318.6873079005663,1.98,1349.8027542054583,-0.0,1424.076091848445,252.62823787234709,1418.1099553571428,65.94126874863315,238.26824808641643
1483,130.07260040108508,292.58554368027563,1.3900000000000001,1263.6018470007007,-0.0,1262.642450710896,216.8431045081502,1270.9099553571427,56.64914764856833,229.1913082438525
1484,107.70664693076083,268.55759591158477,0.9200000000000002,1075.0598750073268,-0.0,1107.9088095733466,181.0579711439533,1126.3099553571428,47.35702654850351,205.36968971664697
1485,87.31531024820626,220.23401667753603,0.56,907.3010263945125,-0.0,965.6751684357974,159.02820745539847,1047.1099107142857,41.83362267634139,195.32080040371332
1486,68.15493615647895,201.7846253676194,0.24,748.2995309349097,-0.0,829.8415272982483,138.4267345330519,972.4348660714285,36.9614406237813,184.6490180774802
1487,51.109945276981954,187.09904263539386,0.040000000000000036,607.690052463774,-0.0,708.207886160699,122.63469186610807,850.7098660714285,27.669319523716485,175.5166068522152
1488,36.438608594427386,148.27664985653217,-0.0,489.8894676005457,-0.0,601.8742450231498,110.64264919916424,740.1848660714285,25.748359290758422,168.7825604117145
1489,23.406505487412204,111.99211351093876,0.040000000000000036,382.6324401804804,-0.0,506.1406038856006,100.4506065322204,637.3098660714285,24.72739905780036,163.55178440168518
1490,11.19729015287883,105.40629150082705,0.040000000000000036,284.0971914819966,-0.0,416.9069627480514,64.6654731680235,597.6598214285713,24.506438824842295,159.37509642974504
1491,-0.0,99.89046949071533,0.17999999999999994,189.64016406193136,-0.0,331.5733216105022,57.36400024567691,501.90982142857126,24.585478591884232,155.95249649589408
1492,1.4254064998121319,66.68783743396747,-0.0,94.5742430339586,-0.0,246.73968047295298,50.06252732333033,464.6597767857141,24.888907449125156,152.93480220775015
1493,2.7246633629333434,32.12496609933342,0.1200000000000001,94.5742430339586,-0.0,157.40603933540376,42.451624145581,370.93477678571406,24.389892667162023,149.47119595769541
1494,-0.0,1.0824622085617879,0.2265866121614718,-0.0,-0.0,78.78652858782405,35.54415742350615,347.9047321428569,17.303043407875876,146.60652221082017
1495,-0.0,-0.0,-0.0,-0.0,-0.0,71.50888550967969,6.188760907298189,383.0225892857143,16.539246557159313,146.46587743075528
1496,19.186407477607467,29.847277502313467,-0.0,96.91096331836182,-0.0,148.77294902390196,19.057789516718977,432.62008928571424,20.56253745581615,149.45525757892506
1497,43.50275160201683,87.6045518459575,-0.0,286.4778110442386,-0.0,291.62191568574275,40.88147216528973,603.4250446428571,19.418280779030603,156.81270496082607
1498,72.96449788942877,157.05807436761012,0.7999999999999998,509.6604872495018,-0.0,494.25590630300354,74.25980885301044,766.1950446428572,27.86857375009639,169.13928707327878
1499,102.42624417684071,226.5115968892627,0.9932243229432802,732.843163454765,-0.0,701.9774462381315,110.04494221720735,966.1950446428572,37.16069485016121,184.17655513200538
1500,131.88799046425265,295.9651194109153,1.79322432294328,956.0258396600282,-0.0,909.6989861732595,126.55488929831205,1128.0900446428573,46.45281595022602,200.9002642509978
1501,161.3497367516646,365.4186419325679,2.59322432294328,1179.2085158652912,-0.0,1117.4205261083875,162.34002266250894,1278.3150446428572,52.28184858520174,204.8916376323939
1502,190.81148303907656,434.87216445422047,2.640694941236586,1402.3911920705543,-0.0,1325.1420660435156,198.12515602670584,1413.7450446428572,61.57396968526656,221.74983425052338
1503,220.27322932648852,493.6151880600259,3.4406949412365857,1598.703397071784,-0.0,1466.1201391399059,233.91028939090273,1522.5575446428572,70.86609078533138,234.07070374407883
1504,235.69397029929556,519.4421487890887,3.4999999999999996,1686.089247160787,-0.0,1509.5564653746624,253.57167634712835,1600.0,69.34190621527196,239.32130281191192
1505,232.48119648503126,505.7287630855277,2.6999999999999997,1641.210429366266,-0.0,1443.3939594181666,251.23973444560636,1521.5175,69.18311679127247,222.70162617804647
1506,217.96802582585224,471.77582221118683,2.3499999999999996,1525.6180398704082,-0.0,1321.2603182806174,235.200736965303,1457.4424553571428,64.19627290348804,200.22428439751607
1507,199.58829495624295,431.8574176824394,1.8399999999999999,1385.5851738407796,-0.0,1179.0266771430681,212.0974958700684,1318.9924553571427,56.72409085092795,189.4491057054997
1508,189.65059087029258,389.8475973548626,1.3199999999999998,1241.3771674421243,-0.0,1039.593036005519,189.10741783966682,1182.1924553571428,49.654352437571916,178.47719744395468
1509,171.01371129115307,349.2737391059524,0.9599999999999997,1107.933586611839,-0.0,913.3593948679697,168.35506083087623,1106.2174107142855,43.8602249340169,170.06755329667723
1510,153.015476788453,309.1810772464731,0.15999999999999992,981.2286611225758,-0.0,796.8257537304205,142.27189656959922,978.1924107142855,38.96609743046188,164.57426130175654
1511,137.39242933161654,301.2240389784429,0.030000000000000027,867.027727139079,-0.0,699.6921125928712,128.66295802839213,916.6673660714283,35.57196992690686,161.8432334211034
1512,123.98111089006798,267.8244777972399,-0.0,767.6307846613488,-0.0,620.358471455322,120.17857744396302,864.9173214285712,33.877842423351844,160.85484707188974
1513,111.71344664546186,264.3338702294048,-0.0,677.3289400814775,-0.0,550.1248303177729,114.61875481631192,816.9172767857141,32.80810400999581,158.6698570884593
1514,100.51867017333754,234.6464526149335,0.1200000000000001,677.3289400814775,-0.0,482.2911891802237,110.14950193325807,774.0422321428568,32.487143777037744,153.7849930403408
1515,89.79678147369503,205.5907000114216,0.26,587.3866189678353,-0.0,410.75754804267444,74.36436856906116,731.0921874999997,32.29057263427867,147.4247831560693
1516,78.4358553648798,175.45875598560076,0.30564895247828316,491.3482893599595,-0.0,397.4686231109513,38.57923520486424,629.2921874999997,31.667168762116546,140.3072148032373
1517,64.71070480102819,140.01871624862545,0.2056489524782831,484.2599181486074,-0.0,289.334981973402,24.774029473087403,512.6671874999997,29.14376488995443,130.1880112351696
1518,49.45043363510344,104.0740247134037,-0.0,366.77187639897113,-0.0,175.2725968247078,8.026890889081116,394.5096874999997,19.851643789889614,117.39381337182608
1519,44.13626694058867,97.00430681824102,-0.0,355.8669786026804,-0.0,135.96629027395272,-0.0,372.49714285714253,17.00191689268656,105.54696958532813
1520,53.43329933658574,118.30395723092853,0.5877261113949921,440.2973327017956,-0.0,161.14480633228183,1.12754718593591,407.8620982142854,8.271859648604842,97.50867675146306
1521,72.40786847831406,187.75747975258113,0.5877261113949921,596.744347640754,-0.0,225.7941756867943,8.406251066203161,447.27959821428544,9.218087799059443,94.33818985267814
1522,100.3177146766863,254.55783951856694,0.522552376085847,792.578371448697,-0.0,326.77160447490996,11.39313604903025,592.1645535714283,5.591574232188251,96.12792309176672
1523,129.77946096409823,322.45941530799365,1.3225523760858469,1010.0275660387153,-0.0,512.4077590510196,29.546577037551756,709.1845535714283,10.291605706707202,101.54249149583507
1524,159.2412072515102,391.91293782964624,1.3225523760858469,1225.8285295763412,-0.0,634.0991168827688,49.33933264510478,819.330580357143,15.089016459363652,101.54249149583507
1525,188.6236562648925,456.0310899562331,2.1225523760858467,1410.5885554798158,-0.0,741.3906760608539,67.14382659128091,954.4555357142859,19.661927864484234,107.32013021234043
1526,218.08540255230446,525.4846124778857,2.9225523760858465,1539.280501825036,-0.0,806.054216074603,80.49296580872905,1077.5229910714288,22.849697710967572,110.42024220291796
1527,233.4516634135063,552.971343210152,3.681801226366889,1600.505960572554,-0.0,814.6185212044282,86.08757276531551,1077.685491071429,24.542311403843698,108.76586871839527
1528,235.69397029929556,548.497865991595,3.928597342871743,1673.130391666307,-0.0,820.4999260684152,80.81125010844393,999.6704910714288,24.12731070893859,101.06784342589386
1529,221.41450965430738,536.6157156763699,3.64047266223812,1526.0845468978225,-0.0,690.751792117492,64.14145161080086,866.3179910714289,20.177219541843975,86.22071552184805
1530,198.7434056201315,480.05594502001225,2.9404726622381196,1331.1532897051052,-0.0,599.7628671857688,42.30068595760948,767.4679464285717,13.961004681769246,67.25559999186953
1531,174.65921764710717,422.1023657859635,2.2104726622381197,1126.0704920576918,-0.0,507.07394225404556,20.448721876127337,661.9179017857145,6.837458904082347,46.99702532283373
1532,151.09078697804043,365.99712154095545,1.5804726622381196,1050.2594315283836,-0.0,364.84030111649633,5.60068706772968,570.1678571428573,1.7968076519670424,29.454802806154667
1533,142.03984767479497,342.1032137539331,1.1404726622381196,877.9459615514813,-0.0,247.80665997894712,-0.0,493.4928125000001,-0.0,16.135473302775065
1534,122.26678197695252,293.37083090931526,0.7704726622381195,717.9929256371826,-0.0,150.77301884139789,-0.0,372.3928125000001,-0.0,6.442307243166267
1535,103.99255752191614,247.78463948700633,0.5804726622381196,575.8656599502318,-0.0,77.03937770384866,12.767682283940257,319.29276785714296,4.400606803304117,1.1785750577996232
1536,87.99102467299491,233.68525811133355,0.5004726622381195,445.4819517064441,-0.0,22.005736566299454,31.89960818281175,280.4177232142858,4.0465156279236885,-0.0
1537,73.39507120267065,193.40501883344737,0.47047266223811945,351.3354797169156,-0.0,45.81681163457627,22.76895985275281,196.74272321428577,4.538758993737173,0.6885947021749637
1538,59.50373452011608,181.91158960219735,0.4904726622381195,346.5710575401625,-0.0,80.52788670285307,17.811985393027857,174.2676785714286,5.501725990943556,2.121466151025066
1539,45.31508944367667,143.4953981798884,0.5204726622381195,343.65908641447993,-0.0,122.53896177112988,16.106286836935162,153.69263392857144,7.1012529725276226,3.908425637964358
1540,30.577406958064525,103.651111046425,0.5004726622381195,341.96091099884586,-0.0,96.80532063358066,12.285265225933202,132.01758928571428,8.152001773713717,-0.0
1541,13.277995457164497,58.9425367794982,0.3204726622381195,203.29989207301406,-0.0,47.371679496031426,-0.0,92.11754464285714,7.921213526197253,1.944933537653469
1542,6.12452590046469,14.569657526538833,-0.0,53.173083741529155,-0.0,0.9776028088772151,14.263835788186643,49.23499999999997,5.5215924231926365,6.040191331581026
1543,-0.0,-0.0,0.11303781297904947,-0.0,-0.0,-0.0,2.9612856072569116,-0.0,4.392917315947698,0.9930058797821845
1544,7.871151636750714,16.87442805208559,0.6644098109351046,47.985542950567634,-0.0,34.035641657214605,30.819382161991072,76.64245535714282,4.158755007304741,-0.0
1545,27.729532371295896,57.24962315678443,1.0363796627491073,173.50199943685013,-0.0,127.81331206093321,31.93531296196565,238.36241071428566,5.9323841691014625,4.113073105067624
1546,45.61842459733086,126.70314567843704,1.8363796627491071,355.1603116434876,-0.0,252.01908216752216,37.428712789715775,421.1549107142857,9.301169484505394,13.812014671618302
1547,75.0801708847428,191.76167122396743,1.5152529381706703,560.4546593821356,-0.0,387.9531935925844,41.894922631268166,621.1549107142857,11.569230815621848,22.772652634021373
1548,104.54191717215474,260.50557313964475,2.31525293817067,783.6373355873988,-0.0,547.0442695394635,49.41334709962983,821.1549107142857,13.449478865010947,31.10741597894324
1549,134.0036634595667,322.40541448642165,3.11525293817067,974.1300801307509,-0.0,697.1353857556098,85.19848046382674,959.9499107142858,14.866702169896898,41.17355483310706
1550,156.53606932563795,370.27189006880917,3.9152529381706698,1120.090887404486,-0.0,814.8126534666567,90.99050411715645,1077.1573660714287,16.087398112056672,51.928075865855924
1551,171.154065188987,396.1084973574228,4.477562595809913,1195.2451807820273,-0.0,866.0479729697339,121.5604637065363,1064.3648660714287,23.22017588665391,60.43502116045867
1552,173.19169119441864,411.05701143316537,4.587066939192642,1177.362055326417,-0.0,841.5857103546659,113.0550464364321,993.7298660714287,20.51255341833964,64.3192437231661
1553,159.25785004569616,377.26317659498307,4.187884517118038,1061.626344370137,-0.0,734.0803702663229,87.15736738703339,875.8073660714286,21.14601948486156,61.65951354189325
1554,137.27658632716566,328.999308411829,3.477884517118038,899.7983804426494,-0.0,635.9467291287738,57.74557956777996,794.2823214285714,13.07731377609838,55.37965499894387
1555,114.01359359334728,278.0513923730977,2.6778845171180383,735.2277696683733,-0.0,497.51308799122455,30.962278978389,654.4073214285714,5.918288020468243,45.22445061984153
1556,92.75810541978039,230.68323705648027,1.9778845171180381,585.5580694904716,-0.0,380.17944685367536,11.016895874263263,583.6572767857142,1.415276759165062,35.98899475887919
1557,75.35666377588925,188.87841176178154,1.417884517118038,458.1239437441999,-0.0,287.04580571612615,-0.0,470.8072767857142,-0.0,26.52574023891037
1558,59.95946482804049,149.78667721111535,0.9578845171180381,343.4729413784877,-0.0,209.1121645785769,-0.0,421.257232142857,0.6383413977994294,17.177311514580566
1559,48.38381697011897,144.26841275092278,0.6578845171180381,257.43174321705754,-0.0,155.4785234410277,-0.0,387.6821874999998,-0.0,10.184623120369594
1560,39.95856144493077,115.75190257677703,0.537884517118038,196.6528003109799,-0.0,120.3448823034785,-0.0,364.5450446428572,-0.0,4.573930281772223
1561,32.63253949528196,90.5944352910866,0.4878845171180379,152.37476800127678,-0.0,94.41124116592928,-0.0,295.69504464285717,2.557575455099542,1.62715384947206
1562,26.163059515057377,67.60434588289213,0.46788451711803786,116.97985907213317,-0.0,72.57760002838006,-0.0,230.57004464285717,1.5129277236441911,-0.0
1563,20.71493445839338,46.13734721873021,0.47788451711803787,85.77696713145654,-0.0,53.94395889083083,-0.0,164.47004464285715,-0.0,-0.0
1564,15.771818522232387,24.992960742828508,0.45788451711803785,62.25810916771397,-0.0,76.7103177532816,-0.0,96.29504464285716,3.512927723644191,-0.0
1565,8.368898752438055,-0.0,0.2578845171180379,51.744738692631856,-0.0,40.67667661573239,-0.0,75.345,-0.0,-0.0
1566,-0.0,-0.0,-0.0,-0.0,-0.0,-0.0,-0.0,-0.0,-0.0,-0.0
1567,-0.0,-0.0,-0.0,-0.0,-0.0,-0.0,-0.0,-0.0,-0.0,-0.0
1568,8.17657656677246,-0.0,-0.0,57.48688777500942,-0.0,-0.0,-0.0,-0.0,-0.0,-0.0
1569,28.07918752550766,-0.0,0.7999999999999998,201.89237520433866,-0.0,-0.0,-0.0,-0.0,2.3686928480228584,-0.0
1570,55.40526782766169,50.73643495659147,1.5999999999999996,414.4279760745496,-0.0,122.98642925696515,-0.0,180.36249999999995,11.046449445045557,-0.0
1571,84.86701411507363,120.18995747824407,1.5999999999999996,632.5644912860496,-0.0,330.7079691920932,-0.0,380.36249999999995,20.33857054511037,-0.0
1572,114.32876040248557,189.64347999989667,2.3999999999999995,853.7186794669087,-0.0,538.4295091272212,-0.0,580.3625,28.537886950063463,-0.0
1573,141.76007413545938,259.09700252154926,3.1999999999999993,1058.7507420722618,-0.0,746.1510490623492,-0.0,780.3625,37.660305735205085,-0.0
1574,163.19559373931307,321.4632077705615,3.999999999999999,1228.4320557189951,-0.0,922.790379767953,-0.0,980.3625,44.81242187959226,-0.0
1575,175.18779923464353,362.4194229164852,4.583487480838016,1329.7000149225596,-0.0,1032.2448475952056,-0.0,1103.9075,48.36579712606851,-0.0
1576,174.16289491843733,374.28714392258684,4.479302503832397,1339.9980587651053,-0.0,1054.2433173630532,-0.0,1124.38,48.28589985834104,-0.0
1577,167.727788233356,353.3271513159734,4.123060807358201,1251.2228808499576,-0.0,980.3429952089159,4.224361493123773,1044.4650000000001,43.94898434121609,-0.0
1578,152.7164195534889,316.0208506169824,3.4530608073582014,1112.5020883161574,-0.0,860.9429952089159,3.364636542239694,931.6400000000001,36.76523838249581,-0.0
1579,136.31524703998846,276.82002350664175,2.6530608073582016,957.368410668683,-0.0,734.142995208916,0.11060903732809635,813.1150000000001,29.342441498352198,-0.0
1580,111.07580354177591,241.2468135516832,1.9730608073582017,821.0565117427902,-0.0,620.242995208916,-0.0,705.0400000000001,23.387924606397426,-0.0
1581,87.64500512000278,208.32027357480598,1.4330608073582016,694.061489436338,-0.0,522.242995208916,-0.0,609.44,18.706574985039616,-0.0
1582,75.31092659301451,176.81731283197746,0.9930608073582017,577.7695480392778,-0.0,433.24299520891606,-0.0,521.4150000000001,15.103279912686876,-0.0
1583,55.5266518996596,148.92292635607575,0.7330608073582017,477.5162619832395,-0.0,362.04299520891607,-0.0,447.86500000000007,13.553650299140223,-0.0
1584,48.68968560018953,124.99615703555617,0.6230608073582016,395.1372056998532,-0.0,308.6429952089161,-0.0,383.31500000000005,12.716238881613858,-0.0
1585,42.80175670989219,104.14510058157319,0.5730608073582015,338.9541579107005,-0.0,265.44299520891605,-0.0,323.96500000000003,12.117878389510825,-0.0
1586,27.678444607364543,84.78570913854958,0.5730608073582015,276.1671186157812,-0.0,227.24299520891603,-0.0,265.415,11.458568822831126,-0.0
1587,23.45359965591567,65.98536058398129,0.5830608073582015,219.50676014458443,-0.0,188.84299520891602,-0.0,208.04000000000002,10.665142910977803,-0.0
1588,18.672034809681925,47.8776242176732,0.5530608073582015,167.37191091280755,-0.0,145.242995208916,-0.0,144.21500000000003,8.779047916736653,-0.0
1589,10.696049342045141,24.80012712925128,0.31306080735820146,83.19467582217031,-0.0,76.942995208916,-0.0,67.26500000000001,5.190509283291446,-0.0
1590,-0.0,-0.0,-0.0,-0.0,-0.0,-0.0,-0.0,-0.0,0.49196985883696076,-0.0
1591,-0.0,-0.0,0.05903934593765958,-0.0,-0.0,-0.0,-0.0,-0.0,-0.0,-0.0
1592,4.939405166777192,-0.0,0.5460602963719975,69.220752254717,-0.0,-0.0,-0.0,-0.0,-0.0,-0.0
1593,20.66913926000074,2.2700432615721127,1.3453014818599889,227.83205612747628,-0.0,-0.0,-0.0,-0.0,-0.0,-0.0
1594,43.519026642790195,71.72356578322471,0.8978283086356658,442.4117856731292,-0.0,-0.0,-0.0,149.97250000000008,1.5161117696610766,-0.0
1595,68.36201883706481,141.17708830487732,1.6978283086356656,662.8194564984329,-0.0,58.64726375123587,-0.0,349.9725000000001,1.5161117696610766,-0.0
1596,91.49007380811202,210.6306108265299,2.4693050587634136,876.8538115227311,-0.0,266.3688036863639,-0.0,549.9725000000001,10.808232869725892,-0.0
1597,111.00285024783742,272.68083777864445,3.2693050587634134,1066.7179241655865,-0.0,459.9363951719068,-0.0,749.9725000000001,19.73415576988898,-0.0
1598,124.35857820948206,320.0727971928323,4.041486969851814,1215.4205696738936,-0.0,620.5187210864266,-0.0,924.1925000000001,25.80317067799148,-0.0
1599,138.63339372841364,348.5870969709253,4.584974450689831,1288.7395082256908,-0.0,721.4161438533279,-0.0,1013.6100000000001,30.073556795212948,-0.0
1600,140.3808113133319,350.35300618436133,4.684478794072559,1267.8727968919438,-0.0,738.5004429619389,-0.0,1019.1550000000002,31.478129952755868,-0.0
1601,117.42591140994311,321.0222422217239,4.320472662238119,1150.2232847138614,-0.0,671.6287440111452,-0.0,941.0225000000002,28.87837047317224,-0.0
1602,96.19580644860653,278.6673970585375,3.5704726622381195,982.3454881471181,-0.0,564.1287440111452,-0.0,835.2975000000001,22.56041356559515,-0.0
1603,75.40302812216082,235.6370683724569,2.7704726622381197,806.0032660120048,-0.0,449.52874401114514,-0.0,727.7225000000001,15.671733026625166,-0.0
1604,56.61392223366354,197.23863404097796,2.0404726622381197,650.3015204106625,-0.0,349.4287440111451,-0.0,625.7475000000001,9.336717946461267,-0.0
1605,41.8017506473238,163.08852476429584,1.5104726622381197,517.4491449509987,-0.0,268.22874401114507,-0.0,537.8475000000001,4.70903378390954,-0.0
1606,29.770933984544648,134.1455540872235,1.0604726622381198,409.863016252454,-0.0,201.82874401114503,-0.0,456.3475,1.2081823507608576,-0.0
1607,20.95878063921093,109.99376986533817,0.7704726622381197,325.3213555934467,-0.0,154.12874401114505,-0.0,386.6225,-0.0,-0.0
1608,14.993561596034757,89.21341137652604,0.6204726622381198,259.54103959341745,-0.0,122.02874401114505,-0.0,324.3475,-0.0,-0.0
1609,11.599127218325213,71.0466221875188,0.5504726622381197,219.2518299854807,-0.0,98.42874401114503,-0.0,267.6725,-0.0,-0.0
1610,9.738169112197454,55.88054089792625,0.5304726622381197,168.87151398545146,-0.0,80.82874401114503,-0.0,215.5975,-0.0,-0.0
1611,8.612416292939356,43.10659324082157,0.5404726622381197,127.88811707603026,-0.0,66.72874401114504,-0.0,163.9225,-0.0,-0.0
1612,7.853793942205462,30.856683505050288,0.5004726622381197,95.19365624568405,-0.0,54.72874401114504,-0.0,114.0975,-0.0,-0.0
1613,4.828255530320037,15.515577379848157,0.3004726622381197,42.81789322752735,-0.0,28.128744011145017,-0.0,52.3725,-0.0,-0.0
1614,-0.0,-0.0,-0.0,-0.0,-0.0,-0.0,-0.0,-0.0,-0.0,-0.0
1615,-0.0,-0.0,0.08750894225855899,-0.0,-0.0,-0.0,-0.0,-0.0,-0.0,-0.0
1616,11.37503381490712,-0.0,0.6000587634133877,-0.0,-0.0,-0.0,-0.0,-0.0,-0.0,-0.0
1617,32.796674097699295,-0.0,-0.0,22.759357228823035,-0.0,-0.0,-0.0,-0.0,-0.0,-0.0
1618,62.258420385111236,27.923467347305603,0.7999999999999998,245.9420334340862,-0.0,-0.0,-0.0,-0.0,-0.0,-0.0
1619,91.72016667252318,97.3769898689582,1.5999999999999996,469.12470963934936,-0.0,-0.0,-0.0,130.26250000000005,-0.0,-0.0
1620,121.18191295993512,166.8305123906108,1.3560781808891171,692.3073858446126,-0.0,-0.0,-0.0,330.26250000000005,-0.0,-0.0
1621,148.0028703088134,236.2840349122634,2.156078180889117,915.4900620498757,-0.0,100.08297022279464,-0.0,530.2625,-0.0,-0.0
1622,167.9369807994627,298.30004332676975,2.956078180889117,1119.6515331535177,-0.0,307.80451015792266,-0.0,730.2625,2.1556578344309933,-0.0
1623,176.72111094307348,335.01922105074976,3.589092999489014,1234.6152727280466,-0.0,457.0018121170225,-0.0,844.5925000000001,8.98087188873118,-0.0
1624,172.2497360213444,341.94119428367935,3.779655084312724,1250.274207619019,-0.0,512.9288648189465,-0.0,867.8775,12.996332929828359,-0.0
1625,161.54587716499015,314.23414563939224,3.4708252427184467,1150.4183051292412,-0.0,469.9,-0.0,804.72,12.88053030132674,-0.0
1626,141.7123141730778,270.96311898814076,2.7708252427184465,976.604934130868,-0.0,382.5,-0.0,710.62,9.308813331260378,-0.0
1627,112.25056788566586,222.52615012671032,2.0408252427184466,787.4283972807676,-0.0,285.9,-0.0,610.97,4.76392909059706,-0.0
1628,82.80258427235047,177.55751625432055,1.4108252427184467,608.0914263680638,-0.0,200.59999999999997,-0.0,519.97,1.8458775793367828,-0.0
1629,66.8449929917684,138.50506386999587,0.9208252427184468,460.09094048336453,-0.0,131.19999999999996,-0.0,438.245,0.5009933386734637,-0.0
1630,42.147990210286295,103.48974015103714,0.49082524271844685,325.74381624611027,-0.0,68.69999999999996,-0.0,361.79499999999996,-0.0,-0.0
1631,31.677547639234444,75.81106654167203,0.21082524271844683,220.58072598579,-0.0,25.899999999999977,-0.0,296.59499999999997,-0.0,-0.0
1632,15.669636989943118,54.86713875305501,0.09082524271844673,140.49368669087073,-0.0,5.400000000000006,-0.0,242.54499999999996,-0.0,-0.0
1633,3.09329567158505,39.121057463462456,0.04082524271844669,83.49558347502648,-0.0,-0.0,-0.0,195.84499999999997,-0.0,-0.0
1634,3.09329567158505,27.408296261544795,0.060825242718446706,45.35175250300176,-0.0,-0.0,-0.0,153.07,-0.0,-0.0
1635,-0.0,18.870041602489053,0.08082524271844672,23.871087382704076,-0.0,-0.0,-0.0,111.645,-0.0,-0.0
1636,-0.0,12.603202742262667,0.10082524271844674,12.375366835714914,-0.0,-0.0,-0.0,70.695,-0.0,-0.0
1637,-0.0,5.109693903954998,0.0508252427184467,0.9765653793337776,-0.0,-0.0,-0.0,24.694999999999986,-0.0,-0.0
1638,-0.0,-0.0,-0.0,-0.0,-0.0,-0.0,-0.0,-0.0,-0.0,-0.0
1639,-0.0,-0.0,0.187396525293817,-0.0,-0.0,-0.0,-0.0,-0.0,-0.0,-0.0
1640,-0.0,-0.0,-0.0,-0.0,-0.0,-0.0,-0.0,-0.0,-0.0,-0.0
1641,-0.0,-0.0,0.3938196218702097,-0.0,-0.0,-0.0,-0.0,-0.0,-0.0,-0.0
1642,-0.0,-0.0,-0.0,-0.0,-0.0,-0.0,-0.0,-0.0,-0.0,-0.0
1643,24.3786466325445,-0.0,-0.0,-0.0,-0.0,-0.0,-0.0,-0.0,-0.0,-0.0
1644,53.84039291995644,-0.0,-0.0,-0.0,-0.0,-0.0,-0.0,165.19249999999988,-0.0,-0.0
1645,83.30213920736838,-0.0,0.7999999999999998,-0.0,-0.0,-0.0,-0.0,365.1924999999999,-0.0,-0.0
1646,112.76388549478033,45.89674834978876,1.594501788451712,121.52311047336784,-0.0,-0.0,-0.0,565.1924999999999,-0.0,-0.0
1647,135.37266997492128,105.8609103012258,2.394501788451712,336.4230904459158,-0.0,191.8591390622438,-0.0,721.5174999999999,-0.0,-0.0
1648,143.00202894696608,137.50176998022474,2.8614179867143585,443.68383039256315,-0.0,312.3289453574808,-0.0,775.4549999999999,1.8689582745299518,-0.0
1649,133.87259231213756,132.86981347930276,2.75,436.8488877564729,-0.0,320.79999999999995,-0.0,731.7375,1.8689582745299518,-0.0
1650,115.24723182561277,111.0186974198568,2.26,368.9362905900432,-0.0,271.9,-0.0,651.4375,1.870361273218954,-0.0
1651,95.40206750545464,87.21543779367914,1.64,282.99701259989104,-0.0,208.0,-0.0,561.7875,0.7717642719079549,-0.0
1652,76.69287489662679,63.622417445387654,1.11,202.31816867234232,-0.0,148.1,-0.0,478.5375,-0.0,-0.0
1653,61.661971513517074,44.6213013859417,0.7100000000000002,134.03442264265263,-0.0,98.29999999999998,-0.0,403.7125,-0.0,-0.0
1654,48.441852795873984,27.476845370333187,0.3500000000000001,70.44178300505544,-0.0,49.0,-0.0,328.3125,-0.0,-0.0
1655,37.846743198733904,15.718092287017441,0.13000000000000012,28.624283736484784,-0.0,14.900000000000006,-0.0,264.7875,-0.0,-0.0
1656,29.676446555730173,8.992429947734252,0.040000000000000036,10.851252507451647,-0.0,1.4000000000000057,-0.0,212.0625,-0.0,-0.0
1657,23.64807509438098,4.614384763833193,-0.0,-0.0,-0.0,-0.0,-0.0,164.6375,-0.0,-0.0
1658,18.15970363303179,2.839908879737024,0.030000000000000027,-0.0,-0.0,-0.0,-0.0,121.01249999999999,-0.0,-0.0
1659,13.557874141106835,1.5351937177546873,0.08000000000000007,-0.0,-0.0,-0.0,-0.0,80.46249999999999,-0.0,-0.0
1660,8.715278224721265,-0.0,0.15000000000000013,-0.0,-0.0,-0.0,-0.0,40.63749999999999,-0.0,-0.0
1661,5.857102929738728,-0.0,-0.0,-0.0,-0.0,-0.0,-0.0,10.862499999999994,-0.0,-0.0
1662,1.3240190888531451,-0.0,0.05952733776188042,-0.0,-0.0,-0.0,-0.0,-0.0,-0.0,-0.0
1663,5.655118173379723,-0.0,-0.0,-0.0,-0.0,-0.0,-0.0,-0.0,-0.0,-0.0
1664,21.24292430039132,-0.0,-0.0,-0.0,-0.0,-0.0,-0.0,-0.0,-0.0,-0.0
1665,47.3850034910967,-0.0,-0.0,-0.0,-0.0,-0.0,-0.0,-0.0,-0.0,-0.0
1666,76.84674977850864,-0.0,-0.0,-0.0,-0.0,-0.0,-0.0,-0.0,-0.0,-0.0
1667,106.30849606592058,-0.0,0.0834210526315795,-0.0,-0.0,-0.0,-0.0,19.8599999999999,-0.0,-0.0
1668,135.77024235333252,-0.0,0.8834210526315793,188.44929739061538,-0.0,-0.0,-0.0,219.8599999999999,-0.0,-0.0
1669,165.23198864074448,45.99707000294927,1.6834210526315792,411.63197359587855,-0.0,31.040579052886187,-0.0,419.8599999999999,-0.0,-0.0
1670,194.69373492815643,115.45059252460187,2.483421052631579,634.8146498011417,-0.0,238.7621189880142,-0.0,619.8599999999999,-0.0,-0.0
1671,217.0618217161075,177.74973089318698,3.283421052631579,849.3827176095463,-0.0,433.65938067784685,-0.0,803.0799999999999,0.7332649120249428,-0.0
1672,225.80646514361098,209.29468250548155,2.483421052631579,952.6809873090169,-0.0,538.8148955060457,-0.0,883.1575,8.465298682487877,-0.0
1673,219.4845708355001,206.492804607333,2.582708226877874,931.3272457457261,-0.0,535.0573672144885,-0.0,848.5975000000001,10.982548223956456,-0.0
1674,203.39535998566623,185.02885695022832,2.252708226877874,835.5846744903444,-0.0,471.2573672144885,-0.0,769.8975,9.49142404578241,-0.0
1675,184.2905697572354,157.11562712678213,1.7427082268778742,712.4025372975661,-0.0,385.6573672144885,-0.0,677.8475000000001,5.549078048006333,-0.0
1676,165.62308792268942,130.0707322923766,1.2227082268778742,596.0550639400434,-0.0,300.4573672144885,-0.0,587.6475,2.1506229522201146,-0.0
1677,147.74464349731616,105.55583745797105,0.8427082268778743,487.65114802568365,-0.0,225.65736721448846,-0.0,505.4975,0.21800420941868026,-0.0
1678,131.10158228417322,83.04451192337041,0.5227082268778742,392.3085767703019,-0.0,162.75736721448843,-0.0,426.4225,-0.0,-0.0
1679,117.41064241905147,65.03008571049338,0.36270822687787424,319.49359693501714,-0.0,122.45736721448844,-0.0,358.4475,-0.0,-0.0
1680,106.73740328054788,52.8101759747221,0.3127082268778742,275.82798724141094,-0.0,100.65736721448843,-0.0,301.1225,-0.0,-0.0
1681,96.77512673287156,43.09121341625167,0.3227082268778742,242.19396047366826,-0.0,89.85736721448845,-0.0,249.5975,-0.0,-0.0
1682,87.89381277602251,34.8039158687406,0.36270822687787424,220.09550813755556,-0.0,84.55736721448847,-0.0,203.7225,-0.0,-0.0
1683,79.57750793967648,26.588044054302735,0.4327082268778743,204.34551534674685,-0.0,81.35736721448848,-0.0,158.3475,-0.0,-0.0
1684,71.44467937491223,19.460736572547837,0.4427082268778743,184.90042465807915,-0.0,73.15736721448849,-0.0,110.4725,2.1648555419243527,-0.0
1685,61.692439309247945,9.125802001166981,0.2627082268778744,143.82956374206344,-0.0,39.25736721448849,-0.0,47.44749999999999,1.83228410096451,-0.0
1686,51.246607854775036,-0.0,-0.0,101.63430392581198,-0.0,-0.0,-0.0,-0.0,-0.0,-0.0
1687,52.21428984019691,-0.0,-0.0,142.47201445112245,-0.0,-0.0,-0.0,-0.0,-0.0,-0.0
1688,66.54831339486648,-0.0,0.4937276443536023,287.85045020625887,-0.0,-0.0,-0.0,-0.0,5.640213012261233,-0.0
1689,91.11309597518189,-0.0,-0.0,496.13368616075206,-0.0,23.409696647775718,-0.0,-0.0,13.865399973869167,-0.0
1690,120.57484226259383,53.143685665513516,0.7999999999999998,719.3163623660153,-0.0,231.13123658290374,-0.0,162.76999999999975,23.15752107393398,-0.0
1691,150.03658855000577,122.59720818716612,0.8849003576903431,942.4990385712784,-0.0,438.85277651803176,-0.0,362.76999999999975,32.4496421739988,-0.0
1692,179.49833483741773,192.05073070881872,1.684900357690343,1165.6817147765416,-0.0,646.5743164531598,-0.0,562.7699999999998,41.741763274063615,-0.0
1693,207.0016875848188,261.5042532304713,2.484900357690343,1388.8643909818047,-0.0,854.2958563882878,-0.0,762.7699999999998,51.03388437412843,-0.0
1694,225.6886972882943,330.9577757521239,3.2849003576903426,1609.5643967991118,-0.0,1058.8493577531283,-0.0,962.7699999999998,58.89532445663875,-0.0
1695,235.69397029929556,380.02914698761884,3.88238630556975,1749.2040734622287,-0.0,1193.4037047725792,-0.0,1100.0824999999998,63.85828135317884,-0.0
1696,232.50940957966392,398.1481909147895,4.036714358712315,1785.4614096421053,-0.0,1240.7734707985492,-0.0,1139.1174999999998,65.5680782806598,-0.0
1697,214.66006201636856,381.2734127504526,3.722708226877874,1707.5630857928213,-0.0,1183.7873595729156,11.085068762278958,1074.0575,62.41400813757185,-0.0
1698,188.00117053524394,348.26757073874626,3.042708226877874,1561.450276270554,-0.0,1067.5873595729156,9.372495088408634,965.6324999999998,54.84248037487186,-0.0
1699,159.5849706602345,311.5310208276252,2.2827082268778742,1400.8890072029826,-0.0,936.2873595729156,3.2108055009823175,850.2074999999999,45.951450800381004,-0.0
1700,133.0397333760523,277.1375715947805,1.6227082268778743,1268.3050488174554,-0.0,813.6873595729156,-0.0,741.9324999999999,38.38725395529319,-0.0
1701,119.91987930410043,245.89888805117155,1.1427082268778743,1133.141958557135,-0.0,705.2873595729156,-0.0,647.2574999999999,32.49866802000639,-0.0
1702,97.31963289941524,216.20140089699348,0.7527082268778744,1014.1827680466597,-0.0,607.5873595729156,-0.0,557.4825,27.741802092530754,-0.0
1703,77.06361094976643,188.6532058434007,0.5427082268778745,915.8485289230794,-0.0,526.1873595729156,-0.0,477.60749999999996,24.14348890226932,-0.0
1704,68.95566381846308,164.74025503481602,0.44270822687787437,826.8084771009835,-0.0,458.1873595729156,-0.0,408.85749999999996,21.65739390802817,-0.0
1705,62.36040829327488,142.03635704893048,0.44270822687787437,739.8626125803722,-0.0,396.3873595729156,-0.0,345.5825,19.903018921598182,-0.0
1706,56.47053598031698,118.96746403016687,0.4527082268778744,650.4505012986419,-0.0,337.1873595729156,-0.0,280.8825,18.775476664571237,-0.0
1707,50.26757972851062,95.6054802673707,0.5027082268778744,563.5988240795151,-0.0,276.78735957291565,1.2269797263216944,218.4075,17.155265325156467,-0.0
1708,42.332305962316404,69.95040576054197,0.5127082268778744,467.66892558196975,-0.0,208.38735957291567,6.768630021017181,150.45749999999998,14.822883091562996,-0.0
1709,30.354518515367676,38.11081477660749,0.3027082268778744,342.6381164880499,-0.0,113.88735957291568,4.0026182331979285,68.0325,9.383217242198949,-0.0
1710,10.676342169457374,3.71073731857536,-0.0,210.50434785138023,-0.0,14.844283825465354,-0.0,-0.0,2.98181335834221,-0.0
1711,-0.0,-0.0,-0.0,168.77880754702667,-0.0,-0.0,-0.0,-0.0,-0.0,-0.0
1712,2.086379333657341,-0.0,0.5161957077158914,225.04974955060135,-0.0,-0.0,-0.0,-0.0,-0.0,-0.0
1713,16.01620384559059,41.163368636907336,-0.0,362.7421402497044,-0.0,-0.0,-0.0,-0.0,2.8896423842623644,-0.0
1714,39.753849864521385,110.61689115855994,0.7999999999999998,564.4518697775563,-0.0,73.99818788297802,-0.0,125.69749999999999,9.904903635064242,-0.0
1715,69.21559615193333,180.07041368021254,1.5999999999999996,787.6345459828195,-0.0,281.71972781810604,-0.0,325.6975,17.678780578575612,-0.0
1716,98.67734243934527,249.52393620186513,2.3999999999999995,1010.8172221880827,-0.0,489.44126775323406,-0.0,525.6975,25.324795794614175,-0.0
1717,120.78593798713601,318.9774587235177,3.1999999999999993,1224.2336787557392,-0.0,689.6228285516777,-0.0,725.6975,31.444381598101188,-0.0
1718,146.47881130308224,376.6908244565459,3.999999999999999,1388.1520655391155,-0.0,848.433536053938,-0.0,925.6975,36.42795818866582,-0.0
1719,161.56628511112183,410.6592050536074,4.5788962698007145,1476.6417060941649,-0.0,943.859380677847,6.14214642865435,1053.605,38.44240859114957,-0.0
1720,163.3508394318517,415.359042710805,4.390127746550842,1468.637260141586,-0.0,959.0720613741985,6.14214642865435,1084.535,37.58800819128009,-0.0
1721,149.54784885901216,386.902367103881,4.049767501277465,1343.8688284089462,-0.0,879.4288245496795,11.898231827111978,1014.9575,32.641573979586596,-0.0
1722,120.08610257160022,341.85682397552375,3.309767501277465,1163.8469129229338,-0.0,749.4288245496795,8.23084479371316,902.8824999999999,24.32859895410081,0.31132251515688125
1723,90.62435628418828,294.3341323133129,2.5097675012774654,971.9338910448289,-0.0,610.9288245496795,1.7408644400785818,783.4575,15.608293011002846,-0.0
1724,71.72965277608802,251.3783399728257,1.8597675012774655,801.44355848468,-0.0,488.92882454967946,-0.0,676.6325,8.402601601287643,-0.0
1725,56.75593009982105,213.11182979867996,1.3297675012774657,659.6937024583021,-0.0,390.42882454967946,-0.0,582.8575000000001,3.9578592661491037,-0.0
1726,43.97299208902071,178.04293677991635,0.8797675012774657,528.9100931930433,-0.0,306.2288245496794,-0.0,495.70750000000004,0.8984550957862183,-0.0
1727,34.448913562032445,148.10523021633975,0.6297675012774657,425.93628813206647,-0.0,244.22882454967942,-0.0,421.68250000000006,-0.0,-0.0
1728,28.508881564719925,122.93466225237295,0.5197675012774656,343.04161494588266,-0.0,201.22882454967942,-0.0,356.3575000000001,-0.0,-0.0
1729,23.807886976580132,99.9836157326338,0.4597675012774656,274.6171800265844,-0.0,169.1288245496794,-0.0,296.55750000000006,-0.0,-0.0
1730,18.982275600670647,78.43970781250444,0.43976750127746556,215.83721314682361,-0.0,141.82882454967938,-0.0,239.58250000000004,-0.0,-0.0
1731,15.686093966667205,59.17602923601742,0.43976750127746556,167.31060791450787,-0.0,117.72882454967936,-0.0,184.63250000000002,-0.0,-0.0
1732,12.296080210360698,41.28400573624593,0.43976750127746556,125.46803665912611,-0.0,91.12882454967934,-0.0,127.20750000000001,1.423069937915616,-0.0
1733,6.488187802075387,19.967216547238696,0.2497675012774656,62.08681006272235,-0.0,43.22882454967933,-0.0,54.88250000000001,1.0295021205375139,-0.0
1734,-0.0,-0.0,-0.0,-0.0,-0.0,-0.0,-0.0,-0.0,-0.0,-0.0
1735,-0.0,-0.0,0.1496244251405211,23.77569388868511,-0.0,-0.0,-0.0,-0.0,-0.0,-0.0
1736,10.88692567955453,-0.0,0.1496244251405211,143.29701510933722,-0.0,-0.0,-0.0,-0.0,-0.0,-0.0
1737,32.93703392722779,53.419004995934955,0.9496244251405209,337.6528986321033,-0.0,-0.0,-0.0,-0.0,-0.0,-0.0
1738,62.39878021463973,122.87252751758756,1.7496244251405209,560.8355748373665,-0.0,-0.0,-0.0,124.8299999999997,-0.0,-0.0
1739,91.86052650205167,192.32605003924016,1.7496244251405209,784.0182510426297,-0.0,58.46674583093278,-0.0,324.8299999999997,-0.0,-0.0
1740,121.32227278946361,261.77957256089275,2.5496244251405207,1007.2009272478929,-0.0,266.1882857660608,-0.0,524.8299999999997,9.292121100064815,-0.0
1741,150.78401907687555,331.23309508254533,3.3496244251405205,1230.383603453156,-0.0,473.9098257011888,-0.0,724.8299999999997,10.76829893665203,-0.0
1742,174.62388013354325,400.6866176041979,2.914908022483393,1453.566279658419,-0.0,675.2777796101361,-0.0,917.0124999999997,20.060420036716845,-0.0
1743,188.99076522477722,453.84385012227375,3.587450178845171,1607.3497426272534,-0.0,820.703624234045,-0.0,1036.0074999999997,26.75963190385233,-0.0
1744,200.21984597728948,477.31576218807663,3.860127746550843,1668.0949904130173,-0.0,885.5305561281675,-0.0,1062.7499999999998,30.130716247132906,-0.0
1745,195.07510793045037,465.1847544987936,3.6204726622381194,1614.2013371673333,-0.0,854.5872790343814,-0.0,995.0149999999999,29.27655150036177,-0.0
1746,180.137767539253,433.5205675638028,2.9604726622381192,1505.1757020372875,-0.0,767.4872790343813,-0.0,894.8899999999999,25.034158200744105,-0.0
1747,152.51484776945867,398.9754334515111,2.190472662238119,1365.5358625710292,-0.0,667.4872790343813,-0.0,783.1149999999999,19.160044893315277,-0.0
1748,137.12634862106736,366.0981657067315,1.5404726622381195,1252.247563559467,-0.0,580.2872790343813,-0.0,682.2149999999999,14.659098856483407,-0.0
1749,123.89303651853972,335.2028121850413,1.0404726622381195,1138.2623454572968,-0.0,507.58727903438137,-0.0,593.015,12.587429188258639,-0.0
1750,101.55009850773936,305.51127717528595,0.6504726622381196,1047.9317487192145,-0.0,441.1872790343814,-0.0,509.68999999999994,11.230421355258219,-0.0
1751,91.60945977032085,279.20927354400214,0.4404726622381196,963.7606754473613,-0.0,386.1872790343814,-0.0,440.66499999999996,10.741740816288232,-0.0
1752,83.59593326042054,254.61846630214916,0.3604726622381195,891.4709043633185,-0.0,340.28727903438136,-0.0,378.51499999999993,10.55066393995578,-0.0
1753,76.63566861472933,230.64290330530426,0.3504726622381195,818.5535418591787,-0.0,295.48727903438134,-0.0,321.06499999999994,10.159634365464921,-0.0
1754,69.39577806076541,207.04020170884957,0.3604726622381195,745.5788262018274,-0.0,250.6872790343813,-0.0,262.84,9.736932085004497,-0.0
1755,52.13722418935607,183.3901222348989,0.4204726622381196,673.0298807718241,-0.0,206.0872790343813,-0.0,204.015,9.345949812355233,-0.0
1756,43.30827798521341,159.50028203883443,0.4404726622381196,599.9244927849837,-0.0,156.0872790343813,-0.0,141.015,8.425691171098869,-0.0
1757,29.828540274199128,129.9887768318106,0.2804726622381197,497.41910479814345,-0.0,79.98727903438132,-0.0,64.19,5.583487078847575,-0.0
1758,16.16734118163078,99.95005643832208,-0.0,394.2058517911405,-0.0,0.2584947539691598,-0.0,-0.0,1.315380952193796,-0.0
1759,2.8278277568977366,90.48749336100026,0.028806847215125164,361.3241977985872,-0.0,-0.0,-0.0,-0.0,-0.0,-0.0
1760,-0.0,113.86624772125344,0.3783035258048032,449.81668027465884,-0.0,-0.0,-0.0,-0.0,-0.0,-0.0
1761,9.099606125753375,152.49082012220435,0.3783035258048032,616.2907027694949,-0.0,-0.0,-0.0,-0.0,-0.0,-0.0
1762,27.728327417313057,203.5990503246354,0.3783035258048032,809.7070338559521,-0.0,23.68369506960397,-0.0,135.84249999999997,6.283606435450679,-0.0
1763,52.390949969319394,273.052572846288,1.178303525804803,1032.8897100612153,-0.0,231.405235004732,-0.0,335.8425,15.414782733606456,-0.0
1764,81.85269625673133,342.5060953679406,1.9783035258048027,1252.8590712904936,-0.0,439.12677493986,-0.0,535.8425,24.26512250233016,-0.0
1765,105.35163775229925,409.3491658678762,2.7783035258048026,1464.6873810088073,-0.0,645.5940845405327,-0.0,735.8425,31.531170778134932,-0.0
1766,132.0678148679517,463.01259189685385,3.075020439448135,1634.1138582996284,-0.0,811.3333749768693,-0.0,924.1475,35.74149946882036,-0.0
1767,148.53334760453333,497.33482747414945,3.692153806847215,1751.6815995057395,-0.0,915.7020940018928,-0.0,1040.5025,37.68758924983302,-0.0
1768,152.51333932713732,504.3824465394241,3.922715891670925,1785.4614096421053,-0.0,934.4291869730839,-0.0,1068.6275,36.53920157981761,-0.0
1769,140.8290120717432,478.9744225494427,3.6497675012774655,1699.8335623087912,-0.0,870.4288245496795,0.8137524557956723,998.055,31.78857074656282,-0.0
1770,119.43177664188241,436.4550609091506,2.9697675012774654,1548.3895189809289,-0.0,756.5288245496795,0.6917485265225949,886.43,23.953650270082107,-0.0
1771,98.20455945302764,391.3973642798178,2.2397675012774654,1381.0227863351106,-0.0,636.2288245496794,-0.0,771.68,16.233344326984145,-0.0
1772,73.31821059882265,351.508231983168,1.6497675012774657,1226.8729303087327,-0.0,530.1288245496794,-0.0,669.03,9.659372925080099,-0.0
1773,60.32623517884957,317.66051548534756,1.1997675012774658,1091.423074282355,-0.0,436.92882454967935,-0.0,579.655,4.931736064369964,-0.0
1774,49.28292307632192,288.79254977539716,0.8597675012774657,970.2345629149552,-0.0,353.8288245496793,-0.0,495.47999999999996,1.601655564455772,-0.0
1775,41.91019947289425,265.74577052063376,0.6697675012774658,870.7034047007669,-0.0,291.42882454967935,-0.0,423.53,0.31546596653143766,-0.0
1776,37.15364374716351,245.03684769913863,0.5797675012774657,788.1642634750456,-0.0,244.22882454967933,-0.0,359.88,-0.0,-0.0
1777,32.893433824490344,225.6617334553346,0.4897675012774656,714.5082456298837,-0.0,200.92882454967932,-0.0,295.805,-0.0,-0.0
1778,28.53994379660206,206.0813849007663,0.4797675012774656,650.6313596595149,-0.0,165.42882454967932,-0.0,235.18,0.022329165008922125,-0.0
1779,23.926827860441072,185.6503284467833,0.4797675012774656,586.6375970697056,-0.0,134.22882454967933,-0.0,176.58,1.0946450024571943,-0.0
1780,18.214282182374035,163.96618124876778,0.44976750127746556,521.4220557583149,-0.0,101.22882454967933,-0.0,118.405,2.059629922293296,-0.0
1781,9.675194534882763,136.8189433067197,0.2597675012774656,429.1927187368756,-0.0,49.62882454967934,-0.0,47.63,1.2002257519304098,-0.0
1782,-0.0,111.11743490369408,-0.0,335.768744548315,-0.0,-0.0,-0.0,-0.0,-0.0,-0.0
1783,3.210254522984906,109.28459482742927,-0.0,322.09849120479566,-0.0,-0.0,-0.0,-0.0,-0.0,-0.0
1784,18.381168844192228,134.25191786110852,0.49290240163515553,420.31001085715235,-0.0,32.15419418799445,-0.0,-0.0,2.676680713568624,-0.0
1785,44.088085244381205,182.55806913350048,0.49290240163515553,587.5223392030992,-0.0,223.8506907617509,-0.0,-0.0,10.986434553823141,-0.0
1786,66.88661588578171,250.47319824073276,1.2929024016351554,810.7050154083624,-0.0,431.57223069687893,-0.0,146.79250000000002,20.278555653887956,-0.0
1787,96.34836217319365,319.92672076238534,2.092902401635155,1033.8876916136255,-0.0,639.293770632007,-0.0,346.7925,29.57067675395277,-0.0
1788,122.49011045482598,389.38024328403793,2.793300970873787,1257.0703678188886,-0.0,847.015310567135,-0.0,546.7925,38.862797854017586,-0.0
1789,145.97296013900353,458.8337658056905,3.593300970873787,1474.3254692321088,-0.0,1054.736850502263,-0.0,746.7925,48.154918954082405,-0.0
1790,172.75849873494315,515.4727102641979,4.393300970873787,1647.9974390356551,-0.0,1241.9761409385997,-0.0,946.7925,55.22074856490641,-0.0
1791,188.9991721324323,550.3629685433752,4.393300970873787,1765.459364167979,-0.0,1360.9734428976994,-0.0,1077.8875,59.18860856394856,-0.0
1792,192.3420753220092,555.6281801732208,3.593300970873787,1785.4614096421053,-0.0,1396.886123594051,13.50991259313981,1103.25,58.748533507773494,-0.0
1793,181.27211684957692,526.8214497911737,3.2800000000000007,1681.0384674165614,-0.0,1330.9857209013794,20.745186640471516,1027.735,53.69996067065823,-0.0
1794,159.3161375357552,483.9785188510767,2.6400000000000006,1514.5232752254392,-0.0,1207.0857209013793,16.656974459724957,916.735,45.55531293920288,-0.0
1795,139.87548055733066,439.98272651058943,1.9200000000000004,1337.9338532616648,-0.0,1069.6857209013792,7.581925343811399,798.585,36.66188702734955,-0.0
1796,122.06887010858186,399.60216848086645,1.3200000000000003,1178.283997235287,-0.0,944.0857209013792,2.510609037328095,689.735,29.068461115496227,-0.0
1797,107.03860546289066,362.2978018734524,0.8300000000000003,1036.3123624873276,-0.0,834.6857209013792,0.8581532416502995,592.96,22.770147925234788,-0.0
1798,92.98794848446613,325.7710623556643,0.4600000000000002,924.239581400034,-0.0,729.3857209013793,-0.0,502.56000000000006,17.742558366366247,-0.0
1799,81.07709533967495,291.8355192273071,0.19000000000000017,800.5314616240702,-0.0,641.5857209013793,-0.0,421.93500000000006,14.775917882074374,-0.0
1800,70.85239183157469,260.4147417881856,0.07000000000000006,690.4184397459653,-0.0,573.5857209013793,-0.0,353.71000000000004,14.043393742956123,-0.0
1801,61.20825858156839,230.14658647156816,-0.0,611.7567225795966,-0.0,515.0857209013793,-0.0,291.235,14.357204145031787,-0.0
1802,51.9527704080015,200.83105327745474,-0.0,511.4250028893023,-0.0,461.7857209013793,-0.0,229.785,15.097847276510493,-0.0
1803,42.98034793227706,172.5081422058454,0.020000000000000018,417.8417427443119,-0.0,412.6857209013793,-0.0,170.285,15.843377686397318,-0.0
1804,33.289262139107194,143.38785325674007,0.06000000000000005,324.0504995877885,-0.0,366.58572090137926,-0.0,110.23499999999999,16.245017194294284,-0.0
1805,21.800475619319162,112.2244735636022,-0.0,222.59791177228718,-0.0,310.6857209013792,-0.0,44.23499999999999,15.593038545226761,-0.0
1806,11.528309766892589,84.68913324483196,0.05023249872253445,162.52548054454732,-0.0,262.31406221985253,-0.0,-0.0,14.674096242035485,-0.0
1807,12.701292595710349,84.28125694506639,0.4787991824220744,162.52548054454732,-0.0,292.24119546031085,-0.0,-0.0,16.1104998351667,-0.0
1808,25.852277747444813,112.91192358516477,-0.0,255.55355058369375,-0.0,396.79578409536487,-0.0,-0.0,20.717249501067688,-0.0
1809,50.13617922148411,165.04432866440803,-0.0,420.93214557274825,-0.0,567.0637782735794,-0.0,185.91500000000002,28.211806729176754,-0.0
1810,79.59792550889605,234.49785118606064,0.7999999999999998,644.1148217780114,-0.0,774.7853182087074,-0.0,251.51,37.441729815202976,-0.0
1811,109.059671796308,303.95137370771323,0.8069902912621354,867.2974979832746,-0.0,982.5068581438354,-0.0,451.51,46.733850915267794,-0.0
1812,138.52141808371994,373.4048962293658,1.6069902912621352,1090.4801741885378,-0.0,1190.2283980789634,-0.0,651.51,56.02597201533261,-0.0
1813,167.9831643711319,442.8584187510184,2.406990291262135,1313.662850393801,-0.0,1397.9499380140915,21.420521635647205,851.51,64.80428578899927,-0.0
1814,196.9435654084465,503.76806840253545,2.2234031681144595,1493.0594682117685,-0.0,1569.1321028515426,57.205654999844114,1045.68,71.38949955550522,-0.0
1815,215.60056038112788,541.5938463640002,2.9176826775677047,1622.0705472551567,-0.0,1661.7723194810242,81.39833317867036,1167.105,74.33696880051852,-0.0
1816,220.65662930977297,548.5981815009931,3.4422432294328043,1621.365996812295,-0.0,1659.9422465840626,89.85060590810119,1192.9675,72.04593991169703,-0.0
1817,209.10010645787946,521.356457720406,3.339999999999999,1527.1150120622274,-0.0,1561.241884160658,80.66448491760119,1117.805,64.63532049736102,-0.0
1818,188.15360097046727,476.0545136945851,2.539999999999999,1347.879649986435,-0.0,1415.1418841606578,62.562323817404724,1003.905,55.3431993972962,-0.0
1819,165.16287102801869,428.59351684606514,1.7399999999999995,1156.7487088113428,-0.0,1256.9418841606578,41.47529041858351,884.2299999999999,46.051078297231385,-0.0
1820,143.75080440301554,382.62370645273216,1.2099999999999997,1001.5713747421767,-0.0,1111.541884160658,24.06193089009629,766.055,36.758957197166566,-0.0
1821,126.06105529240024,340.9958003482447,0.8199999999999998,870.9682704456625,-0.0,991.7418841606578,14.82794267791554,664.3299999999999,28.14128410063904,-0.0
1822,109.07804431757583,300.13813352164345,0.43999999999999995,740.4216087059854,-0.0,878.2418841606578,7.9393375698605375,562.405,20.428450980678036,-0.0
1823,94.2742669182908,262.45665811735114,0.16999999999999993,624.4749469663082,-0.0,776.5418841606579,5.703581184791776,474.205,14.583897852905869,-0.0
1824,81.43318112512094,227.78327842421328,0.040000000000000036,522.7154001129569,-0.0,686.3418841606579,6.5621273537505225,394.58,10.31739927413878,-0.0
1825,70.2090113931026,196.37585087549817,-0.0,435.7647468675132,-0.0,601.9418841606579,8.137569396972527,322.63,6.365562530596035,-0.0
1826,58.966374510005494,165.59485402697817,-0.0,355.04875745732505,-0.0,518.5418841606579,8.577058591471545,251.555,7.003081133307871,-0.0
1827,48.25739182385081,135.86766575614922,-0.0,277.14565316081087,-0.0,438.04188416065784,8.00142008459532,181.08,3.119571683795561,-0.0
1828,37.904754940753705,107.19166394050731,0.06000000000000005,202.68211480169322,-0.0,358.9418841606579,8.454072343927347,110.055,3.119571683795561,-0.0
1829,27.590389042368713,78.541374991402,-0.0,128.08881470946102,-0.0,277.34188416065786,7.5972943478566215,39.03000000000001,3.119571683795561,-0.0
1830,19.1403104071539,55.47637155060181,-0.0,75.84238220198075,-0.0,217.52735107801666,11.73416530915772,-0.0,-0.0,-0.0
1831,20.826638437800767,62.277836533043924,0.48351047521716894,120.77099602021457,-0.0,249.54015258216967,30.81113156987663,-0.0,-0.0,-0.0
1832,34.611236855006595,98.11229785742688,1.2835104752171689,256.9549301338708,-0.0,367.18036921165117,65.0960615723084,-0.0,4.1133251214780415,-0.0
1833,59.392904152278035,156.31308276659004,1.000636177823198,465.23295001586996,-0.0,553.2768255161405,100.88119493650531,175.18749999999977,13.405446221542856,-0.0
1834,88.85465043968998,225.76660528824266,1.010222278998466,688.4156262211332,-0.0,760.9983654512686,136.66632830070222,375.1874999999998,22.142605791938315,-0.0
1835,118.31639672710192,295.22012780989525,1.2313311190597842,911.5983024263963,-0.0,968.7199053863966,172.4514616648991,575.1874999999998,31.43472689200313,-0.0
1836,147.77814301451386,364.67365033154783,1.456438426162492,1134.7809786316595,-0.0,1176.4414453215245,208.236595029096,775.1874999999998,37.955289013079536,-0.0
1837,177.2398893019258,434.1271728532004,2.256438426162492,1357.9636548369226,-0.0,1382.7516293233116,244.02172839329293,975.1874999999998,47.247410113144355,5.453881358908323
1838,206.70163558933777,498.28661737030586,2.307322432294326,1581.1463310421857,-0.0,1549.73383443003,271.93610990224676,1175.1874999999998,56.53953121320917,36.74401400347723
1839,228.45372928742955,539.2870634209224,2.378507920286152,1736.3554746463692,-0.0,1651.2882619880152,286.2810669135753,1321.2399999999998,56.53953121320917,63.505734374490615
1840,235.69397029929556,549.3003779897614,3.1097751660705155,1785.4614096421053,-0.0,1661.7723194810242,281.5914572002479,1359.62,58.50243106689952,81.64307372113595
1841,225.99946223396398,522.0304220321378,3.224591211037301,1704.8462341974805,-0.0,1620.9909586866063,261.1177272161858,1285.7749999999999,55.3325628798637,89.27800579742033
1842,205.1060042033882,482.3360552908456,2.874591211037301,1543.9931982831818,-0.0,1516.657317549057,226.9430710275807,1168.225,48.393275445232405,88.79649496244132
1843,181.20620036975487,430.8736625119839,2.3445912110373013,1359.253047482557,-0.0,1347.4236764115078,194.27915317941108,1041.55,39.45154437139705,82.57410374657042
1844,157.67005073306396,380.8726954661954,1.5445912110373015,1184.9524626193286,-0.0,1182.0900352739586,158.4940198152142,914.3499999999999,30.807369658357636,73.34856803554007
1845,136.66755529331547,333.50553699809797,1.1645912110373016,1025.6132224150783,-0.0,1034.2563941364094,157.33301840563774,798.3249999999999,23.929031298303002,63.1247934750573
1846,116.76505985356698,287.18480923019564,0.36459121103730174,877.817539653991,-0.0,899.2227529988602,127.43773353333913,684.8,18.165307471631124,51.82076743271453
1847,99.23814379241546,245.06432074017945,0.19459121103730181,741.7782994497408,-0.0,822.189111861311,103.3670066178185,584.025,14.074750915556201,42.905294883722036
1848,84.59238648845785,234.51825945218155,0.15459121103730178,626.4261741318165,-0.0,717.5554707237618,114.27024882317329,495.1,11.21347072808838,35.23573429664035
1849,71.4314421386366,199.24823958369387,0.15459121103730178,526.2531806886852,-0.0,663.4218295862127,95.31268497248567,409.75,9.552190540620558,29.5710793552657
1850,58.850497788815346,194.10812050587492,0.23459121103730185,441.207778665651,-0.0,574.5881884486635,77.57967907857605,328.2,8.90552488653549,25.66868852815861
1851,46.32570307568501,160.99952637046044,0.33459121103730194,359.15040212531727,-0.0,491.1545473111142,62.06749833201416,248.25,8.792975577624047,22.125291384847735
1852,36.83702967213125,125.99212862447683,0.33459121103730194,272.9316809260055,-0.0,447.120906173565,46.80443349900827,166.29999999999998,8.741375343289269,18.231076633919024
1853,20.591468534540304,84.24164013446067,0.17459121103730202,153.44181086343377,-0.0,334.7872650360158,25.279089687613375,69.64999999999999,6.909276920745361,10.831956237283281
1854,5.11746528753822,74.48734385500497,-0.0,33.28535541493281,-0.0,217.5105078817491,-0.0,-0.0,3.6141537536983046,1.896712867934525
1855,2.8681069074770313,69.25225198719424,0.16633111905978526,18.580568489825964,-0.0,180.3896682483529,17.379884519874313,-0.0,3.2916905178082327,-0.0
1856,14.16362550936119,93.40779820751769,-0.0,107.00361830559923,-0.0,227.23907787213253,47.51660513844092,95.3775,4.927016817444706,-0.0
1857,36.1251785032081,143.80595703501416,-0.0,273.0575816570874,-0.0,351.5161039675765,56.64666142222637,292.73,9.629877581369321,6.360708203228455
1858,65.27608423135085,211.0868229091077,0.7999999999999998,495.8627513226612,-0.0,525.8068174910511,76.54674870737047,492.73,16.830467918922054,21.76534608690326
1859,94.73783051876279,280.5403454307603,1.5999999999999996,719.0454275279244,-0.0,727.4257917944648,112.33188207156738,692.73,25.28169967656688,39.85544777624947
1860,124.19957680617473,349.99386795241287,1.8342028615227388,942.2281037331876,-0.0,935.1473317295928,140.87643580712626,892.73,34.44523025951425,61.280150284195926
1861,153.66132309358667,419.44739047406546,2.6342028615227386,1165.4107799384508,-0.0,1122.4951305826858,164.28207925947586,1092.73,42.31508043579098,81.71627647989531
1862,177.37054167921625,473.9202344447801,2.6342028615227386,1341.8697633834504,-0.0,1302.4720761395954,178.70253071239105,1281.8975,48.07652541467745,98.93709494282137
1863,191.15389652693028,506.3856374256375,3.353804292284108,1449.8525658976496,-0.0,1376.89274175223,183.5934121970448,1395.7525,50.88312039764284,109.69956722120416
1864,191.13586291842745,508.027790511681,3.571305569749616,1455.875374507197,-0.0,1364.4145349043454,175.0197289070905,1406.1925,48.9825043096785,112.04249643925634
1865,175.94819719914346,474.9632497900025,3.329414920797138,1344.5815177927013,-0.0,1258.4804508048574,151.89317208822888,1310.9450000000002,43.74995156905548,105.39766764239907
1866,150.54031854716465,423.2277463986206,2.669414920797138,1163.5836647185965,-0.0,1102.246809667308,122.34940894385704,1174.795,35.578849522929836,91.38533958856603
1867,123.66705668295553,369.19009944050697,1.8894149207971382,970.4026882639323,-0.0,936.1131685297589,89.98280776507511,1035.02,26.81258745337071,75.36320024331893
1868,98.40860777288277,317.5438782154665,1.2694149207971381,792.9306054171756,-0.0,785.7795273922097,62.255892244446414,905.9449999999999,20.302387179980137,60.72634396095076
1869,89.42959365129187,271.7990827234993,0.8194149207971382,639.2723182804673,-0.0,657.7458862546605,40.515813658984726,788.495,16.082412349773335,47.374770741461504
1870,70.72847137610997,228.90976082018247,0.4294149207971383,500.3713842969705,-0.0,542.0122451171112,52.34027393899571,681.17,13.118546617576678,34.703574939144154
1871,55.30697500920077,219.68843541868884,0.2094149207971383,495.8453066028077,-0.0,443.078603979562,35.36424250481103,584.67,10.971786359808423,23.566844592087882
1872,42.21759999031277,186.60958213690054,0.14941492079713825,407.033308698386,-0.0,401.4449628420128,20.171118732708873,495.59499999999997,9.473851584279736,14.530114245031612
1873,43.48457582105816,155.16882456626672,0.14941492079713825,327.5390980097793,-0.0,365.3113217044636,35.9877204665509,412.02,7.775964110592636,7.963824088421284
1874,33.09443437770955,124.82068911813693,0.2194149207971383,253.77065754852057,-0.0,333.07768056691435,51.083497053045186,328.645,6.292738472129886,4.681055844142301
1875,22.93814329767001,94.63445795885266,0.2994149207971384,177.26265114986538,-0.0,259.44403942936515,34.38074656188605,245.42000000000002,4.809512833667137,3.937532765519525
1876,12.766665171766832,64.14346111033267,0.3094149207971384,97.52887452386219,-0.0,181.31039829181591,18.227111984282903,160.495,3.3091817207759817,4.279166814463765
1877,-0.0,29.941746428154154,0.1794149207971385,-0.0,-0.0,84.07675715426669,-0.0,65.07000000000001,1.0551378472371482,2.484700192911249
1878,-0.0,-0.0,-0.0,-0.0,-0.0,-0.0,-0.0,-0.0,-0.0,-0.0
1879,-0.0,-0.0,0.2740955544200304,-0.0,-0.0,-0.0,-0.0,-0.0,-0.0,-0.0
1880,7.106499967091679,-0.0,-0.0,-0.0,-0.0,-0.0,-0.0,-0.0,-0.0,-0.0
1881,26.237395449139825,-0.0,0.3203909044455804,16.615745290330466,-0.0,-0.0,-0.0,-0.0,3.44895879591056,-0.0
1882,53.12892669176881,-0.0,1.1203909044455802,238.6835104444995,-0.0,-0.0,-0.0,-0.0,9.261483518434023,-0.0
1883,82.59067297918075,38.27160846559124,1.92039090444558,461.86618664976265,-0.0,56.13695481884133,-0.0,187.97500000000002,16.768540563039437,-0.0
1884,112.0524192665927,107.72513098724384,2.72039090444558,685.0488628550258,-0.0,263.85849475396935,-0.0,387.975,24.682237868410205,-0.0
1885,138.7575750248137,177.17865350889645,2.72039090444558,908.231539060289,-0.0,471.5800346890974,-0.0,587.975,31.643959741836827,-0.0
1886,158.17903976092975,242.14740988705853,3.5203909044455797,1092.3387476762844,-0.0,653.8192848561669,-0.0,787.975,37.37275939655036,5.14215716048977
1887,178.09480097685912,285.7574800858906,3.5203909044455797,1202.9394457713577,-0.0,774.4593806778469,-0.0,927.94,39.93196659083622,16.74918978641501
1888,176.44288212315786,299.7259066665824,3.8945988758303525,1216.7381885937255,-0.0,812.1148955060457,-0.0,971.3475000000001,38.71979871428254,22.972654087194492
1889,160.00716089328287,280.37053970574044,3.7097675012774656,1123.1096591569485,-0.0,751.2430757474503,6.355599214145386,909.5450000000001,32.94551674951718,21.641893694844274
1890,135.13748474669163,244.59901463022896,3.1597675012774658,973.1278710844388,-0.0,643.4430757474503,3.5145383104125756,812.945,24.430192688510523,16.23258420085878
1891,119.7399481891276,207.349144631433,2.4797675012774656,812.112329773048,-0.0,527.0430757474503,-0.0,708.22,15.844097694269374,9.539626859230037
1892,106.80608406951202,174.79307327608427,1.8597675012774655,666.9937075522653,-0.0,421.34307574745026,-0.0,606.82,8.984788127589676,4.6089336318688545
1893,86.48453746428429,146.5491355532234,1.3997675012774655,546.8026767515795,-0.0,332.0430757474503,-0.0,517.72,3.9571512668795403,2.03232844259686
1894,67.24414961625048,121.49995358535448,0.9697675012774656,445.90457353573527,-0.0,257.6430757474503,-0.0,435.71999999999997,0.14168530034810267,-0.0
1895,51.2949205254106,102.38147951690021,0.7097675012774656,374.78651279105856,-0.0,206.54307574745036,-0.0,363.445,-0.0,-0.0
1896,47.12857920705254,87.43204833690127,0.5797675012774657,325.20003497224536,-0.0,173.64307574745038,-0.0,304.445,-0.0,-0.0
1897,34.7787798581187,74.0842821678617,0.5497675012774657,285.90067203975815,-0.0,148.84307574745037,-0.0,251.17,-0.0,-0.0
1898,25.36393165193447,62.38437243209042,0.5397675012774656,246.33996444829296,-0.0,126.64307574745035,-0.0,201.26999999999998,-0.0,-0.0
1899,13.911636863252138,50.92231912958744,0.5397675012774656,206.09613347626825,-0.0,104.44307574745034,-0.0,152.96999999999997,-0.0,-0.0
1900,11.819342074569805,38.438600816125096,0.4897675012774656,158.70874506108055,-0.0,81.24307574745032,-0.0,103.54499999999999,-0.0,-0.0
1901,6.6020381653844655,19.464892436906585,0.27976750127746564,87.4155439473773,-0.0,40.44307574745034,-0.0,41.89499999999998,0.05779679291644768,-0.0
1902,-0.0,-0.0,-0.0,-0.0,-0.0,-0.0,-0.0,-0.0,-0.0,-0.0
1903,-0.0,-0.0,0.11303781297904947,-0.0,-0.0,-0.0,-0.0,-0.0,-0.0,-0.0
1904,4.3533615581713185,-0.0,-0.0,-0.0,-0.0,-0.0,-0.0,-0.0,-0.0,-0.0
1905,19.994070496368845,-0.0,0.7788886050076644,-0.0,-0.0,-0.0,-0.0,-0.0,-0.0,-0.0
1906,43.66402432294882,-0.0,1.5788886050076643,-0.0,-0.0,-0.0,-0.0,200.0,-0.0,-0.0
1907,71.77021563602115,-0.0,2.3788886050076643,-0.0,-0.0,-0.0,-0.0,213.3800000000001,-0.0,-0.0
1908,101.23196192343309,-0.0,3.178888605007664,121.64293946877481,-0.0,-0.0,-0.0,413.3800000000001,-0.0,-0.0
1909,129.00513674547352,64.46195001523962,3.978888605007664,344.825615674038,-0.0,165.58292995352753,-0.0,613.3800000000001,0.506230804092878,-0.0
1910,151.98959189944586,133.91547253689222,4.778888605007664,568.0082918793012,-0.0,373.30446988865555,-0.0,813.3800000000001,9.798351904157693,-0.0
1911,165.64871398930208,184.68463153712585,5.378962698007152,730.9166009780213,-0.0,523.5733097214805,-0.0,939.9125000000001,16.714800876231443,-0.0
1912,166.36644580511307,208.4708977705837,5.562112927950944,797.2958169944903,-0.0,580.2291064345495,-0.0,970.7200000000001,20.51006759899792,-0.0
1913,152.8479298256147,197.67656440012502,4.762112927950944,758.1778685995682,-0.0,546.7145330826412,-0.0,910.0825000000001,19.373010176348192,-0.0
1914,130.0275602185869,170.18712328588225,4.052112927950944,646.962539644015,-0.0,459.8145330826412,-0.0,814.2325000000001,14.418445982551827,-0.0
1915,106.77740501893177,141.24624650432247,3.252112927950944,525.6036532452988,-0.0,359.7145330826412,-0.0,710.4325000000001,7.741936337760539,-0.0
1916,86.98168868168571,116.05702479947823,2.572112927950944,417.9852433803536,-0.0,273.2145330826412,-0.0,611.7325000000001,3.070266669535769,-0.0
1917,69.10809369246084,95.79041528289417,1.982112927950944,336.7766377196905,-0.0,207.0145330826412,-0.0,519.7325000000001,1.076604248474478,-0.0
1918,62.567956733811734,78.23761434400119,1.197531936637711,269.23735972953835,-0.0,152.6145330826412,-0.0,436.5325,-0.0,-0.0
1919,48.469352624083854,65.0848134051082,0.867531936637711,213.71096685306017,-0.0,112.6145330826412,-0.0,364.5325,-0.0,-0.0
1920,36.97420654493175,55.362730299873746,0.6975319366377111,175.7756803686745,-0.0,84.7145330826412,-0.0,305.3075,-0.0,-0.0
1921,26.373677253549328,46.17993929522459,0.607531936637711,145.1048194526588,-0.0,63.6145330826412,-0.0,252.73250000000002,-0.0,-0.0
1922,17.114502885727493,38.085722557502244,0.5475319366377109,118.15083515608359,-0.0,48.714533082641196,-0.0,202.75750000000002,-0.0,-0.0
1923,18.355524684272314,30.012931552853097,0.5275319366377109,94.79776145588289,-0.0,40.714533082641196,-0.0,151.98250000000002,3.494397129978509,-0.0
1924,11.755506000941462,21.578236259358412,0.4775319366377108,73.20204090889374,-0.0,35.914533082641185,-0.0,101.40750000000001,7.339738332498957,-0.0
1925,10.625957541392328,10.367588821440968,0.27753193663771086,35.362762918741566,-0.0,16.014533082641176,-0.0,39.13250000000001,9.687523174223465,-0.0
1926,-0.0,-0.0,-0.0,-0.0,-0.0,-0.0,-0.0,-0.0,11.187074887486023,-0.0
1927,0.7164294542896101,-0.0,0.07492079713847744,-0.0,-0.0,-0.0,-0.0,-0.0,14.613902209192174,-0.0
1928,13.087185157890762,-0.0,0.18544966785896833,36.85929683846396,-0.0,-0.0,-0.0,-0.0,21.209403250593112,-0.0
1929,34.37167544669859,-0.0,0.9854496678589681,239.97982429669608,-0.0,-0.0,-0.0,-0.0,29.893868783395735,-0.0
1930,61.932040380392124,-0.0,1.785449667858968,463.16250050195924,-0.0,-0.0,-0.0,200.0,39.18598988346055,-0.0
1931,91.39378666780406,68.01409341351824,2.585449667858968,686.3451767072224,-0.0,171.8785003341393,-0.0,399.3175000000001,48.47811098352537,-0.0
1932,119.21002173420186,137.46761593517084,3.3854496678589676,909.5278529124856,-0.0,379.6000402692673,-0.0,599.3175000000001,57.77023208359019,-0.0
1933,138.291260875547,206.92113845682343,4.162335206949412,1132.7105291177488,-0.0,587.3215802043953,-0.0,799.3175000000001,66.41964300700634,-0.0
1934,159.60363965655534,258.72642424267343,4.544764946346448,1299.974499033403,-0.0,751.5039866574494,-0.0,979.7625,72.03901014551259,-0.0
1935,163.130530138552,281.27927758337034,4.702498722534491,1333.6418716553876,-0.0,837.18744011145,-0.0,1084.8575,74.33696880051852,-0.0
1936,155.7731371205365,282.55745411609684,4.6593025038323965,1273.361457127846,-0.0,842.6005235004732,6.101392358350253,1089.1875,72.67126894536162,-0.0
1937,135.30158170659504,261.4039410097204,4.26200306591722,1155.4105672417504,-0.0,773.9288245496793,13.1844793713163,1011.645,66.78832390082505,-0.0
1938,118.8461482560462,225.59167823206275,3.55200306591722,1008.7630938842276,-0.0,664.5288245496794,10.86247544204322,903.395,57.538836192803174,-0.0
1939,91.18996662204276,188.344171209397,2.7520030659172203,863.6738842762908,-0.0,543.6288245496794,4.244204322200396,791.42,48.246715092738356,-0.0
1940,76.2918780473908,156.51094138595082,2.0220030659172203,732.1162575942176,-0.0,434.3288245496794,0.22966601178782042,687.645,38.95459399267354,-0.0
1941,63.8268734115873,129.3300844728787,1.4420030659172203,624.3199755711224,-0.0,337.52882454967937,-0.0,589.9699999999999,29.968546300273985,-0.0
1942,54.045915305459545,105.63041401499359,0.9720030659172203,532.3850382070052,-0.0,253.2288245496794,-0.0,497.91999999999996,22.96539313344602,-0.0
1943,37.66016248620144,86.5019300122955,0.6920030659172203,456.65500294502897,-0.0,190.42882454967938,-0.0,415.59499999999997,18.403687229403857,-0.0
1944,24.585194332409973,72.3705846092072,0.5320030659172204,408.45655060891625,-0.0,149.02882454967937,-0.0,342.21999999999997,15.876097670535316,-0.0
1945,14.742858014948418,61.11852137246039,0.4620030659172203,377.6025663123411,-0.0,124.22882454967936,-0.0,279.54499999999996,15.172849900024168,-0.0
1946,14.188086027523605,52.05954887974613,0.43200306591722026,352.6188202826514,-0.0,111.02882454967934,-0.0,219.92,15.532994843293746,-0.0
1947,13.100800359344282,43.36628925356847,0.40200306591722024,331.6915168097987,-0.0,98.92882454967935,-0.0,165.72,15.946805245369411,-0.0
1948,10.242533859331672,33.42589102778102,0.3820030659172202,304.9117622858755,-0.0,80.62882454967934,-0.0,109.795,16.458172008241018,1.9273399636677504
1949,4.876566632700904,17.08050770335931,0.2220030659172203,252.7133099497628,-0.0,41.62882454967934,-0.0,41.81999999999999,15.542706041709579,1.8114896087395516
1950,-0.0,-0.0,-0.0,181.97780847355298,-0.0,-0.0,-0.0,-0.0,13.69825104656637,-0.0
1951,-0.0,-0.0,-0.0,198.66456290789125,-0.0,-0.0,-0.0,-0.0,13.808162101210488,-0.0
1952,10.009257736569268,-0.0,0.6558431272355645,347.21575335756995,-0.0,85.49641191241744,-0.0,-0.0,17.035076457387543,-0.0
1953,27.87855627710826,31.864687576839827,1.4558431272355643,552.1235133238557,-0.0,266.16436582136475,-0.0,108.97249999999963,20.33852669884689,-0.0
1954,57.3403025645202,101.31821009849243,2.255843127235564,775.3061895291189,-0.0,473.8859057564928,-0.0,308.9724999999996,26.049768410745916,-0.0
1955,86.51089080450447,170.77173262014503,2.012480838017372,998.4888657343821,-0.0,681.6074456916208,-0.0,508.9724999999996,32.633081569850575,-0.0
1956,115.97263709191641,240.22525514179762,1.7927644353602434,1221.6715419396453,-0.0,889.3289856267488,-0.0,708.9724999999996,39.02732621496507,-0.0
1957,143.71571397098757,309.6787776634502,2.481374552887072,1444.8542181449084,-0.0,1097.0505255618768,20.638398899340714,908.9724999999996,42.83300211631709,-0.0
1958,173.17746025839952,378.8435821517808,2.481374552887072,1633.8131859523385,-0.0,1262.9040269267173,54.858009312751776,1093.7124999999996,43.42278064410217,-0.0
1959,184.82021413516122,425.98594068313236,3.205094532447623,1760.0971119182543,-0.0,1365.7726654132064,77.50272754291979,1207.0874999999996,40.12021849658794,13.966393290781996
1960,193.32892208040033,443.8974079550571,3.4444787940725594,1785.4614096421053,-0.0,1381.3567229062144,86.27712266336312,1219.1949999999997,32.90671492892945,28.834130633734603
1961,186.01002912459785,426.8086811695649,3.1799999999999993,1715.7714149189935,-0.0,1300.5705714113137,78.36444007858546,1133.3524999999997,30.981480981210687,35.15106220989729
1962,168.36880188807936,390.4323904048177,2.5699999999999994,1578.1469799996953,-0.0,1168.1705714113136,61.59646365422397,1013.4024999999998,26.376073382545044,34.79885931384853
1963,149.45949983321543,350.21991815200533,1.8999999999999997,1426.4038472682075,-0.0,1026.5705714113137,43.61532416502947,890.0024999999998,18.58635114322523,31.92703383497166
1964,123.01404814166057,311.67554161034747,1.3299999999999998,1282.4469188266712,-0.0,893.7705714113137,29.43418467583497,777.5774999999999,14.678499905355526,28.311057544731554
1965,107.86916670819966,276.7047343684945,0.8599999999999999,1156.4988839930425,-0.0,775.2705714113137,18.166208251473478,677.9024999999999,12.00481231450104,23.43784872124282
1966,93.85638838175393,243.5270278049179,0.45999999999999996,1033.785512994669,-0.0,664.1705714113136,7.8019646365422375,582.2774999999999,9.292121100064815,16.627029947333547
1967,81.48630166142337,213.0024219196177,0.19999999999999996,924.6583462862473,-0.0,570.5705714113136,1.7528487229862435,495.37749999999994,-0.0,12.008035097245903
1968,71.27448592580492,185.4975767564313,0.06000000000000005,825.3391625893585,-0.0,492.17057141131363,-0.0,414.75249999999994,-0.0,9.541493070011766
1969,61.93496946356831,160.96249231535876,-0.0,739.9675278413991,-0.0,422.5705714113136,-0.0,338.2775,-0.0,8.478221473248981
1970,53.31851869917415,136.32646069698535,-0.0,656.1087782071138,-0.0,359.4705714113136,-0.0,266.4525,-0.0,8.357591407925659
1971,44.549180162298185,112.08543404573385,0.020000000000000018,575.9846924080839,-0.0,301.1705714113136,-0.0,193.0525,-0.0,7.323879620716932
1972,36.17830877650099,88.41392883871002,0.07000000000000006,504.11795976226557,-0.0,250.97057141131359,-0.0,122.2775,-0.0,6.077086111622803
1973,27.264941950955297,63.12956223129598,-0.0,426.80458876389224,-0.0,198.37057141131356,-0.0,44.82750000000001,-0.0,2.766393273025434
1974,19.828125713323818,42.718781596172704,0.032468063362289176,363.45803950383146,-0.0,162.42745539459605,-0.0,-0.0,-0.0,-0.0
1975,13.439436111074825,46.82593717916481,0.418214103219213,372.37296523779065,-0.0,208.4974227669017,-0.0,-0.0,1.7519173437668778,-0.0
1976,23.049861097883188,78.0739352215418,1.1864128768523248,460.29725802370933,-0.0,329.6519711326886,-0.0,-0.0,6.369163701078569,-0.0
1977,41.545631402954356,130.89336935014862,0.7487148696985175,611.9634140198121,-0.0,506.99130183829243,32.58303329989418,29.21499999999969,11.84387892648082,-0.0
1978,66.93437996193944,198.28278048694034,1.5352989269289734,820.1155577869838,-0.0,714.7128417734205,68.36816666409109,229.2149999999997,18.469698144935926,-0.0
1979,95.09015195733765,267.7363030085929,1.4851175268267758,1043.2982339922469,-0.0,922.4343817085485,104.153300028288,429.2149999999997,24.157314653992998,10.29791708246572
1980,122.55018253858168,337.1898255302455,2.2851175268267756,1266.48091019751,-0.0,1130.1559216436765,139.9384333924849,629.2149999999997,28.82933493343915,36.977820246434916
1981,149.6152313294705,401.4452126391103,3.0851175268267754,1489.663586402773,-0.0,1335.7659848376622,173.27447352635198,829.2149999999997,32.1561146453897,65.67385912688259
1982,171.03120225036736,455.3757658071322,2.8995350025549307,1676.6554126201409,-0.0,1496.6766118013882,197.35733144020136,1029.2149999999997,32.77235053452821,93.50357904995762
1983,183.83426364962102,487.7866717251168,3.6995350025549305,1775.9202025611044,-0.0,1585.3880844197247,206.69547788819222,1158.3149999999998,35.083283190233274,114.83394647228559
1984,183.7550026791549,492.49967595004097,2.8995350025549307,1775.3275086441718,-0.0,1583.3435589786563,199.86924793326432,1191.8925,35.083283190233274,127.53524340207649
1985,173.0301319624404,466.08805334711997,2.8899999999999997,1674.4897589971938,-0.0,1481.0574074837557,177.14836667218847,1118.475,31.01375149472739,129.0245379476304
1986,155.34152336801301,425.12563076552675,2.5199999999999996,1511.1979543645643,-0.0,1329.8574074837557,148.06447669183484,1005.85,21.721630394662576,121.28101486900762
1987,135.05369943905225,378.9905860614295,1.72,1321.3457156693314,-0.0,1166.0574074837557,118.49021343053818,882.25,14.365190183761277,107.03598251046107
1988,117.25300597861569,334.81434496790143,1.25,1142.7854939625654,-0.0,1012.2574074837557,94.72930969772875,762.6,8.303815392610268,90.74352891007993
1989,100.81635904785487,294.9352424739831,0.81,977.582625409011,-0.0,868.5574074837557,73.3986613676698,650.225,4.22044784862274,74.11510057451395
1990,85.41240372320921,256.20590070217867,0.42000000000000015,822.7628802360161,-0.0,728.4574074837557,53.23402482543011,544.825,1.054138477222022,56.21296161803066
1991,72.10556062608174,221.42822394133356,0.16000000000000014,685.8351520514882,-0.0,605.4574074837557,38.07508572916293,450.575,-0.0,39.651828977751165
1992,60.420446544242154,188.83649932491122,0.050000000000000044,570.3994408554273,-0.0,502.3574074837557,28.861529737021478,364.775,-0.0,25.898872413650043
1993,50.04802406851772,158.18310969752952,-0.0,463.71127860829597,-0.0,409.7574074837557,23.644240935449773,288.075,1.8775342287475443,14.822896900937565
1994,40.12078863865693,130.17972007014782,-0.0,362.7053291453496,-0.0,320.5574074837557,17.768405964919317,218.7,3.666829691658247,7.3894369843526455
1995,30.277777663832527,101.72252186507507,0.040000000000000036,261.8776009608217,-0.0,231.7574074837557,11.043455080832878,154.5,3.666829691658247,3.196857448659607
1996,20.826495704296,73.30556293788848,0.09000000000000008,162.98054510578285,-0.0,146.3574074837557,5.233631898121686,91.02499999999999,5.932193026227093,1.3369822176800739
1997,10.960026698895827,45.084556155124645,0.1100000000000001,61.80036587018448,-0.0,60.35740748375568,0.4200759059802337,25.049999999999997,-0.0,-0.0
1998,4.977006634929619,24.768117047007436,-0.0,-0.0,-0.0,-0.0,-0.0,-0.0,-0.0,-0.0
1999,8.218585523599984,30.445726594960696,0.5002171691364332,11.066705177025042,-0.0,-0.0,-0.0,-0.0,-0.0,-0.0
2000,22.95726560531704,65.79157075478173,-0.0,118.49659266400592,-0.0,-0.0,-0.0,-0.0,2.518899357346962,-0.0
2001,49.25058738897009,127.49167429858555,-0.0,307.25785067252485,-0.0,-0.0,-0.0,-0.0,8.900317969450105,-0.0
2002,78.71233367638203,196.94519682023815,0.1972304547777206,530.440526877788,-0.0,207.59896536747146,-0.0,-0.0,17.01504444333088,-0.0
2003,108.17407996379397,266.39871934189074,0.9972304547777204,753.6232030830512,-0.0,415.3205053025995,-0.0,112.7974999999999,26.054655907812062,-0.0
2004,137.6358262512059,335.8522418635433,1.338219213081246,976.8058792883144,-0.0,623.0420452377275,-0.0,312.7974999999999,34.969620570153566,-0.0
2005,167.09757253861787,405.3057643851959,2.138219213081246,1199.9885554935775,-0.0,830.7635851728555,-0.0,512.7974999999999,43.508348641475784,-0.0
2006,196.55931882602982,474.7592869068485,2.9382192130812457,1421.4728526796061,-0.0,1038.4851251079835,-0.0,712.7974999999999,51.124009680183384,-0.0
2007,223.12702656690223,524.9157628334841,2.754174757281552,1573.116886105832,-0.0,1196.3108891933582,-0.0,882.0149999999999,56.53290824652107,4.895853397354934
2008,235.69397029929556,545.8538866796804,2.88,1630.0908899245833,-0.0,1271.2520722852516,-0.0,951.0699999999998,58.4015417222658,20.013412237276473
2009,232.7770897788524,532.960322066857,2.88,1586.8818644060875,-0.0,1249.3516293233129,8.536542239685652,913.9274999999998,56.5132867294299,26.610950540678335
2010,219.02869559179769,499.80764033888994,2.08,1458.269753124357,-0.0,1170.751629323313,10.399017681728871,832.8274999999998,50.98583907608614,25.68365367910041
2011,201.49511435887933,461.8004321995733,1.28,1319.1536503368602,-0.0,1066.151629323313,6.9011787819253385,736.5274999999998,43.04617322672209,20.09082227278357
2012,185.050962867867,423.32655408217545,0.8600000000000001,1171.2860070946674,-0.0,960.6516293233132,3.6033398821218015,642.8524999999998,35.35039827934789,13.28163871410997
2013,170.20527852793347,388.00195813111907,0.52,1049.6797085114526,-0.0,860.1516293233132,1.9903732809430181,557.5774999999999,28.976568782968627,7.164279079258002
2014,156.06151936965446,354.4747400575586,0.20999999999999996,923.6777061500845,-0.0,761.5516293233131,-0.0,473.67749999999984,22.949073827783273,1.9501898748773812
2015,143.94699378691485,326.00608631668115,0.030000000000000027,828.6989989869667,-0.0,679.8516293233131,-0.0,400.17749999999984,18.71180431578169,-0.0
2016,134.1917017797146,301.5021883307956,-0.0,758.2043258007828,-0.0,617.4516293233131,-0.0,337.8274999999998,16.386705697958803,-0.0
2017,126.33564334805376,279.41209892260116,0.020000000000000018,700.4621036656696,-0.0,566.5516293233131,-0.0,281.5274999999998,15.651832523319682,-0.0
2018,118.85516429498989,259.20796165882945,0.06459121103730192,644.5803155931598,-0.0,521.9516293233131,-0.0,230.7774999999998,15.702297513456214,-0.0
2019,112.1985356052351,239.0014415504399,0.144591211037302,585.5371828616719,-0.0,482.85162932331315,-0.0,181.32749999999982,16.562489758567388,-0.0
2020,105.62864505127118,219.52182076377392,0.18459121103730203,521.8376075733471,-0.0,445.35162932331315,-0.0,132.77749999999983,17.808020168454213,-0.0
2021,96.67779190648,196.7931471544088,0.10459121103730196,444.13404077925577,-0.0,393.55162932331314,-0.0,73.20249999999983,17.47549602933596,-0.0
2022,86.24332913187418,177.11054989628005,-0.0,374.6171360002245,-0.0,352.4370559714048,-0.0,38.80999999999983,16.94578349869935,-0.0
2023,81.44158334820163,178.73390124232418,0.14021716913643334,393.1400424793728,-0.0,387.2213148107486,20.063674540203976,94.47499999999985,18.683973401628453,-0.0
2024,83.73315167305232,199.4898366455675,-0.0,503.0546434107642,-0.0,493.07586317653545,55.848807904400886,231.9849999999999,22.631818014691362,-0.0
2025,95.02195454918255,237.51041395014576,0.7191287685232497,680.0978796992981,-0.0,655.8009426843682,91.6339412685978,431.9849999999999,28.476778474431796,-0.0
2026,114.39370653125053,293.6764279581529,0.2655825242718457,901.4638169101744,-0.0,856.6111266861553,127.4190746327947,631.9849999999999,34.83340635873722,-0.0
2027,143.85545281866249,357.9688087928234,1.0655825242718455,1124.6464931154376,-0.0,1064.3326666212834,163.2042079969916,831.9849999999999,40.69224979836065,-0.0
2028,166.94610602981592,424.42065831251693,1.8655825242718453,1347.8291693207007,-0.0,1272.0542065564114,198.9893413611885,1031.985,45.36721701618431,-0.0
2029,188.43111523641022,480.81017062697475,2.665582524271845,1559.0710530066951,-0.0,1454.135767354855,233.50172307921784,1231.985,48.13213631159736,-0.0
2030,205.66522196595798,526.260620601412,3.465582524271845,1714.6231926593096,-0.0,1590.5464748571153,260.0269010683482,1421.8925,48.32281405663535,20.723935446379084
2031,213.83807992753154,555.5623383755567,4.1190700051098625,1785.4614096421053,-0.0,1661.7723194810242,275.30733429491954,1534.805,45.94860953699535,45.283007396136334
2032,210.25861733721368,555.6281801732208,4.1190700051098625,1785.4614096421053,-0.0,1661.7723194810242,278.7098708108392,1550.76,45.94860953699535,62.51141875923389
2033,195.65477747294534,526.5594538773255,3.9090623403168117,1691.6154378653628,-0.0,1583.9525268485743,266.964954390547,1467.8174999999999,40.38530755726322,72.16079334145903
2034,173.10212234884222,479.14440917322827,3.3290623403168116,1537.454980415637,-0.0,1450.918885711025,246.08165380115605,1345.8425,35.61895088402091,75.09374757297729
2035,148.39042981556636,427.44507733566763,2.5890623403168114,1358.0291868011668,-0.0,1299.8852445734758,220.45689938072383,1213.9175,26.326829783956097,72.3907270693107
2036,137.59143393498147,377.7576497869525,1.8890623403168114,1195.442959124093,-0.0,1163.4516034359265,199.15297010763936,1087.9425,17.03470868389128,68.33210924763114
2037,128.96532582687837,331.89855722727805,1.3690623403168114,1048.0705271570678,-0.0,1090.3179622983773,184.93214496029162,973.0675,7.742587583826465,63.62443496888132
2038,109.49940883856614,289.26779965664423,0.9590623403168115,917.6247760137651,-0.0,1005.1750248087436,175.0698659819026,866.4675,6.829801765707055,58.339779638742854
2039,93.21368801662057,250.13061138581529,0.6590623403168114,808.3581567452554,-0.0,928.0413836711944,171.43410959683385,771.8675,6.829801765707055,55.09776584004385
2040,91.80643939232958,215.2865138590189,0.47906234031681155,723.2142267947017,-0.0,910.6077425336451,173.73803886991834,688.7674999999999,10.238914096740979,54.563928117523226
2041,79.72419484196578,184.18550707625508,0.4090623403168115,650.1445266168,-0.0,858.6741013960959,177.11741018622484,610.6924999999999,14.448026427774904,56.44807776259503
2042,68.75407163962319,182.5503532285827,0.37906234031681146,650.1445266168,-0.0,808.7404602585467,180.85709584437808,535.3924999999999,19.01324785681897,59.85021477525926
2043,58.632415588359365,154.55933651157505,0.35906234031681145,591.8886221489469,-0.0,757.3068191209975,183.16652609978084,459.3924999999999,23.461411113276224,64.72279197836943
2044,48.523843475944005,126.48141053859995,0.33906234031681143,534.7682921127237,-0.0,702.1731779834483,184.1513983984056,381.0424999999999,27.387628918738553,70.76417415668986
2045,36.57334618187411,95.30181955466549,0.1690623403168115,457.7559450880335,-0.0,628.7395368458991,179.3474691253211,291.4424999999999,29.206563108430302,75.01536762642435
2046,24.41346007736923,94.35572130877165,-0.0,380.5983377884443,-0.0,554.7484882245942,170.62561125023106,223.48999999999992,29.95583229285355,78.87637264591316
2047,22.525140354441863,92.17621490468215,0.13597853857945819,374.94964393026333,-0.0,582.970643800114,169.74207240970588,245.98499999999993,32.13237708572039,88.48325522592835
2048,31.540612571369884,116.03963183326083,0.6377031170158404,446.94201767163304,-0.0,640.0059633031913,178.44381550907005,356.53,37.29606841200312,104.07026464419297
2049,50.2019266495507,161.63712124556028,-0.0,591.7357750837866,-0.0,811.0545675416275,197.54841761168612,541.95,44.62515557715223,125.69168229743745
2050,76.71020586819228,223.62318652378264,0.7999999999999998,804.0623576682901,-0.0,985.2454018729036,221.9605281806953,741.95,52.925314819491845,150.4387190116149
2051,106.17195215560422,292.5089038097078,1.5999999999999996,1025.5203248692164,-0.0,1173.2502457863477,246.94334284819752,941.95,61.17402415834338,176.61268076330006
2052,135.63369844301616,361.3653492451158,2.3999999999999995,1245.2403222078556,-0.0,1352.7550896997918,268.3788706641759,1141.95,67.75141381263838,200.99287695616383
2053,162.06176641928997,425.3879591145226,2.3999999999999995,1447.1350021904127,-0.0,1509.2173410969915,282.69617776978265,1341.95,72.45570117196496,223.98303267796982
2054,191.52351270670192,474.57600248936603,3.1999999999999993,1597.04643631684,-0.0,1619.5229903957788,286.2810669135753,1507.7925,74.33696880051852,242.06489900413425
2055,202.59391333814364,528.7770429550791,3.793719979560551,1785.4614096421053,-0.0,1661.7723194810242,278.8978953087584,1600.0,74.33696880051852,255.71482132762074
2056,201.06285179826452,524.7821058599743,3.8709529892692895,1763.0226481053924,-0.0,1658.2656102375975,286.2810669135753,1595.42,68.91729966976338,262.1930541876872
2057,186.43204848386247,488.42000671719944,3.5990623403168116,1740.187649776229,-0.0,1624.8762423439355,278.0014890095945,1490.1475,66.85343006060339,260.14796803644356
2058,163.31112237504723,434.96093402601264,2.9190623403168114,1649.6014488778944,-0.0,1538.0873174122123,259.1552223740848,1347.1975,57.56130896053857,262.1930541876872
2059,138.72424279590774,380.2654306346307,2.1590623403168117,1548.1667884342557,-0.0,1438.898392480489,223.37008900988792,1196.9975,51.21577043001515,262.1930541876872
2060,116.50044715561671,327.77802295440324,1.4990623403168113,1343.4772674919525,-0.0,1282.1647513429398,205.74838033115628,1056.6475,41.92364932995034,246.8627558430557
2061,96.697043848059,278.93109382994817,0.9690623403168115,1153.5033359321121,-0.0,1138.4311102053905,191.68325318484113,928.2725,38.578110799426916,245.40028106698904
2062,79.05749090381036,260.1714533079016,0.5390623403168116,969.2168958992008,-0.0,1000.6974690678413,177.91616140198374,805.7975,29.2859896993621,230.1586621510197
2063,63.7621624145981,217.1816727173001,0.2890623403168116,804.1433409799636,-0.0,877.3638279302921,142.13102803778685,694.5475,24.573040409355244,216.95968476648983
2064,49.826245426285865,205.0356114293022,0.1790623403168115,655.2262286175633,-0.0,768.130186792743,133.5411464710395,590.1475,24.36415646689269,207.31970106575616
2065,36.75070252970093,166.16560149505838,0.12906234031681146,516.165558812,-0.0,667.5965456551937,126.55499771372237,492.5975,17.4055091259953,199.64852234023277
2066,23.81918792178572,127.9803572500503,0.1590623403168115,382.1395528416922,-0.0,572.9629045176446,121.53112793479426,397.12250000000006,11.739530867485739,194.09533098230182
2067,23.17343566440392,104.12402084018606,0.20906234031681153,251.1917681498029,-0.0,481.52926338009536,119.12808330321388,305.94750000000005,6.805225314945741,189.90767416910978
2068,21.794599468173658,64.48973370672266,0.23906234031681156,228.27216313285578,-0.0,457.1403384483722,84.75676699673059,216.82250000000005,2.126981558574294,185.62328778638908
2069,18.127492287231277,49.52440018662711,0.11906234031681144,192.55255811590868,-0.0,354.406697310823,82.1953726598457,126.39750000000004,4.310672094816383,178.87500207416514
2070,2.546694896966123,11.188929377056056,-0.0,55.6699994568653,-0.0,267.5584828213655,82.68796921462301,62.61250000000004,-0.0,170.0644525060139
2071,-0.0,-0.0,0.22185998978027588,-0.0,-0.0,259.0805175890838,95.27919344155507,80.82000000000004,-0.0,178.39042939858376
2072,-0.0,18.749863156518337,0.794289729177312,149.31657841726212,-0.0,324.88713335028325,117.82008450207468,175.84500000000008,6.438513269030655,176.89778896722882
2073,19.40148056319707,60.82309127892322,1.5942897291773117,372.4992546225253,-0.0,451.32144612168133,148.16219387550336,343.0350000000001,11.55237709962056,180.36235954192708
2074,35.56350856652172,127.95395951819313,2.3942897291773115,540.5296360449703,-0.0,620.6837377881483,183.76492349536665,543.0350000000001,20.844498199685376,188.01948019943836
2075,65.02525485393366,193.7411041715296,2.3942897291773115,763.7123122502335,-0.0,808.3028731686305,188.32298135472863,743.0350000000001,30.13661929975019,199.74876676319764
2076,85.34091288905782,260.19399621645766,2.3942897291773115,954.8285597074624,-0.0,1016.0244131037585,223.43988063359078,943.0350000000001,39.13979870384046,212.8947344596343
2077,104.04988381303,321.64741283812066,3.1942897291773114,1129.5232528214642,-0.0,1184.3723730339202,236.48322522552257,1143.035,40.00943864045835,227.54046315963615
2078,119.30511005862763,371.66364084271623,3.1942897291773114,1352.7059290267273,-0.0,1318.3066052667841,264.0591596441783,1319.6275,47.5749541523382,253.60241340795127
2079,136.32654025806136,399.4636631126836,3.765424118548799,1419.8847527969622,-0.0,1424.059213194304,281.32418243746696,1472.802455357143,52.41703466232586,259.1951331491721
2080,142.06053892604655,399.9393954327758,3.765424118548799,1501.0372356719074,-0.0,1406.7668356871827,286.2810669135753,1472.824955357143,53.80359219333259,257.27539584886364
2081,124.9047799297054,369.6270228686402,3.5690623403168114,1365.2730362002433,-0.0,1363.2632165957496,250.49593354937838,1381.527455357143,52.06210282976666,247.2790859999847
2082,108.42663663203538,350.2959268107889,2.9390623403168115,1283.1779416940012,-0.0,1201.9295754582004,231.528841766521,1256.227455357143,47.855567922824974,231.2275298572894
2083,90.48984825792596,302.51063289456164,2.2290623403168115,1190.531306733063,-0.0,1096.040650526477,195.7437084023241,1125.402455357143,42.42220028648025,226.60933182789785
2084,74.07345221654984,257.81438186678974,1.6090623403168114,995.7307218698347,-0.0,929.6070093889278,174.39920993970247,1055.3024107142858,37.86444355993653,207.91689530431069
2085,60.909943947655535,216.44051368363571,1.1290623403168114,818.7865795634434,-0.0,844.5180844572046,155.8338863297331,937.7774107142858,28.57232245987172,205.37743947685536
2086,48.784706663473344,175.4992676229857,0.7090623403168115,648.0721989901666,-0.0,697.4844433196554,137.5420401264435,822.1524107142858,25.329274870393952,190.48663816850387
2087,32.60884188246253,139.81183014002679,0.4390623403168115,495.0924822521453,-0.0,634.8955183879322,122.1633569879869,709.6774107142858,16.037153770329137,178.45156011347723
2088,15.996492370762144,136.22024559215933,0.3090623403168116,471.70228984804424,-0.0,589.106593456209,111.09410410493305,605.9274107142858,14.991709843488902,169.22629334986465
2089,10.907993222370848,107.75279817495655,0.2590623403168116,434.6793160264896,-0.0,484.57295231865976,96.71646088496621,504.67741071428577,14.870655006847656,161.9141083081375
2090,7.624699360849217,82.88986723485954,0.2590623403168116,321.7440673280058,-0.0,386.73931118111057,60.931327520769294,406.50241071428576,8.270560403164469,157.32154584923842
2091,5.174115346448753,59.94287850494145,0.2790623403168116,210.57016328850005,-0.0,290.50567004356134,53.72435361610444,307.75241071428576,2.021687619083311,157.32154584923842
2092,3.4816243913997647,38.53920986269826,0.2690623403168116,216.8560218498,-0.0,190.77202890601214,45.94567047764784,263.52736607142856,2.1079637000542366,154.61577573314204
2093,0.8589555109901323,15.923626997365705,0.14906234031681148,103.11461133253223,-0.0,77.13838776846293,10.160537113450928,157.12736607142858,1.0430179614231347,148.95101193324945
2094,-0.0,-0.0,-0.0,-0.0,-0.0,39.94922122113672,-0.0,72.60986607142858,-0.0,142.01881733307147
2095,-0.0,-0.0,-0.0,-0.0,-0.0,-0.0,1.0100019604067008,94.78022321428574,-0.0,137.1954352425177
2096,11.88043959833361,-0.0,0.5784312723556464,76.68758963059909,-0.0,105.96298412353653,14.8903408267599,240.28517857142856,5.0196214848043565,135.88738396197434
2097,31.893686445150976,-0.0,0.7744787940725604,206.23061693856732,-0.0,221.89741770273613,11.133773751803258,440.28517857142856,6.680246196467398,154.7234900604718
2098,59.98235596099184,63.06424691541797,1.5744787940725602,407.6704534450258,-0.0,372.23140831999694,46.91890711600017,640.2851785714286,15.972367296532212,163.28357472869033
2099,89.44410224840378,132.51776943707057,2.37447879407256,625.3978659381908,-0.0,579.952948255125,82.70404048019708,840.2851785714286,25.264488396597027,172.57385486488792
2100,118.90584853581572,201.97129195872316,3.17447879407256,818.1875443120283,-0.0,751.1294508500957,118.48917384439399,1040.2851785714286,34.55660949666184,196.58127632537168
2101,143.44599072407468,270.51593421027735,3.17447879407256,1028.9778934247233,-0.0,907.5919035936314,122.0666378291507,1240.2851785714286,43.775963680179956,220.1443982202835
2102,161.30310228660426,329.96536754038135,3.9744787940725597,1199.2161226213289,-0.0,1085.9710936479241,149.43862347424323,1360.2751785714286,50.5966084435348,240.0196595005513
2103,169.74756013698618,365.2330036970547,3.9744787940725597,1271.5665463592502,-0.0,1135.6634984806199,165.51301563379047,1396.4701785714285,54.90938110716771,240.21378885144253
2104,167.77577153923528,375.6266197476314,3.17447879407256,1289.5030330571185,-0.0,1174.101706789355,167.11903552393346,1349.9501785714285,55.836453356266674,233.77187449377797
2105,152.4196585100012,352.9829420069796,2.9699999999999998,1205.8000478609026,-0.0,1134.4695450331126,155.2111725580013,1237.3901785714286,46.544332256201855,235.2235268925412
2106,138.13096319524325,316.36642189859003,2.4299999999999997,1067.081888137697,-0.0,988.9359038955633,136.70439511699067,1101.9151785714287,37.25221115613704,230.97262455843617
2107,123.28708083462165,279.5846575451924,1.7899999999999998,925.9042049482623,-0.0,837.7022627580141,117.15046639896629,959.6401785714286,31.214050845067383,209.88521961586792
2108,110.28070303425154,246.3016968023639,1.2499999999999998,774.758340427651,-0.0,764.2133378262909,100.3153981917474,824.4651785714286,23.725533009176992,188.16511036858617
2109,98.8424000522269,214.62468820395813,0.7899999999999998,640.9792949270769,-0.0,632.8796966887417,84.42748126154228,693.2151785714286,19.521536345122556,167.53191939941902
2110,76.91504142002351,182.66173739537345,0.4099999999999999,532.4371861692723,-0.0,507.2460555511924,68.92443662996192,620.8901339285715,15.895594230073193,147.45445168357674
2111,55.727860713180775,152.063083654496,0.1299999999999999,435.0981583208596,-0.0,395.3124144136432,56.4439853186173,500.8151339285714,13.223317573829917,131.29824176579822
2112,36.97125026443199,124.12181772535834,-0.0,346.9622113818389,-0.0,296.478773276094,39.59951857729209,391.79013392857144,12.0534845567907,119.31901289940836
2113,29.297331421798354,98.09507820757025,-0.0,266.00357512486227,-0.0,272.5898483443708,31.992544672627233,344.0650892857143,5.2070554119136006,109.80531857775742
2114,13.449954548588957,73.40976442285536,-0.0,190.57960270314106,-0.0,183.65620720682162,24.28930357739263,242.66508928571432,5.595775132088583,115.55441624365237
2115,8.022970008112873,50.55515853755515,0.040000000000000036,122.53875366197938,-0.0,96.52256606927241,16.94264401457454,144.49008928571433,6.113771220870668,107.95053321341547
2116,3.507536557564027,30.216734140320042,0.1200000000000001,60.96015987617024,-0.0,80.43364113754922,9.586554196353696,103.26504464285716,6.631767309652753,99.7450149679429
2117,-0.0,10.818778364613443,0.17000000000000015,10.214059612599087,-0.0,-0.0,2.9398946335356015,60.915,-0.0,91.22805021582059
2118,-0.0,-0.0,0.3657613694430253,-0.0,-0.0,-0.0,-0.0,-0.0,-0.0,83.61433359195338
2119,3.7134249644582678,4.633816752097431,0.3657613694430253,62.61538008379587,-0.0,36.193572641443446,10.5003419446492,35.45250000000004,4.608516956402595,81.59345142678734
2120,20.98794844482841,51.8971331934965,-0.0,216.35358019023238,-0.0,108.85759588639854,5.121440759936888,164.5700000000001,6.092183112892136,100.15971971297873
2121,48.38626070004904,121.3506557151491,-0.0,439.53625639549557,-0.0,276.81579648295696,40.69186610430941,364.5700000000001,10.132499549501574,109.64811543445778
2122,77.84800698746099,190.8041782368017,0.3654368932038845,662.7189326007588,-0.0,451.0213652432101,53.17314328811921,564.5700000000002,19.42462064956639,122.7844106489813
2123,107.30975327487293,260.2577007584543,0.5987812979049574,885.901608806022,-0.0,646.3123203822877,66.79546996714802,764.5700000000002,28.716741749631204,136.6880920593577
2124,136.77149956228487,329.7112232801069,0.8935360245273383,1109.0842850112851,-0.0,841.6604011202508,79.0312227680651,964.5700000000002,35.34439947610194,163.5023288119645
2125,166.23324584969683,399.16474580175947,1.1402938170669394,1332.2669612165482,-0.0,1049.3819410553788,114.81635613226202,1164.5700000000002,41.31982405868784,174.1501513473366
2126,194.0771500180892,468.61826832341205,1.31,1548.6381478016206,-0.0,1207.3593295742273,121.1541582047339,1364.5700000000002,46.84612016538515,182.25844434116436
2127,212.61916508096618,519.7072306698306,1.31,1691.961090990629,-0.0,1350.6946490773046,148.57039473492284,1491.4550000000002,49.40856300547423,198.90244584445406
2128,217.18592361668541,539.7481532229687,2.11,1733.8444517840119,-0.0,1412.8023521087175,128.52696207230298,1512.4825,46.612106682684754,205.99947972984037
2129,205.77652631320527,523.3574845355905,2.11,1657.7921036961657,-0.0,1342.825433877382,93.48657002031483,1425.5,43.98013052327695,188.85985179116645
2130,183.5972060173353,487.28623847494055,1.8699999999999999,1550.820582325515,-0.0,1226.5917927398327,77.51797475918121,1297.575,40.105504831512796,178.37989338875497
2131,169.6219322511411,448.30427458063207,1.4999999999999998,1403.4373221805247,-0.0,1144.1581516022834,68.32082403722755,1161.9750000000001,35.2162173045243,151.08141974547272
2132,146.84147143908322,410.337784274974,0.7,1267.085644961398,-0.0,1071.6245104647342,64.93330003433087,1029.45,31.08299157370436,137.62775072214393
2133,134.9500480361981,374.3115332472021,0.41999999999999993,1154.1264668535089,-0.0,972.190869327185,67.61198428290766,903.6500000000001,28.94971854104282,111.10965449603357
2134,112.91188649752206,338.6819521975114,0.16999999999999993,1032.73613429336,-0.0,880.3572281896359,40.531827111984285,779.6000000000001,21.010525710094708,98.6412685355837
2135,91.64582806586122,305.0711846926337,0.040000000000000036,951.6237872686698,-0.0,806.3235870520866,17.872495088408645,664.7250000000001,14.971285577305,73.81336101805928
2136,81.71091015038829,273.8173264437235,-0.0,883.8718743065832,-0.0,750.5899459145375,-0.0,561.7500000000001,10.846659977898046,64.44006941190239
2137,62.42251596333357,243.30871243982136,0.050000000000000044,789.0321716047558,-0.0,741.8563047769883,-0.0,465.9500000000001,7.085474394113412,47.783031189106396
2138,42.70622488329404,213.05319911419562,0.14000000000000012,724.7477651204312,-0.0,688.5226636394391,14.503242205354791,372.4250000000001,10.513103134186949,41.673638912452745
2139,31.08794214847009,183.33435576665116,0.2400000000000002,655.6099969886615,-0.0,670.1890225018899,27.86679875255634,282.82500000000016,14.1456191526686,22.624347661552648
2140,21.24298775098513,152.5097995525701,-0.0,552.51511144664,-0.0,604.3553813643407,7.797840009923728,194.45000000000016,10.1527608629144,4.74713181633417
2141,9.456108171845628,119.79976974983859,0.020000000000000018,468.0933093379363,-0.0,519.3217402267915,14.723479071860051,100.57500000000016,5.096509859379474,1.2490601110183484
2142,-0.0,92.25308268234902,0.13093765968318855,399.1107379170908,-0.0,481.9878172043721,19.789829886594188,26.59250000000017,-0.0,-0.0
2143,1.6408992472627233,93.08790748944135,-0.0,422.9237382077989,-0.0,510.7670983787774,31.26856414582764,20.057500000000175,3.686286015105347,4.318268606213014
2144,15.365288239929136,123.94822933324437,-0.0,500.85614887298027,-0.0,560.9596642885417,20.166650049968354,154.82517857142864,10.08801508569853,14.840556879125849
2145,34.33936596630724,176.79106618413653,0.7999999999999998,674.2256242673404,-0.0,672.7085101425811,19.39978740421008,325.25767857142864,11.275169533115587,16.966575425214433
2146,63.80111225371918,245.85365108115167,0.7999999999999998,892.8707086209366,-0.0,871.8995860894602,55.18492076840699,525.2576785714286,15.230470322078364,35.87285124581977
2147,93.26285854113112,315.30717360280426,0.9021665815022988,1116.0533848261998,-0.0,1044.56183748666,67.0810901889804,725.2576785714286,24.52259142214318,54.45464395900302
2148,122.72460482854306,384.76069612445684,1.0131553398058244,1339.236061031463,-0.0,1224.8525510101344,79.86357043061028,925.2576785714286,30.72105525898207,70.65293706207119
2149,152.186351115955,454.21421864610943,1.8131553398058242,1530.012970804426,-0.0,1388.4720890832884,89.3846412546398,1103.7476785714287,40.01317635904688,71.3924696851212
2150,180.3924315730923,513.0060865079689,2.6131553398058243,1673.992153532476,-0.0,1510.006482393221,92.60334735169457,1208.7876785714286,43.77706329788464,76.03362970780972
2151,199.1930747558568,549.7375789703083,2.5078027593254983,1775.453186711624,-0.0,1606.6131384236876,115.65691436389409,1246.9851785714286,51.557324155038486,69.83759609849301
2152,204.34910174900477,555.6281801732208,3.073421052631579,1785.4614096421053,-0.0,1574.2065902573295,92.3848945813102,1217.8376785714286,48.62964742422529,71.35743223827211
2153,194.11096816405512,526.217536947831,3.0999999999999996,1678.5513681678049,-0.0,1494.0725464271086,85.77122618733907,1116.9451785714286,41.71361807926799,65.65319403178755
2154,174.16676195002475,477.56656990204254,2.6599999999999997,1517.738808787277,-0.0,1368.1389052895595,70.92103027874494,1041.6451339285716,32.42149697920318,55.21738644073929
2155,152.78583584120952,427.8425021779776,2.1799999999999997,1347.5311515088904,-0.0,1195.4052641520102,35.13589691454803,963.4200892857143,28.27356211131729,43.68811971063373
2156,133.24626465595486,380.25176447583146,1.38,1187.2977240031555,-0.0,1032.4716230144609,22.48963027903838,831.8700892857144,24.893907235620244,33.460488195763844
2157,116.10785222789414,336.84483535137633,1.0399999999999998,1040.1860752190023,-0.0,924.6379818769118,15.739630834098477,712.3450892857144,16.152270765468074,11.27497033905508
2158,99.07847720900615,292.8862412159619,0.24,899.100196662197,-0.0,775.7043407393626,8.489631389158575,595.4700892857144,14.984786783949724,4.055514900363574
2159,84.32332664515454,252.06241276978318,0.06000000000000005,771.5529734464137,-0.0,677.6706996018133,4.096213476635178,486.49508928571436,15.536804614222245,0.0622229054428729
2160,70.56143794551203,213.2733500128402,-0.0,651.6008481284895,-0.0,548.3370584642641,3.1782376073337772,443.07004464285717,10.580506308845727,-0.0
2161,58.01473629173316,176.7009572339785,0.050000000000000044,538.8438207084242,-0.0,468.60341732671486,4.207413015046136,407.495,6.448597093668195,2.6016764240603685
2162,46.29880106241491,141.02285158858018,0.15000000000000013,431.09078479412545,-0.0,394.0697761891656,-0.0,318.195,3.2410769686896472,1.389085797950484
2163,34.87824904532697,105.49474594318188,0.26000000000000023,325.8724127150822,-0.0,279.93613505161636,3.6725938752958527,229.82,6.788207520554052,5.292397437246528
2164,23.063080240469333,69.9644967310519,0.3600000000000003,217.17581935762044,-0.0,208.10249391406714,7.369745707369706,145.07,3.653854666172461,8.74652668416041
2165,10.238677860072315,33.782343230076364,-0.0,103.66143878434366,-0.0,129.56885277651793,-0.0,56.72,-0.0,12.203926361545642
2166,-0.0,4.9521900563665255,0.14387838528359734,6.5607471644886886,-0.0,26.963512688174852,5.537891177315281,-0.0,0.12894206765067828,3.067077986284447
2167,-0.0,6.032480152203522,-0.0,7.842970635424965,-0.0,-0.0,-0.0,-0.0,-0.0,-0.0
2168,5.924285596212048,37.6713477129595,-0.0,103.68917951677955,-0.0,101.32102803603908,31.271523206648723,-0.0,-0.0,5.086430750901923
2169,22.664179120844082,93.03682693642378,-0.0,279.32103416912094,-0.0,226.15550188450584,43.00219169842442,-0.0,7.215836442113288,16.125172345912574
2170,46.53588487088266,162.49034945807637,0.14381706693919227,500.5202862762537,-0.0,400.83216555654525,78.78732506262133,200.0,8.558887386867884,31.489316824318188
2171,74.07583925831881,231.94387197972895,0.4099821154828813,723.7029624815169,-0.0,595.9085473437145,114.57245842681824,356.1225000000003,10.866598231933692,48.40813987812496
2172,103.47659238319665,301.39739450138154,0.7342641798671425,946.8856386867801,-0.0,794.7563461968075,139.47558924032836,556.1225000000003,20.158719331998505,66.88950542164434
2173,131.79411642749827,370.8509170230341,1.0524322943280517,1170.0683148920432,-0.0,1002.4778861319355,162.38711612263177,756.1225000000003,24.22698140223832,84.72999580969412
2174,160.34688814313313,436.8309881303758,1.8524322943280516,1367.7462370343032,-0.0,1149.1408623759444,177.4097043998487,956.1225000000003,32.85313560341085,101.50932870096678
2175,184.52507001695858,480.749619192325,1.7097981604496661,1494.7348646391774,-0.0,1255.9334282857087,181.08200554352288,1091.0125000000003,38.34162591237297,112.96812445886074
2176,185.14906398253862,495.5499711831076,2.509798160449666,1518.059164094266,-0.0,1228.45570466903,170.60064398712402,1124.6950000000002,39.40605553822462,118.91596697138665
2177,179.11797072783156,475.2150308900106,2.03,1437.615258140258,-0.0,1163.578907245496,143.34322857832743,1057.1550000000002,35.56533208928605,114.88747674373462
2178,162.09183933214666,434.1826281769051,1.8299999999999998,1297.7186647827962,-0.0,1055.5452661079469,117.9122773132087,948.8800000000001,28.418808340725764,105.53265017056799
2179,143.43610026919507,390.58522049667766,1.5099999999999998,1142.59230969222,-0.0,899.0116249703976,111.88310301561654,832.7300000000001,20.430790027538087,93.21228905266244
2180,125.5907535389768,348.04899927163723,1.1999999999999997,995.6708567037847,-0.0,749.0779838328484,109.17102105594186,720.3550000000001,13.750055330120992,79.50350037671852
2181,109.24560297512518,308.3765866242879,0.9899999999999998,859.0147398800939,-0.0,650.7443426952992,78.15294639975326,616.1300000000001,8.25221515827549,64.55873696558974
2182,93.55679821433114,268.6208439550198,0.7999999999999998,722.7408358405881,-0.0,514.91070155775,81.53909626719057,514.4050000000001,3.6421567904096976,48.687810110690165
2183,79.75972246882498,231.43177126383296,-0.0,598.9015956363379,-0.0,393.57706042020084,58.5286836935167,423.93000000000006,0.8149929481155009,33.40707196437653
2184,67.79341314777943,196.09508141726403,-0.0,492.2583639263212,-0.0,294.4164201772037,39.83909626719056,345.00500000000005,-0.0,20.482057071387754
2185,56.5932534634248,162.39672655973573,0.09000000000000008,395.79825559686395,-0.0,201.68277903965443,24.42691552062868,271.70500000000004,-0.0,10.535658445023298
2186,36.41020600658837,131.62456312451636,0.28,310.29898673590577,-0.0,122.5491379021052,12.554420432220034,205.73000000000002,-0.0,4.831775414786399
2187,27.022541761982232,101.55835183371977,0.28,231.30113366180103,-0.0,53.415496764555975,4.970726915520622,143.35500000000002,2.9215197344205865,1.7655023349700363
2188,17.58198974489429,72.15380555388253,0.48,158.2695273488153,-0.0,36.781855627006756,0.8909626719056902,83.83000000000001,-0.0,0.6253926989244801
2189,7.394895758382116,41.75735498519977,-0.0,89.6992656948076,-0.0,23.64821448945755,-0.0,23.305,2.196036358700904,-0.0
2190,-0.0,17.493279724389986,0.3028206438426162,48.45386441105871,-0.0,-0.0,-0.0,-0.0,-0.0,-0.0
2191,-0.0,18.71098774360434,-0.0,75.40208853455775,-0.0,40.893773987779305,-0.0,-0.0,0.9784748578825218,-0.0
2192,9.586925363885978,53.296263738568825,0.7999999999999998,175.06446382078698,-0.0,160.05787777126875,-0.0,-0.0,5.955623788354408,-0.0
2193,39.04867165129792,116.34018385106339,0.7851226366888089,353.0517080760321,-0.0,361.02089428454474,-0.0,-0.0,14.081271643670348,-0.0
2194,66.89822427370845,185.79370637271597,0.9897649463464475,576.2343842812953,-0.0,568.7424342196728,-0.0,199.85499999999968,23.373392743735163,-0.0
2195,96.35997056112039,255.24722889436856,1.7897649463464473,799.4170604865585,-0.0,776.4639741548008,14.67610626112112,399.8549999999997,32.66551384379998,-0.0
2196,125.82171684853233,324.70075141602115,2.1171078180889102,1022.5997366918217,-0.0,984.1855140899288,50.46123962531803,599.8549999999997,41.95763494386479,-0.0
2197,155.2834631359443,394.15427393767374,2.465396014307612,1245.782412897085,-0.0,1191.9070540250568,86.24637298951494,799.8549999999997,49.57065573722992,-0.0
2198,179.88264940859278,462.27974360847463,2.6303985692386287,1468.965089102348,-0.0,1352.22759882989,118.5720885012696,999.8549999999997,54.85731209367205,-0.0
2199,202.9915191989064,509.03595132566977,2.467531936637709,1619.0396790031746,-0.0,1437.0347783608297,140.6883033176453,1156.6624999999997,57.112220834381645,11.473151254691864
2200,204.2779604014504,525.9753989641123,3.2675319366377087,1681.551083588416,-0.0,1459.3856376782273,150.18479655320635,1213.8574999999996,55.22549714520559,25.499669291724153
2201,199.6873892020528,510.04522870099413,2.6899999999999995,1641.3823116225335,-0.0,1414.8087999854263,145.997925392498,1167.5799999999997,49.154794546105165,32.78390943736233
2202,184.40434174521636,472.6647203424903,1.8899999999999997,1534.5724840311293,-0.0,1325.8751588478772,133.01816114888305,1077.6299999999997,39.86267344604035,34.12705276623035
2203,165.23879884863143,429.2118291393686,1.0899999999999999,1397.1675585418661,-0.0,1215.241517710328,115.3423261783526,972.5799999999997,30.570552345975532,30.557114373212958
2204,146.8053773000677,385.0986986583607,0.71,1261.3635436489774,-0.0,1110.2078765727788,100.54586252412862,870.9549999999997,28.128584762932206,25.311830144042602
2205,129.25407709952518,343.4472331883122,0.3999999999999999,1140.4733244661372,-0.0,1015.7742354352296,90.98535171862764,771.4049999999997,19.308515329042212,18.932206394923067
2206,113.26835627757961,303.4214805848003,0.1399999999999999,1026.9791137775305,-0.0,928.4405942976804,83.41167784829365,678.6799999999997,15.678401718455028,11.52478398679705
2207,98.76456063728858,267.83524942551605,0.010000000000000009,932.5809115831574,-0.0,854.8069531601311,80.41914346715416,595.2799999999997,10.009506802325474,5.907550287256978
2208,86.5863443755945,235.80449185488223,-0.0,855.9569391614363,-0.0,793.9733120225819,79.72091164004217,521.6799999999997,5.667444615598962,2.291951802952582
2209,75.87716552307316,206.079447150785,-0.0,783.9111880181335,-0.0,737.7396708850328,79.82071517638795,452.15499999999975,1.7668769934998387,0.18779982529791184
2210,65.88529506443666,176.92606745764712,0.09000000000000008,717.2654368748308,-0.0,680.9060297474836,78.437414586997,383.75499999999977,5.2614693948341955,-0.0
2211,55.87534978745471,148.97411349758244,0.17000000000000015,653.1245878336691,-0.0,623.6723886099344,75.68613757324454,316.4799999999998,5.2614693948341955,-0.0
2212,46.07636710130002,121.05382454847712,0.17000000000000015,587.4886408946485,-0.0,566.8387474723852,72.92543030408933,244.12999999999982,-0.0,-0.0
2213,34.328543172339266,88.94830128860755,0.16000000000000014,506.92601313190534,-0.0,499.30510633483595,68.31383894849012,163.75499999999982,-0.0,-0.0
2214,24.26307768923742,59.90784846838769,0.11470362800204398,427.8888166020573,-0.0,443.18551504872187,67.0657767220223,109.20749999999983,-0.0,-0.0
2215,24.588328011830175,51.273983101645385,0.1928053142565151,371.00271213983916,-0.0,432.6937013113408,75.0698720797948,142.72249999999985,-0.0,-0.0
2216,37.32881533612051,72.06732858261509,0.6625344915687277,392.05823938926426,-0.0,482.2438760511966,97.35390347012718,257.39999999999986,0.3898370982249766,-0.0
2217,59.79202099852067,122.57883566617986,1.4625344915687275,522.2034083996425,-0.0,608.9502099275259,133.1390368343241,422.04499999999985,3.6058911787691468,-0.0
2218,89.25376728593261,188.86795754496018,1.0994123658661208,734.4671770643407,-0.0,809.1699090777485,168.92417019852098,613.4199999999998,12.898012278833962,14.084526515273183
2219,118.71551357334455,258.32148006661276,1.0994123658661208,957.6498532696039,-0.0,1016.8914490128765,204.70930356271788,813.4199999999998,22.19013337889878,33.815553189943785
2220,148.1772598607565,327.77500258826535,1.8994123658661206,1154.9544445827123,-0.0,1224.6129889480044,240.49443692691477,1013.4199999999998,31.482254478963593,52.688982657959315
2221,176.54531194722688,394.62794933564214,2.4270158405723046,1305.8237959744438,-0.0,1419.8753208837384,269.30111974010447,1213.4199999999998,39.388577605147105,70.96783985230346
2222,197.5914939829902,446.65590976696905,3.2270158405723044,1387.298840225107,-0.0,1541.2527899411211,283.58167474496406,1396.1374999999998,37.77959961244381,86.07082783817168
2223,207.3656558434854,474.725701058956,3.7823863055697493,1401.9512970605983,-0.0,1563.3885926754044,286.2810669135753,1507.0849999999998,39.50174924269781,97.19249581199833
2224,205.32885389347814,467.6115706434331,3.8975396014307613,1345.8361238338296,-0.0,1519.9109898665272,278.9146399114463,1520.2199999999998,39.13051152579579,105.36055219056378
2225,192.22308157624184,436.34713148100116,3.647531936637711,1234.2392967114831,-0.0,1425.0769863055734,261.87912615411324,1434.235,35.738331597740235,110.07523571196256
2226,169.79486531454776,388.28541679882267,3.0475319366377107,1073.0708562502243,-0.0,1287.4433451680243,237.06557016197178,1306.935,30.479305842110097,107.99850458737868
2227,147.0724245978173,338.37084071625395,2.3075319366377105,903.6944327774327,-0.0,1142.3097040304751,213.2691065077478,1174.61,24.74950915324547,103.4464276266418
2228,125.98114263828077,291.3636425111812,1.6875319366377104,755.122911406782,-0.0,1010.1760628929259,193.59346800087158,1051.2849999999999,20.856272448758517,98.31246396880927
2229,106.85832782982303,275.8139721864031,1.1775319366377106,615.7771602634793,-0.0,893.0424217553766,178.88010847238436,936.8349999999998,18.777650277654324,93.29824882911674
2230,89.36743820301982,233.3027360599969,0.7875319366377107,482.8780474727316,-0.0,781.7087806178274,164.46105149792464,830.5849999999998,17.718529918341,87.50868785327125
2231,74.37481956092873,195.37578706705415,0.5275319366377107,367.9482623524949,-0.0,686.157819284951,153.73629707749242,730.5599999999998,18.135020468828692,83.55359233268685
2232,62.57239708520429,161.3002638071846,0.38753193663771074,272.68472399337725,-0.0,602.6241781474017,145.95299648810146,638.2849999999999,19.861285576132612,81.29849681210244
2233,51.85382497278893,129.81973558019308,0.3475319366377107,197.0536791564976,-0.0,528.8905370098526,139.33944049596,553.2849999999999,21.946103420650736,81.75975344387479
2234,42.16275742062507,107.87670903772268,0.3175319366377107,140.98979167711144,-0.0,463.6568958723033,133.86930297140202,471.40999999999985,24.90408853576582,84.33899744323956
2235,33.541886034827876,81.20521376494267,0.3175319366377107,90.24460200991483,-0.0,408.9232547347541,132.3879670185533,393.98499999999984,28.303520913666695,87.88541120257894
2236,24.721977239857953,56.98870359079692,0.30753193663771067,55.61103773974921,-0.0,365.18961359720487,134.18226957258082,320.18499999999983,32.168789644552355,92.39899472189289
2237,13.0834051274426,30.97408777125288,0.14753193663771075,21.189098866614643,-0.0,312.55597245965566,132.91056033878908,239.3349999999998,33.42433112046338,95.62893039356359
2238,1.1293305165391416,7.715513777890152,-0.0,-0.0,-0.0,273.15059210204544,131.2434963227488,181.31749999999982,33.8462521516022,99.87388968045977
2239,-0.0,-0.0,0.0077491057741440605,-0.0,-0.0,305.6155012708782,137.8768752446736,213.86499999999984,35.898020361512515,109.20002074186937
2240,1.613851580927765,-0.0,0.3857153806847215,22.644228954192002,-0.0,400.8650719717265,152.42960470829135,330.9074999999999,39.630471926731815,123.62552712292282
2241,23.21495777196946,31.399620010917722,1.121078180889116,155.7561987119663,-0.0,541.5853348916894,175.80603782298743,518.3499999999999,45.57954115041951,143.1131501557365
2242,40.95054692189617,94.48870729196868,1.9210781808891157,335.72577682977,-0.0,693.2195671245531,202.72031519644997,718.3499999999999,52.8507763397759,166.85902887252706
2243,70.41229320930812,163.94222981362128,1.4787812979049562,558.9084530350332,-0.0,832.039548159646,229.64702735272388,918.3499999999999,60.10223433161377,191.7068494826577
2244,99.87403949672006,233.39575233527387,2.278781297904956,782.0911292402964,-0.0,961.1024438651203,252.67024216417917,1118.35,66.92163397441755,215.75652148556202
2245,129.335785784132,302.84927485692646,1.905260602963721,999.8351768584072,-0.0,1079.8940835817398,270.8851926347761,1318.35,71.69712891127078,236.36692550391334
2246,156.3670894887169,364.04679396394107,2.7052606029637207,1168.930985195011,-0.0,1181.4431307821148,279.7414461068152,1499.895,74.33696880051852,252.52116396915596
2247,163.7631320264613,401.54260519770315,3.3830991313234544,1258.222335701983,-0.0,1287.0355356148104,279.0864640072879,1600.0,73.25882369200515,261.1729956807182
2248,163.7631320264613,410.31380985368816,3.687307102708227,1277.2677126324868,-0.0,1279.2574495747272,286.2810669135753,1599.6125,68.925025823694,262.1930541876872
2249,155.04131299833662,387.02175429903497,3.483533469596321,1160.743298704105,-0.0,1181.6661996070864,258.31100314554243,1499.69,61.69480276555214,255.87758609963996
2250,129.07187184937285,344.0283547374094,2.853533469596321,1005.6499986118728,-0.0,1028.232558469537,222.52586978134553,1361.14,52.40268166548732,241.89319971691927
2251,109.42428056879078,298.8404287644343,2.143533469596321,814.3440491489264,-0.0,906.0989173319879,186.74073641714864,1216.365,43.1105605654225,223.52529142186722
2252,91.13053965151778,256.5801199468413,1.523533469596321,641.5647805097026,-0.0,754.9652761944386,152.31539260575374,1134.689955357143,34.193171279944536,205.78040207542654
2253,75.39603230978418,217.67552399578494,1.003533469596321,510.73373567282295,-0.0,618.9316350568894,122.19574624033135,1004.639955357143,27.387952888645266,188.3126197156864
2254,61.51152496805057,181.24878447799685,0.5935334695963211,386.56439366922524,-0.0,493.19799391934015,93.16097217353371,940.8399107142858,21.214454505157153,184.8847363301927
2255,49.31067182325939,148.6753749821275,0.35353346959632115,266.1780526148429,-0.0,383.4643527817909,67.63936117156906,881.457857142857,16.428785227490348,169.33997291906394
2256,39.97443546623791,120.79910408586792,0.25353346959632106,196.51906723759777,-0.0,290.6307116442417,45.046040935812684,838.0578124999998,12.32361413803267,155.73621582413895
2257,31.75281589698611,96.70211535594984,0.213533469596321,139.85700095096064,-0.0,210.79707050669253,58.45694522368221,744.9828124999998,9.664777589768907,143.0832763368318
2258,24.285046691043398,73.53416951448708,0.203533469596321,98.50473886860553,-0.0,182.16342936914333,42.85242655963506,655.9328124999998,7.54738830429094,146.25212252086675
2259,17.862286605603693,52.54050087224388,0.213533469596321,65.14540437109191,-0.0,120.72978823159413,30.365000233505395,567.9828124999998,6.215337183588624,136.73679298398014
2260,12.048386003976077,33.37634373998452,0.233533469596321,40.718563395816346,-0.0,107.39614709404492,20.847514968279466,479.93281249999984,5.5612933100497886,128.28699799183244
2261,5.502382295333275,13.740033106749632,0.13353346959632093,11.853977675893276,-0.0,45.76250595649571,9.479145616609525,384.0328124999998,4.175529428699794,117.74210864539175
2262,-0.0,-0.0,-0.0,-0.0,-0.0,-0.0,-0.0,314.7003124999998,1.77243198903534,107.38394421842446
2263,-0.0,-0.0,-0.0,46.78435900368106,-0.0,28.45069824032894,0.4351665952915411,332.68781249999984,1.2826389794369488,115.76348655178137
2264,7.800230763714879,-0.0,-0.0,169.9486660655745,-0.0,134.94310307302456,12.329444075795202,434.2278124999999,2.314590944868809,116.2658145394075
2265,26.08723003087203,-0.0,0.7999999999999998,363.52176857750584,-0.0,306.87745611368985,36.14951162220772,634.2278124999999,5.56071692956501,136.11613779662068
2266,51.29923330819759,64.59395040503834,1.5999999999999996,586.704444782769,-0.0,514.5989960488179,66.49427415877548,829.4853125,10.785969893351371,147.20681433646823
2267,79.59297920213429,134.04747292669094,2.3999999999999995,809.8871209880322,-0.0,722.3205359839459,98.94574073548162,995.9728125,16.236751202743363,161.8584715745651
2268,108.25789610741163,203.50099544834353,3.1999999999999993,1033.0697971932952,-0.0,930.0420759190739,134.73087409967854,1118.1478125,22.25105315703992,178.5102190548881
2269,135.2511509118434,272.9545179699961,3.1999999999999993,1256.2524733985583,-0.0,1136.8614931844263,165.77537357919104,1178.4428125000002,27.63751105765063,192.89126478777382
2270,164.71289719925537,337.0859150863922,3.999999999999999,1436.899933430685,-0.0,1302.0671424832137,191.00813896547018,1194.8903125000002,30.933650931527644,201.8881526915629
2271,175.29802042884614,379.1880744584133,4.679248850281041,1545.8625474170153,-0.0,1400.5736374366115,205.46597887180576,1172.0303125000003,31.4919989820704,203.56767816645595
2272,172.8078670724448,392.03463561605764,4.280945324476239,1583.661739975158,-0.0,1452.9974549823128,240.74451003428723,1174.652767857143,30.604549051994585,196.88224865585318
2273,166.3785421996145,372.7095670489681,3.4809453244762394,1488.4286545508794,-0.0,1380.391913547634,232.6770278862029,1066.797767857143,25.324119197919526,180.52802601086805
2274,139.78348284079294,333.6866162403834,2.8609453244762393,1328.5343304849641,-0.0,1253.0582724100848,215.2467724834524,929.1477678571431,18.572471661743155,156.18502375028686
2275,111.79958223916532,292.87318687602635,2.1309453244762393,1153.470678748538,-0.0,1112.9246312725356,196.32594733610466,786.8727678571431,11.937834996312002,128.61749326117052
2276,96.01684039473163,255.93094396685638,1.4909453244762392,994.9683716710896,-0.0,980.5909901349864,177.38429704140918,649.8477678571431,7.515369225059545,116.04067935391848
2277,73.39621989831915,223.17369609056448,0.9909453244762391,851.5274092526192,-0.0,860.2573489974372,159.98213594121273,581.172723214286,4.617292544006074,90.94862063626701
2278,51.53214137133088,192.9497782361913,0.5709453244762391,723.242889390986,-0.0,744.523707859888,140.7760455679318,519.0976785714288,2.219215862952603,73.44121826433931
2279,42.47729641988201,168.21514254815958,0.32094532447623914,638.2065933316968,-0.0,641.8900667223387,134.18723487096463,466.77263392857157,8.848957129339043,66.45949871138025
2280,36.05706825620283,147.67002830435553,0.1809453244762392,577.2058717040377,-0.0,595.1564255847895,118.92063369218269,365.84763392857155,9.70454590709166,48.183792146085544
2281,30.598569107811535,128.04705762728318,0.12094532447623915,503.5320666430609,-0.0,517.8227844472403,106.20118379041452,328.9725892857144,10.601629249471667,32.68016098647245
2282,26.4081447777657,109.87861336156041,0.15094532447623918,438.2760487978991,-0.0,448.4891433096912,94.79116414404909,241.54758928571437,11.123148983892252,19.453510878248004
2283,22.02502884160471,92.30659979603274,0.1709453244762392,402.10691009610343,-0.0,381.655502172142,83.53772603010017,210.8225446428572,10.6934942005524,22.358457732779726
2284,17.862109071810373,73.92268194165955,0.1709453244762392,362.51531035132535,-0.0,311.9218610345928,103.63939652622118,178.09750000000003,9.800446703431824,11.823505613064999
2285,11.369189302016041,50.7813862097904,0.07094532447623911,295.9879078999437,-0.0,222.7882198970436,103.63939652622118,78.2975,7.265951943525453,-0.0
2286,-0.0,32.59121663715878,-0.0,239.28628316573918,-0.0,179.94000540758609,85.30754659720931,-0.0,4.337098074369309,2.034142249019613
2287,5.210520300487733,38.23026299717037,-0.0,256.99858822153965,-0.0,158.64786951606771,76.85738707742351,-0.0,3.9257452568405258,6.898025825406579
2288,12.846652162711422,69.47630871382076,0.5551379662749105,351.86302142254397,-0.0,249.1260634202595,79.5209553387241,91.48250000000004,6.274497682918508,17.11966582404566
2289,30.275540129511086,121.01115807837265,-0.0,500.7674932657114,-0.0,359.9319140653828,91.23284609702516,181.66499999999985,15.566618782983323,17.60500729259137
2290,54.3295021859264,187.26422222164666,0.7999999999999998,695.408693609453,-0.0,515.508537468155,109.21263434893203,381.66499999999985,24.858739883048138,22.095061564883444
2291,81.32567108896177,256.71774474329925,0.548168114460909,906.6591377902987,-0.0,683.9562960519809,126.4085431001582,581.6649999999998,30.72199710040111,42.63031737745948
2292,109.13855625112528,326.17126726495184,1.3481681144609088,1115.7273725622313,-0.0,852.7040143665395,140.17034186091536,781.6649999999998,35.80621807252085,51.56214898771952
2293,138.60030253853722,395.47184940186037,1.9004062340316814,1308.3311810265084,-0.0,1005.737682829663,149.56871947460755,981.6649999999998,39.510649187065226,63.05465435978422
2294,157.1919170560638,449.30024788882344,2.7004062340316812,1456.9736366026932,-0.0,1114.7862065295649,182.76161874863558,1143.9199999999998,41.24212546124501,72.72376616512334
2295,175.83746985147982,481.0250484886754,3.3885973428717424,1533.0890562721165,-0.0,1158.1355758840773,174.2131970227716,1228.9025,39.57061691411098,90.85961044828917
2296,171.2072818308948,483.5037338341605,3.3885973428717424,1517.768199572946,-0.0,1120.9003239758415,152.93398277034737,1219.8349999999998,34.648858309468665,102.4055842834611
2297,162.70180678799932,455.5657460035722,3.16,1393.3208703398213,-0.0,1040.6233654752389,120.54295828045669,1120.1499999999999,26.507878998282415,100.28901962094743
2298,144.3590284615536,409.40569633235305,2.56,1209.2003279477606,-0.0,875.2897243376897,84.75782491625978,987.0999999999999,23.50129678949914,96.05119900872778
2299,125.74780122503513,360.8889766830526,1.8399999999999999,1013.8500238225854,-0.0,709.0560832001405,48.97269155206286,854.2249999999999,14.209175689434325,88.83476212988383
2300,109.84889150290451,315.832017755866,1.23,839.6264005211326,-0.0,562.6224420625913,20.82495088408644,731.8499999999999,7.403909996293461,80.982350515855
2301,96.62383214408297,273.8514895288745,0.8,684.8076793218208,-0.0,438.2888009250421,-0.0,624.3,3.0424879033008576,59.64098347050948
2302,83.65588501277962,233.40191841342767,0.40000000000000013,540.9374176678132,-0.0,326.65515978749283,-0.0,524.725,0.38101850846665997,51.78542736132122
2303,72.46292876097326,195.24092156490767,0.1200000000000001,422.14229638283194,-0.0,237.62151864994365,2.377406679764242,438.57500000000005,-0.0,32.2703496950584
2304,62.52649623758511,160.85587686081044,0.010000000000000009,330.8054388474368,-0.0,171.88787751239445,-0.0,361.425,1.5774869269059497,15.263448104973962
2305,52.67177448847883,129.3801143230547,-0.0,255.9179514537201,-0.0,121.75423637484525,-0.0,292.1,1.5774869269059497,15.394684338588391
2306,42.39703449836654,101.21910754029086,0.020000000000000018,198.28382570744841,-0.0,82.22059523729602,-0.0,229.3,1.5774869269059497,5.869543510287714
2307,32.428051812211855,74.44856937905554,0.020000000000000018,145.97238927913276,-0.0,90.0869540997468,-0.0,167.025,-0.0,-0.0
2308,21.85425617192082,48.89278697281214,0.06000000000000005,97.96585495295811,-0.0,59.15331296219759,-0.0,107.275,-0.0,0.409166481879628
2309,9.8012269560904,20.991052422145962,0.040000000000000036,39.16331213254996,-0.0,19.219671824648394,-0.0,40.025000000000006,-0.0,-0.0
2310,-0.0,-0.0,0.10164282064384257,-0.0,-0.0,-0.0,-0.0,-0.0,-0.0,-0.0
2311,-0.0,-0.0,-0.0,-0.0,-0.0,-0.0,-0.0,-0.0,0.1370627722303901,-0.0
2312,5.849032639932108,-0.0,-0.0,-0.0,-0.0,-0.0,-0.0,-0.0,3.271947701638826,-0.0
2313,31.081292364447776,-0.0,-0.0,58.063670000245196,-0.0,-0.0,-0.0,80.82500000000016,9.301971110867514,-0.0
2314,55.09972816516149,-0.0,0.7999999999999998,273.9828606233691,-0.0,42.357926861423266,-0.0,80.82500000000016,16.91420849339565,-0.0
2315,82.76980055440129,49.48886459130395,0.8233444047010727,497.1655368286323,-0.0,250.0794667965513,-0.0,280.82500000000016,24.72771306245427,-0.0
2316,110.37316712083128,118.94238711295655,0.872217680122636,720.3482130338955,-0.0,457.8010067316793,-0.0,480.82500000000016,32.326345386189445,-0.0
2317,135.73729694671698,188.39590963460915,1.6722176801226358,922.7530329697775,-0.0,665.5225466668073,-0.0,680.8250000000002,38.488435399333895,15.028884886541228
2318,155.67912480486777,251.54546005170423,2.4722176801226357,1097.6437065967716,-0.0,839.0190432405639,5.5158248119808775,863.8425000000002,43.032087946331146,36.810615332685956
2319,176.00066648587162,293.18336567057565,2.4722176801226357,1209.5705135440032,-0.0,947.9592196007782,34.415362105934264,978.2525000000002,44.635247318849395,52.51444469312888
2320,182.6749345019532,305.09976973068945,3.0005442003065905,1234.3397227565256,-0.0,968.7433173630534,48.36518547337778,1004.7325000000002,42.43834945539163,59.66208542322606
2321,164.00780180767123,284.9167467486673,2.9360654062340306,1150.1761901203977,-0.0,889.4000000000001,45.016502946954816,942.8025000000002,35.26171660541239,58.337491790384846
2322,135.44094046953774,248.4428586970256,2.4599999999999995,998.5183510824868,-0.0,755.9000000000001,30.708840864440077,842.4025000000003,25.969595505347574,49.859503256500986
2323,106.12333094794964,210.60681714440838,1.8899999999999997,839.0218567035539,-0.0,615.2,16.599410609037328,733.8025000000002,17.068394235648142,37.812709747406856
2324,80.094402984813,175.46266994639285,1.3599999999999999,688.7262729209956,-0.0,486.4,6.297642436149317,629.2275000000002,7.776273135583326,26.602016908809492
2325,56.765119170955074,144.83470423644243,0.9099999999999999,558.5622720643008,-0.0,373.6,1.5695481335952906,535.4025000000001,-0.0,16.638871247358612
2326,46.07604976446982,116.94911143686606,0.49,439.14273924714354,-0.0,270.3,-0.0,445.3525000000001,-0.0,7.787172092557459
2327,28.121223054026963,93.12422653670436,0.19999999999999996,342.46368296375726,-0.0,189.2,-0.0,364.00250000000005,2.789342764752295,2.207548343437921
2328,22.631209297720453,74.6902888138435,0.040000000000000036,265.637988327816,-0.0,130.6,-0.0,295.40250000000003,0.5641968450878139,-0.0
2329,18.642158132241214,59.52372896847859,-0.0,206.88253195876024,-0.0,87.9,-0.0,233.35250000000002,-0.0,-0.0
2330,16.142144375934706,45.49264271176413,-0.0,153.56664152710098,-0.0,57.400000000000006,-0.0,175.7775,-0.0,-0.0
2331,4.233093210455467,33.161077899277316,0.040000000000000036,107.05565319758273,-0.0,35.400000000000006,-0.0,121.47749999999999,-0.0,-0.0
2332,2.2305840144004616,20.855225953327103,0.09000000000000008,67.7366818565315,-0.0,19.599999999999994,-0.0,71.52749999999999,-0.0,-0.0
2333,-0.0,6.999852563149226,0.08000000000000007,20.174153072317267,-0.0,-0.0,-0.0,17.927499999999995,-0.0,-0.0
2334,-0.0,-0.0,-0.0,-0.0,-0.0,-0.0,-0.0,-0.0,-0.0,-0.0
2335,1.576696451183409,-0.0,-0.0,-0.0,-0.0,-0.0,-0.0,-0.0,-0.0,-0.0
2336,15.466686481403851,-0.0,-0.0,-0.0,-0.0,-0.0,-0.0,-0.0,-0.0,-0.0
2337,40.04229669419098,-0.0,-0.0,-0.0,-0.0,-0.0,-0.0,-0.0,-0.0,-0.0
2338,69.50404298160292,-0.0,0.029818599897802223,-0.0,-0.0,-0.0,-0.0,180.20749999999998,-0.0,-0.0
2339,98.96578926901486,-0.0,0.18939703628001947,-0.0,-0.0,-0.0,-0.0,180.20749999999998,5.390018928060723,-0.0
2340,128.42753555642682,-0.0,0.3645043433827273,119.50847503592186,-0.0,-0.0,-0.0,380.2075,14.409004978998086,-0.0
2341,157.88928184383877,67.56390002119777,0.7868650996423097,342.691151241185,-0.0,202.1265694707182,-0.0,580.2075,22.444728535086277,-0.0
2342,184.07255347937763,137.01742254285037,1.5868650996423095,565.8738274464482,-0.0,409.84810940584623,-0.0,780.2075,29.1333816114254,-0.0
2343,200.2545763469423,191.79203776876204,2.3868650996423093,737.4306189780901,-0.0,570.0167881616026,-0.0,932.7325000000001,33.49229776632991,-0.0
2344,203.7262056620984,217.21615734750273,3.059190086867654,818.9521589839687,-0.0,648.0722627205342,-0.0,987.065,34.784887387367505,10.179418534679225
2345,191.6025839035819,210.23779762429257,3.1831808891159934,790.0215704750009,-0.0,631.1574880222901,-0.0,938.3100000000001,32.45727645532599,20.216359927632983
2346,169.33750630375434,183.18744906972427,2.3831808891159936,692.4305396743151,-0.0,556.7574880222901,-0.0,846.5600000000001,26.76389784531426,20.638119523125315
2347,144.8207179296449,152.7716169922617,1.9031808891159936,575.8968620268408,-0.0,465.7574880222901,-0.0,744.1850000000001,19.897304662863984,15.776357206286303
2348,122.14241494762027,123.93601425844149,1.3731808891159938,462.9205375325781,-0.0,378.3574880222901,-0.0,645.835,14.191660554990374,9.594972306619184
2349,102.35701797908345,99.72468872384084,0.943180889115994,366.5837789757119,-0.0,301.2574880222901,-0.0,553.985,9.356740078509663,4.707046546009366
2350,85.14971406989811,78.05407108865488,0.5831808891159939,278.93413530517165,-0.0,230.35748802229006,-0.0,469.135,5.051095970636052,1.2748440387244138
2351,71.2685780384097,61.07392207499743,0.3731808891159939,207.37650862309843,-0.0,175.65748802229007,-0.0,393.58500000000004,1.972284592165483,-0.0
2352,60.26899309684854,50.05805026055956,0.2731808891159938,161.42868614530724,-0.0,137.45748802229005,-0.0,326.985,0.43980775488882884,-0.0
2353,50.88614629107827,41.673125623422536,0.24318088911599378,126.58177426389057,-0.0,109.95748802229002,-0.0,265.435,-0.0,-0.0
2354,41.83522466696254,34.065818141667634,0.2731808891159938,104.94865809252238,-0.0,90.05748802229002,-0.0,210.635,-0.0,-0.0
2355,33.75064884590439,27.412558515489966,0.34318088911599387,89.72044402329516,-0.0,76.35748802229,-0.0,158.83499999999998,-0.0,-0.0
2356,24.69511043401896,20.339298889312303,0.3731808891159939,71.58823844830147,-0.0,61.55748802228999,-0.0,106.88499999999999,1.7730068972002009,-0.0
2357,12.215721658824453,7.9143742521752785,0.20318088911599397,28.12136903805228,-0.0,24.957488022289997,-0.0,39.559999999999995,1.2160463660413718,-0.0
2358,0.24916781364448148,-0.0,-0.0,-0.0,-0.0,-0.0,-0.0,-0.0,-0.0,-0.0
2359,0.1684931255316524,-0.0,-0.0,-0.0,-0.0,-0.0,-0.0,-0.0,-0.0,-0.0
2360,13.235158546131599,-0.0,-0.0,-0.0,-0.0,-0.0,-0.0,-0.0,4.859139754835837,-0.0
2361,36.00201455211179,-0.0,-0.0,-0.0,-0.0,-0.0,-0.0,-0.0,12.268604405402016,-0.0
2362,65.46376083952373,-0.0,-0.0,-0.0,-0.0,-0.0,-0.0,148.66999999999985,21.08099092178671,-0.0
2363,94.92550712693567,-0.0,0.7999999999999998,-0.0,-0.0,-0.0,-0.0,348.66999999999985,30.112908878016917,-0.0
2364,124.38725341434761,-0.0,1.5999999999999996,92.14018166506693,-0.0,6.357930984228858,-0.0,548.6699999999998,37.86270359480459,-0.0
2365,153.09295598911763,67.33189544100627,2.3752606029637198,315.3228578703301,-0.0,214.07947091935688,-0.0,748.6699999999998,43.248399287311024,-0.0
2366,175.0578553142645,136.78541796265887,3.1752606029637196,532.465392912698,-0.0,387.2618371031439,-0.0,937.2149999999998,46.18990108417858,-0.0
2367,188.0227347080783,186.01973392364096,3.8179228410832904,675.944974877307,-0.0,504.3449684030071,-0.0,1051.8274999999999,45.58298273579132,18.818710765267546
2368,188.83229974943387,208.09980439404674,4.0243663771078175,728.5360579151634,-0.0,539.4149760445799,-0.0,1068.935,41.55238934735813,18.818710765267546
2369,176.61996390177916,198.53296241049293,3.800592743995912,681.9014681442561,-0.0,500.7717392200609,-0.0,991.8274999999999,34.66408705268064,24.140764164675264
2370,154.90055688557862,170.21876554125825,3.150592743995912,573.6376796433989,-0.0,417.97173922006095,-0.0,873.2524999999999,26.090210254459784,21.801768925823804
2371,132.7036635501326,140.7193244270155,2.400592743995912,458.4094655741717,-0.0,326.571739220061,-0.0,752.2025,17.787009785790232,16.689063066055052
2372,112.48908772907444,116.27654335661018,1.760592743995912,363.838604658156,-0.0,246.67173922006097,-0.0,644.3275,11.23987111328923,11.256734623458193
2373,94.95028745297991,96.00066160792846,1.240592743995912,290.7379820090258,-0.0,182.371739220061,-0.0,548.2775,6.10734697417098,6.8539659904153964
2374,79.8951413738278,78.83049272578336,0.8505927439959121,227.41158913254765,-0.0,129.871739220061,-0.0,459.3025,2.2211573762466443,2.88075716692666
2375,66.40710752219388,64.85627598806101,0.6005927439959121,187.3594260287215,-0.0,94.671739220061,-0.0,380.5025,0.4105786881233229,0.4928314063168422
2376,55.34253170113573,54.67634638380207,0.510592743995912,160.14192676015082,-0.0,73.67173922006103,-0.0,315.3275,-0.0,-0.0
2377,45.08333909230788,46.10094319089271,0.470592743995912,140.86308283260215,-0.0,60.27173922006103,-0.0,254.57750000000001,-0.0,-0.0
2378,35.529725862076994,37.69816212048738,0.470592743995912,118.96645168923845,-0.0,52.87173922006105,-0.0,200.20250000000001,-0.0,-0.0
2379,26.288233979867304,29.473476761236533,0.470592743995912,100.08270565954876,-0.0,48.87173922006102,-0.0,149.10250000000002,-0.0,-0.0
2380,20.392251408045794,19.894264990636103,0.450592743995912,74.33362346511458,-0.0,43.07173922006101,-0.0,99.95250000000001,-0.0,-0.0
2381,9.387123569899696,7.453856830604828,0.250592743995912,27.767664651239897,-0.0,16.371739220060995,-0.0,38.15250000000001,-0.0,-0.0
2382,-0.0,-0.0,-0.0,-0.0,-0.0,-0.0,-0.0,-0.0,-0.0,-0.0
2383,-0.0,-0.0,-0.0,-0.0,-0.0,-0.0,-0.0,-0.0,-0.0,-0.0
2384,-0.0,-0.0,-0.0,-0.0,-0.0,-0.0,-0.0,-0.0,-0.0,-0.0
2385,8.079879489206885,-0.0,0.34219979560552005,-0.0,-0.0,-0.0,-0.0,-0.0,-0.0,-0.0
2386,37.54162577661883,-0.0,1.1421997956055199,-0.0,-0.0,-0.0,-0.0,40.700000000000045,-0.0,-0.0
2387,67.00337206403077,-0.0,1.9421997956055197,-0.0,-0.0,-0.0,-0.0,240.70000000000005,-0.0,-0.0
2388,96.46511835144271,-0.0,1.9421997956055197,-0.0,-0.0,-0.0,-0.0,440.70000000000005,9.046679969366558,-0.0
2389,125.92686463885465,-0.0,2.7421997956055195,-0.0,-0.0,-0.0,-0.0,640.7,17.151428704663786,-0.0
2390,151.12646697396804,31.73087932252681,3.5421997956055193,130.76826993548735,-0.0,178.01892243276234,-0.0,834.6775,23.301052058312305,-0.0
2391,167.28379648932267,84.7414338715217,4.056039856923864,290.5632369347104,-0.0,313.373430529282,-0.0,952.245,26.642159957233666,-0.0
2392,171.55764669559196,109.47889090090965,4.1869545222279,362.44952236070867,-0.0,370.85756856082435,-0.0,980.01,26.763323165323605,-0.0
2393,162.9041909239579,105.84256074542553,3.9305927439959123,344.13316703526664,-0.0,343.6,-0.0,915.155,22.923995486742246,-0.0
2394,144.77523096350876,85.32951059440255,3.2605927439959124,267.21440805005295,-0.0,266.20000000000005,-0.0,806.5799999999999,16.401198602598637,-0.0
2395,125.51147628992928,64.16478549817637,2.4905927439959124,180.99655966121387,-0.0,180.9,-0.0,696.68,9.488128973429667,-0.0
2396,109.27023529710429,47.03695972367382,1.8305927439959122,107.14005593135275,-0.0,110.60000000000002,-0.0,597.18,4.4360084188373605,-0.0
2397,96.44765762172473,33.744607537821686,1.2805927439959124,53.05778197414364,-0.0,59.20000000000002,-0.0,505.60499999999996,1.2960587584237544,-0.0
2398,85.48162191576941,24.084159640815088,0.8805927439959124,17.197286738516027,-0.0,22.200000000000017,-0.0,424.35499999999996,-0.0,-0.0
2399,76.56827781592924,18.443711743808493,0.6205927439959124,1.2021276676329364,-0.0,3.4000000000000057,-0.0,354.655,-0.0,-0.0
2400,70.29204594360726,14.893503124688067,0.5005927439959122,0.06341115358682714,-0.0,-0.0,-0.0,294.755,-0.0,-0.0
2401,65.15196370797621,13.793773061339976,0.4405927439959122,6.972243588470235,-0.0,0.9146136211755227,-0.0,242.32999999999998,-0.0,-0.0
2402,60.35899369986334,13.5226172649187,0.4305927439959122,16.506846250701614,-0.0,10.314613621175528,-0.0,193.555,-0.0,-0.0
2403,55.24679011621108,12.785987879846992,0.4405927439959122,27.188997861862504,-0.0,19.31461362117553,-0.0,144.505,-0.0,-0.0
2404,49.50900715396186,10.971741339393155,0.4205927439959122,31.46225586511588,-0.0,23.514613621175517,-0.0,96.18,-0.0,-0.0
2405,40.47371963146113,2.5863083437523002,0.1905927439959122,8.930611766228253,-0.0,5.614613621175511,-0.0,33.855,-0.0,-0.0
2406,32.91910974231594,-0.0,-0.0,-0.0,-0.0,-0.0,-0.0,-0.0,-0.0,-0.0
2407,36.67483558027874,-0.0,-0.0,-0.0,-0.0,-0.0,-0.0,-0.0,-0.0,-0.0
2408,51.737010833402636,-0.0,-0.0,-0.0,-0.0,-0.0,-0.0,-0.0,-0.0,-0.0
2409,77.36771955389449,-0.0,0.7999999999999998,-0.0,-0.0,-0.0,-0.0,-0.0,-0.0,-0.0
2410,106.82946584130643,-0.0,1.5999999999999996,-0.0,-0.0,-0.0,-0.0,-0.0,-0.0,-0.0
2411,136.29121212871837,-0.0,2.3999999999999995,-0.0,-0.0,-0.0,-0.0,168.30999999999995,7.76074313273525,-0.0
2412,165.75295841613033,1.356838090289017,3.1999999999999993,128.8532755110015,-0.0,-0.0,-0.0,368.30999999999995,17.052864232800065,-0.0
2413,195.21470470354228,70.81036061194162,3.999999999999999,352.03595171626466,-0.0,196.46912171769543,-0.0,568.31,25.174124239055075,-0.0
2414,218.6744729902977,140.26388313359422,3.999999999999999,575.2186279215279,-0.0,404.19066165282345,-0.0,768.31,31.64767041055579,-0.0
2415,232.8041872149106,189.98506785040757,4.278147675012774,726.8839538149932,-0.0,544.6308782823049,-0.0,897.2049999999999,35.114887054592714,-0.0
2416,235.69397029929556,211.26422365264904,4.523180889115993,786.7390020601246,-0.0,600.1007651160762,-0.0,940.3149999999999,34.921868674206024,-0.0
2417,224.52780414716614,204.28561346455123,3.7231808891159934,748.0488803287548,-0.0,562.6146136211755,-0.0,884.1574999999999,29.780577603168332,0.9559828992248924
2418,203.36955588815954,178.74664097183697,3.0831808891159933,638.6117726516201,-0.0,469.0146136211755,-0.0,783.6824999999999,21.811540781513997,5.4789999040171935
2419,181.36458773436806,151.5183763785374,2.3031808891159935,523.7013457982079,-0.0,367.4146136211755,-0.0,675.6574999999999,13.522954846227197,5.110318920299775
2420,161.24097450413717,128.4908196846525,1.6331808891159938,424.2393784900996,-0.0,280.4146136211755,-0.0,577.2325,6.912376158103875,3.1384934414229093
2421,143.82486583415778,109.82064086826358,1.1631808891159938,347.8040920057139,-0.0,214.61461362117547,-0.0,493.1325,2.787135634756204,0.876605189271995
2422,128.09606555806323,93.04498846322423,0.7731808891159938,281.76880552132826,-0.0,163.51461362117547,-0.0,416.5575,0.3984550957862183,-0.0
2423,115.07706911560204,80.16243673646125,0.5131808891159938,234.91573182112757,-0.0,130.2146136211755,-0.0,351.7325,-0.0,-0.0
2424,103.65768034040754,69.90703354355188,0.4231808891159937,202.47953474036737,-0.0,112.8146136211755,-0.0,294.6075,-0.0,-0.0
2425,92.73135726305549,60.09497030680506,0.4131808891159937,176.73843555746618,-0.0,102.3146136211755,-0.0,245.2075,-0.0,-0.0
2426,81.92348309577619,49.846007748334635,0.44318088911599374,148.935991715587,-0.0,93.01461362117551,-0.0,199.23250000000002,-0.0,-0.0
2427,69.8513662324545,38.95371516794549,0.46318088911599375,124.1939819363113,-0.0,82.41461362117552,-0.0,151.35750000000002,-0.0,-0.0
2428,57.073473824169184,27.815470443133577,0.43318088911599373,95.0430785491281,-0.0,67.21461362117553,-0.0,103.78250000000001,1.3280869971405809,-0.0
2429,40.999805870920255,11.752699306972087,0.2531808891159938,41.561502832455915,-0.0,28.914613621175523,-0.0,38.13250000000001,0.8223482855837825,-0.0
2430,24.736281241570705,-0.0,-0.0,-0.0,-0.0,-0.0,-0.0,-0.0,-0.0,-0.0
2431,18.470822213923476,-0.0,-0.0,-0.0,-0.0,-0.0,-0.0,-0.0,-0.0,-0.0
2432,24.197681920339306,-0.0,-0.0,-0.0,-0.0,-0.0,-0.0,-0.0,-0.0,-0.0
2433,40.11097380493628,-0.0,-0.0,-0.0,-0.0,-0.0,-0.0,-0.0,-0.0,-0.0
2434,65.12222209814563,-0.0,0.7999999999999998,-0.0,-0.0,-0.0,-0.0,48.17499999999973,-0.0,-0.0
2435,93.64742449426892,-0.0,1.5999999999999996,5.598295464423302,-0.0,-0.0,-0.0,248.17499999999973,0.1010961389947127,-0.0
2436,123.10917078168086,7.681238278906534,2.0216147164026577,228.78097166968647,-0.0,82.45861556177084,-0.0,448.1749999999997,9.393217239059528,-0.0
2437,151.31030032200664,77.13476080055914,2.8216147164026575,451.96364787494963,-0.0,290.18015549689886,-0.0,648.1749999999997,18.685338339124343,-0.0
2438,174.6134748008966,146.58828332221174,3.6216147164026573,670.5716333285178,-0.0,486.99086299915916,-0.0,848.1749999999997,25.01798414946829,-0.0
2439,188.8745043647756,200.7907584509576,4.2223939703628,819.648591369558,-0.0,619.5595417549155,-0.0,980.2149999999998,28.269718520617197,-0.0
2440,191.05909676764017,224.8718494895174,4.401778231987737,872.0063781543565,-0.0,673.0435992479235,-0.0,1019.9674999999999,28.301508200934684,-0.0
2441,178.66595854688703,215.93558366181978,4.105769034236076,822.6326794318759,-0.0,634.6431160167175,-0.0,957.3524999999998,24.584897259477323,-0.0
2442,154.91115007745017,185.05901388221105,3.395769034236076,695.4097165850582,-0.0,536.5431160167175,-0.0,855.3024999999999,17.80115130075704,-0.0
2443,129.1673041988406,150.3957840587649,2.6057690342360758,555.5907452440069,-0.0,427.84311601671743,-0.0,747.8774999999999,9.983241695021547,-0.0
2444,105.92019645602193,118.66421924627807,1.8757690342360758,427.88556961300424,-0.0,334.5431160167175,-0.0,644.2025,4.070172065852578,-0.0
2445,86.2207894398214,91.90408016686445,1.3357690342360757,320.08529608414256,-0.0,264.5431160167175,-0.0,553.9775,0.9814442250409989,-0.0
2446,68.51542895329662,67.10608465418252,0.9157690342360757,228.51079278262887,-0.0,209.84311601671752,-0.0,469.8025,-0.0,-0.0
2447,53.85046079950515,47.406892752069766,0.6457690342360757,155.65008519116367,-0.0,173.74311601671752,-0.0,397.37750000000005,-0.0,-0.0
2448,42.20665140290761,34.3653080710953,0.48576903423607576,110.12096052556197,-0.0,151.24311601671752,-0.0,334.52750000000003,0.24073973796222603,-0.0
2449,31.95284200631007,25.615617744722528,0.4257690342360757,81.11543577429077,-0.0,133.64311601671753,-0.0,278.2525,2.35201189715065,-0.0
2450,28.59889438748133,19.364491751032737,0.4157690342360757,67.29394499995362,-0.0,114.14311601671753,-0.0,225.3275,3.963331358180664,-0.0
2451,28.59889438748133,13.978600068107198,0.3957690342360757,57.25557760617596,-0.0,89.34311601671752,-0.0,170.9525,4.9941999328431415,-0.0
2452,19.36720633890499,9.433177006710181,0.38576903423607567,46.50432509872431,-0.0,63.94311601671751,-0.0,114.60249999999999,5.21289761332692,-0.0
2453,8.449190728277081,1.8539354333782612,0.20576903423607573,17.15307259127266,-0.0,26.1431160167175,-0.0,45.102499999999985,3.2950353094330183,-0.0
2454,-0.0,-0.0,-0.0,-0.0,-0.0,-0.0,-0.0,-0.0,-0.0,-0.0
2455,-0.0,-0.0,-0.0,-0.0,-0.0,-0.0,-0.0,-0.0,-0.0,-0.0
2456,-0.0,-0.0,-0.0,-0.0,-0.0,-0.0,-0.0,-0.0,-0.0,-0.0
2457,-0.0,-0.0,0.7999999999999998,-0.0,-0.0,-0.0,-0.0,-0.0,-0.0,-0.0
2458,7.471173470610392,-0.0,0.7999999999999998,-0.0,-0.0,-0.0,-0.0,-0.0,-0.0,-0.0
2459,36.93291975802234,-0.0,0.7999999999999998,-0.0,-0.0,-0.0,-0.0,110.65750000000003,-0.0,-0.0
2460,66.39466604543428,-0.0,1.0754931016862543,127.3089077340367,-0.0,-0.0,-0.0,310.6575,-0.0,-0.0
2461,95.85641233284622,-0.0,1.8754931016862542,262.8031507426209,-0.0,137.1509685238149,-0.0,510.6575,1.5908792475526017,-0.0
2462,122.7709881202529,65.93792973641384,1.8754931016862542,481.70783317478663,-0.0,340.89037976795305,-0.0,710.6575,10.439345672007512,-0.0
2463,139.58080291946578,119.29334486832333,2.6114486458865604,625.0543537601504,-0.0,475.9163049303964,-0.0,848.5325,16.06617737876906,-0.0
2464,143.16464478767318,141.80928019889228,2.92600919775166,667.2804497535308,-0.0,523.3290258960151,-0.0,893.2525,17.769977400489896,-0.0
2465,133.36435839076407,133.31093947299257,2.7799999999999994,611.5296752228188,-0.0,482.9,-0.0,838.565,15.889926443410218,0.29459450068347337
2466,113.29400702474229,106.49602477009938,2.1899999999999995,495.97695064288655,-0.0,393.9,-0.0,736.565,11.003689543644288,0.996479642723898
2467,93.10271130889925,80.70062157719002,1.5199999999999998,386.68739191468137,-0.0,301.4,-0.0,628.865,5.673514440046912,-0.0
2468,76.06758347075315,59.849256305614055,0.97,296.7600884418287,-0.0,224.5,-0.0,534.79,2.2091756894343177,-0.0
2469,62.246502162282795,43.43859893345278,0.54,228.45946579269852,-0.0,165.6,-0.0,450.315,0.4911714800156375,-0.0
2470,50.53292541406394,31.293654427828102,0.21999999999999997,169.34105592775333,-0.0,117.0,-0.0,374.89,-0.0,-0.0
2471,40.97781581692386,21.69275777778065,0.06000000000000005,123.87418651750414,-0.0,81.1,-0.0,309.91499999999996,-0.0,-0.0
2472,33.80924818920801,15.42995683888767,-0.0,91.62020222092895,-0.0,56.900000000000006,-0.0,251.18999999999997,-0.0,-0.0
2473,27.437792789010356,10.677395177880861,-0.0,70.93155408909826,-0.0,40.400000000000006,-0.0,201.18999999999997,-0.0,-0.0
2474,21.569599253021806,7.131264217069152,-0.0,56.521127235686066,-0.0,28.700000000000017,-0.0,153.28999999999996,-0.0,-0.0
2475,15.960246959839328,4.141085400680218,0.10000000000000009,40.98401955855135,-0.0,20.400000000000006,-0.0,107.86499999999998,-0.0,-0.0
2476,10.383586272772003,2.2561408950555375,0.18000000000000016,22.202443841879187,-0.0,13.0,-0.0,61.63999999999999,-0.0,-0.0
2477,3.82788817653195,-0.0,-0.0,-0.0,-0.0,-0.0,-0.0,13.64,-0.0,-0.0
2478,-0.0,-0.0,-0.0,-0.0,-0.0,-0.0,-0.0,-0.0,-0.0,-0.0
2479,-0.0,-0.0,0.3957460398569238,-0.0,-0.0,-0.0,-0.0,-0.0,-0.0,-0.0
2480,-0.0,-0.0,-0.0,-0.0,-0.0,-0.0,-0.0,-0.0,-0.0,-0.0
2481,-0.0,-0.0,-0.0,-0.0,-0.0,-0.0,-0.0,-0.0,-0.0,-0.0
2482,2.8758069874112486,-0.0,0.06070005109862153,-0.0,-0.0,-0.0,-0.0,-0.0,-0.0,-0.0
2483,32.33755327482319,-0.0,0.8607000510986214,-0.0,-0.0,-0.0,-0.0,104.04000000000019,-0.0,-0.0
2484,61.799299562235134,0.9966815983331827,1.6607000510986212,-0.0,-0.0,-0.0,-0.0,304.0400000000002,-0.0,-0.0
2485,91.26104584964708,0.9966815983331827,1.539580991313235,123.18680891008174,-0.0,36.583091030596194,-0.0,504.0400000000002,3.013323663411203,-0.0
2486,118.9834918607663,70.45020411998578,2.339580991313235,346.3694851153449,-0.0,244.30463096572421,-0.0,704.0400000000002,12.305444763476018,-0.0
2487,135.44834875433884,123.57343039002953,3.0701354113438937,504.8397086267514,-0.0,384.8023356174957,-0.0,848.6175000000002,20.04595845892675,-0.0
2488,139.3940854992718,143.9553697883906,3.37,582.8891689213643,-0.0,459.6436797864578,-0.0,894.1525000000001,23.835578741863976,-0.0
2489,133.06159958977847,139.64422833963062,2.5700000000000003,560.833939148519,-0.0,445.6717794893282,-0.0,847.7350000000001,23.914723877003727,-0.0
2490,118.42358397915056,121.14882514672126,2.16,479.0305847102653,-0.0,376.37177948932816,-0.0,762.1350000000001,21.13581789484997,-0.0
2491,102.19596070125597,100.33056055342169,1.61,383.7885749309896,-0.0,296.07177948932815,-0.0,668.0600000000001,17.069082806874913,-0.0
2492,86.9570007408068,80.69300385953679,1.11,301.1732459754364,-0.0,224.17177948932812,-0.0,576.11,13.768184071884637,-0.0
2493,74.83766668863035,65.49210720948933,0.7000000000000002,234.5894999457467,-0.0,167.2717794893281,-0.0,494.51,12.433121689879144,-0.0
2494,63.576799787532664,53.4659663144338,0.3400000000000001,183.05911556350202,-0.0,118.8717794893281,-0.0,417.985,11.793172029465538,-0.0
2495,53.837465735356204,44.211968986109966,0.10000000000000009,143.94651839707237,-0.0,86.47177948932813,-0.0,348.985,12.399556910245842,-0.0
2496,45.68485157796462,37.12750303625762,-0.0,116.05478935584969,-0.0,69.87177948932813,-0.0,288.035,14.58155270082716,-0.0
2497,38.0706863306458,30.638759887185696,-0.0,95.60969866718199,-0.0,59.47177948932816,-0.0,234.985,17.02454486782674,-0.0
2498,30.338624190342156,23.854782427349523,0.040000000000000036,74.31614843321029,-0.0,47.37177948932817,-0.0,182.61,19.535864328856754,-0.0
2499,22.441552929535504,17.143427090017386,0.1200000000000001,54.4483684265866,-0.0,33.87177948932817,-0.0,128.81,21.56184562511111,-0.0
2500,14.116014517650079,10.259220286538874,0.20000000000000018,32.20635864731091,-0.0,20.87177948932817,-0.0,76.71,23.492714199773587,-0.0
2501,5.111242530225267,1.6524012948001463,0.2500000000000002,5.841659550079214,-0.0,0.4717794893281635,-0.0,20.134999999999998,24.613855519461424,-0.0
2502,-0.0,-0.0,-0.0,-0.0,-0.0,-0.0,-0.0,-0.0,25.307292670854935,-0.0
2503,-0.0,-0.0,0.5359785385794581,-0.0,-0.0,-0.0,-0.0,-0.0,28.013518828433128,-0.0
2504,-0.0,-0.0,-0.0,-0.0,-0.0,-0.0,-0.0,-0.0,33.2112318962063,-0.0
2505,23.900258716504478,-0.0,0.7999999999999998,-0.0,-0.0,-0.0,-0.0,-0.0,39.74716973221985,-0.0
2506,53.36200500391642,-0.0,0.7844098109351043,-0.0,-0.0,77.31497604458048,-0.0,38.53500000000008,47.22160772220144,-0.0
2507,82.82375129132836,-0.0,0.8559913132345418,-0.0,-0.0,285.0365159797085,-0.0,238.53500000000008,54.39774769331265,-0.0
2508,112.2854975787403,-0.0,1.0093357179356146,96.89754186816938,-0.0,492.7580559148365,-0.0,438.5350000000001,61.15824413297135,-0.0
2509,141.74724386615225,2.0370182582800993,1.1662135922330081,320.08021807343255,-0.0,700.4795958499645,-0.0,638.5350000000001,67.45253625036769,-0.0
2510,171.2089901535642,71.4905407799327,1.966213592233008,543.2628942786957,-0.0,908.2011357850926,-0.0,838.5350000000001,72.20914680176665,8.96578447154366
2511,193.41786969209764,133.49895301495354,2.766213592233008,735.1162587863064,-0.0,1053.9842670849557,-0.0,974.0775000000001,74.33696880051852,30.262376826874828
2512,203.81362448781286,167.4695750504044,2.766213592233008,833.6089442801731,-0.0,1114.311360056147,19.03046659146736,1017.2125000000001,72.6082388222197,47.12007727284812
2513,199.88904355642012,169.35415879992377,2.9150281042411836,824.03741587071,-0.0,1087.1537914953226,28.18231827111982,967.6425,67.14228159600262,52.62365640044709
2514,184.86503799345593,150.9213876637623,2.635028104241184,737.4006573138438,-0.0,1002.0537914953227,27.491944990176798,875.6175000000001,58.91732488370451,49.69962996934052
2515,167.7587331571099,127.3776594160561,1.840592743995912,626.3381285296296,-0.0,893.7537914953226,19.63929273084478,775.3675000000001,49.62520378363969,42.252710524934486
2516,151.02840003209414,105.82868692334185,1.3305927439959122,523.6933869612303,-0.0,782.1537914953226,11.418664047151267,676.9925000000001,40.475810679301006,33.782898067229
2517,135.8130760275814,87.46042233004228,0.9405927439959122,433.98821133022756,-0.0,676.6537914953226,5.245186640471509,584.9425000000001,32.250806665161306,25.490192596224055
2518,122.4016023863777,71.66143990308419,0.6005927439959121,349.57904419345834,-0.0,577.4537914953225,-0.0,498.89250000000004,24.65263538042465,16.72214128906615
2519,111.76743713905888,59.72007463150823,0.4205927439959122,286.4312217156671,-0.0,497.15379149532254,-0.0,423.2925,19.027631366284947,8.690190652405004
2520,102.8976925131431,52.192517937623336,0.3205927439959121,240.61008006159838,-0.0,437.15379149532254,-0.0,358.4175,14.570907344334088,2.7090576233616943
2521,94.58024716060915,46.25377478855142,0.3105927439959121,208.7324958506927,-0.0,390.15379149532254,-0.0,298.5425,11.184906953776128,-0.0
2522,86.12048429368734,39.46027588448759,0.3505927439959121,177.6895754750425,-0.0,348.7537914953225,-0.0,240.7675,12.783399765520779,-0.0
2523,77.83590847262919,31.895590525236738,0.39059274399591215,145.9377614914848,-0.0,309.35379149532247,-0.0,185.3675,10.704682990733398,-0.0
2524,68.6322952423983,23.18280945483142,0.38059274399591214,113.86017728057911,-0.0,266.55379149532246,-0.0,129.7925,8.594246208134857,-0.0
2525,56.10406522439772,9.48431551788951,0.18059274399591219,55.64302713227693,-0.0,200.65379149532248,-0.0,58.067499999999995,3.9667512529495035,-0.0
2526,44.657011200571034,-0.0,-0.0,-0.0,-0.0,133.46780107749052,-0.0,-0.0,5.7575501791338075,-0.0
2527,43.97849562694557,-0.0,-0.0,-0.0,-0.0,112.63813087320071,-0.0,-0.0,-0.0,-0.0
2528,54.84832051932631,-0.0,0.46149207971384754,-0.0,-0.0,140.75048941541485,-0.0,-0.0,-0.0,-0.0
2529,75.94940643382795,-0.0,-0.0,99.94904494865222,-0.0,215.11924870970552,-0.0,121.90250000000003,-0.0,-0.0
2530,103.09360894330963,-0.0,-0.0,297.31040518111024,-0.0,318.73043944317186,-0.0,239.165,-0.0,-0.0
2531,132.55535523072157,-0.0,0.7999999999999998,520.4930813863734,-0.0,434.97005203364586,-0.0,398.125,1.0691903115081853,-0.0
2532,162.01710151813353,50.32673855400742,0.5238170669391922,722.6583188781422,-0.0,545.1669110308069,-0.0,563.7975,1.7417253291663464,-0.0
2533,190.3678923819956,119.78026107566002,0.5238170669391922,910.7879781933663,-0.0,648.6496799072656,-0.0,707.9250000000001,1.9458209457641793,-0.0
2534,214.51255097364805,186.25521314419976,1.1288911599386817,1068.413980513077,-0.0,728.6900576138158,-0.0,803.5600000000001,1.115272839039326,-0.0
2535,230.9514341478382,235.82153814927574,1.8436765457332651,1166.7025681141931,-0.0,772.345411364946,-0.0,851.075,7.8679596192422645,-0.0
2536,235.69397029929556,260.03211930300995,2.172948390393459,1186.9678790764883,-0.0,768.2301131662286,-0.0,839.8175000000001,4.925875888902526,1.4767045259809137
2537,226.98185249467022,253.6309941451554,2.05,1129.9205210743494,-0.0,707.8726654132058,-0.0,770.4250000000001,4.925875888902526,3.62050607383048
2538,208.6320713867424,230.88012729783944,1.25,1024.5619837959016,-0.0,610.4726654132058,-0.0,671.975,-0.0,1.8028945683547022
2539,190.9526826115479,206.72521259494624,0.76,912.7945529095464,-0.0,515.1726654132059,-0.0,576.775,-0.0,-0.0
2540,174.8607983966049,184.95458502551645,0.3500000000000001,809.9786624778872,-0.0,434.47266541320585,-0.0,490.49999999999994,2.36749191744056,-0.0
2541,161.46256837860432,166.9146752897452,0.1200000000000001,725.9143125009239,-0.0,373.07266541320587,-0.0,418.44999999999993,0.6837459587202801,-0.0
2542,149.0566376339856,150.10453621033156,-0.0,646.3490519275862,-0.0,321.9726654132059,-0.0,357.92499999999995,-0.0,-0.0
2543,137.40510926976387,135.04083776535688,0.010000000000000009,575.6086509852219,-0.0,281.6726654132059,-0.0,304.95,-0.0,-0.0
2544,125.6920115746089,119.50191494386178,0.1200000000000001,512.705994787505,-0.0,248.57266541320587,-0.0,258.125,-0.0,-0.0
2545,112.4063819576934,102.87229415719582,0.26,446.3104110049467,-0.0,217.1726654132059,-0.0,216.2,-0.0,-0.0
2546,98.6861173120022,84.24959256074115,0.44999999999999996,370.90411242173184,-0.0,185.37266541320588,-0.0,176.67499999999998,0.8985171158143577,-0.0
2547,84.66642292440494,64.28784807583115,0.6199999999999999,292.3097883558165,-0.0,151.47266541320587,-0.0,138.2,2.244094827542775,-0.0
2548,69.99884988482889,44.06538575726263,0.16612161471640272,210.6203663920422,-0.0,116.07266541320585,-0.0,98.14999999999998,3.3360070804651056,-0.0
2549,52.6218653443528,19.195774904840505,0.09612161471640265,110.85363374622389,-0.0,59.17266541320585,-0.0,45.14999999999999,2.125475694183376,-0.0
2550,36.42823415354398,-0.0,-0.0,20.45292348317018,-0.0,2.0295896657555232,-0.0,-0.0,0.1604092598972855,-0.0
2551,36.42823415354398,-0.0,-0.0,-0.0,-0.0,-0.0,-0.0,-0.0,-0.0,-0.0
2552,41.701761382929234,-0.0,-0.0,-0.0,-0.0,-0.0,-0.0,-0.0,-0.0,-0.0
2553,56.67216496167017,-0.0,0.7999999999999998,107.86184274519582,-0.0,69.43668117958285,-0.0,-0.0,-0.0,-0.0
2554,77.31279554508097,-0.0,1.5999999999999996,278.11454049864443,-0.0,231.04754975891183,-0.0,160.35749999999985,6.554762812251349,-0.0
2555,100.77885889068311,14.20428548836803,2.3999999999999995,470.80122446808554,-0.0,410.5865985796455,-0.0,360.35749999999985,14.451553099025126,-0.0
2556,123.87436605016636,83.65780801002063,3.1999999999999993,672.6906469771939,-0.0,590.1969839277685,-0.0,560.3574999999998,21.725111224793523,-0.0
2557,143.44382643603885,149.60377637864562,3.999999999999999,855.2824611720449,-0.0,755.0503644848075,-0.0,760.3574999999998,27.651065773144506,-0.0
2558,157.28487116612328,203.6735723576141,4.799999999999999,998.8359545361269,-0.0,869.6472234819686,-0.0,922.6524999999999,31.358582855348292,-0.0
2559,161.3530063745645,238.79263223144213,4.745776699029126,1077.1384663341203,-0.0,919.2306366667019,-0.0,1003.75,32.596716037530506,-0.0
2560,164.12127870439664,249.3738392122517,3.9457766990291265,1082.373801310762,-0.0,904.3721419127328,0.8846020784454254,1004.245,30.291752997158166,-0.0
2561,145.26928356873967,232.37040547180962,3.6887097598364846,994.6055853092316,-0.0,824.157447753023,5.423379174852641,932.1,25.1871989931566,-0.0
2562,117.29497239337272,198.7686212499243,3.0487097598364845,849.0522992531933,-0.0,699.8574477530229,1.9314341846758296,826.1,17.925445787272846,-0.0
2563,88.13875427735724,164.22325779399029,2.3287097598364843,695.3910301856221,-0.0,569.957447753023,-0.0,716.725,10.414867099149525,-0.0
2564,73.12813378094475,133.66812368169857,1.5287097598364845,562.6524504360068,-0.0,457.35744775302294,-0.0,615.1,4.609128387592726,-0.0
2565,61.50138188884735,107.98964961324432,1.0687097598364845,448.02367489067353,-0.0,367.2574477530229,-0.0,528.75,1.7594514722044785,-0.0
2566,42.530994040813546,86.58426628882262,0.7087097598364844,351.97403122013327,-0.0,294.0574477530229,-0.0,449.35,-0.0,-0.0
2567,26.850035934685785,69.01221298631964,0.4887097598364845,282.3430853617826,-0.0,240.75744775302292,-0.0,380.90000000000003,-0.0,-0.0
2568,14.669899847350809,56.43134613900368,0.3687097598364844,236.3694926566434,-0.0,201.6574477530229,-0.0,322.27500000000003,-0.0,-0.0
2569,11.774128787086699,45.73785716918368,0.32870975983648437,200.1354658889007,-0.0,169.2574477530229,-0.0,266.675,-0.0,-0.0
2570,9.3791241512832,36.36817677705474,0.3387097598364844,167.56677528590254,-0.0,140.75744775302286,-0.0,212.75000000000003,-0.0,-0.0
2571,7.860661484903934,28.2120656847307,0.3487097598364844,136.39808468290437,-0.0,116.35744775302285,-0.0,159.15000000000003,-0.0,-0.0
2572,6.463553742085253,19.846901769707504,0.3587097598364844,106.4382876878137,-0.0,91.15744775302284,-0.0,105.50000000000001,0.204211481129976,-0.0
2573,2.6176047564604974,8.083402865643674,0.19870975983648448,51.40426092007101,-0.0,43.357447753022825,-0.0,40.250000000000014,0.3594218441498447,-0.0
2574,-0.0,-0.0,-0.0,-0.0,-0.0,-0.0,-0.0,-0.0,-0.0,-0.0
2575,-0.0,-0.0,-0.0,-0.0,-0.0,-0.0,-0.0,-0.0,-0.0,-0.0
2576,5.970221331422593,-0.0,-0.0,-0.0,-0.0,-0.0,-0.0,-0.0,-0.0,-0.0
2577,21.43548760448466,-0.0,-0.0,-0.0,-0.0,-0.0,-0.0,-0.0,-0.0,-0.0
2578,42.74629401499965,-0.0,0.7999999999999998,-0.0,-0.0,-0.0,-0.0,9.134999999999877,-0.0,-0.0
2579,67.4048525199222,-0.0,0.37182166581502263,37.58146952841483,-0.0,-0.0,-0.0,209.13499999999988,-0.0,-0.0
2580,92.30224863199412,-0.0,1.1718216658150225,37.58146952841483,-0.0,-0.0,-0.0,409.1349999999999,-0.0,-0.0
2581,115.99206330370566,27.322435944199526,1.9471359223300975,260.764145733678,-0.0,141.69376238639515,-0.0,609.1349999999999,9.292121100064815,-0.0
2582,136.28212381924624,95.15600114546417,2.7471359223300973,468.81021455670384,-0.0,335.2190029712966,-0.0,806.6699999999998,14.468100132505722,-0.0
2583,149.27085821605192,145.30150116413435,3.403331630045989,610.1959512199104,-0.0,469.6450489415414,-0.0,934.4749999999999,19.967939700992734,-0.0
2584,152.4584235468467,169.9380836439137,3.627307102708227,672.0704966327792,-0.0,522.9293077808852,-0.0,967.7849999999999,21.461162402020626,-0.0
2585,143.07571777649562,167.0993317780136,3.4080045988758303,640.0810570048723,-0.0,497.8574477530227,-0.0,911.3424999999999,20.135935682633647,-0.0
2586,124.45288921173136,144.5041579287466,2.78800459887583,549.2933194694161,-0.0,421.1574477530227,-0.0,813.6674999999999,15.983815128041343,-0.0
2587,104.99314458581557,118.8866012348617,2.0780045988758302,449.9104840361009,-0.0,332.45744775302273,-0.0,706.6674999999999,10.573141836234836,-0.0
2588,86.6416709446119,95.9469009742451,1.4480045988758303,359.17120604594874,-0.0,254.35744775302277,-0.0,609.7924999999999,6.51369036403036,-0.0
2589,70.72827212175369,78.0893442803602,0.9480045988758304,285.77058339681855,-0.0,190.3574477530228,-0.0,523.0174999999999,3.883515260432983,-0.0
2590,56.21736873864397,61.656313997824874,0.5880045988758303,215.88193526498782,-0.0,133.05744775302279,-0.0,444.7924999999999,2.214336533253867,-0.0
2591,44.487231779994865,48.632097260102526,0.3880045988758304,162.86170420729363,-0.0,90.05744775302279,-0.0,378.0924999999999,1.7549323628909796,-0.0
2592,35.187290987712416,38.12835907815252,0.2880045988758303,123.68012849062146,-0.0,61.35744775302277,-0.0,318.6424999999999,2.317473643523023,-0.0
2593,27.453892164854203,31.041998773698474,0.2780045988758303,96.13013569981274,-0.0,48.45744775302279,-0.0,264.91749999999996,4.589742179129704,-0.0
2594,19.876839145053566,25.488968491163156,0.3180045988758303,83.76417688593807,-0.0,47.557447753022785,-0.0,212.24249999999998,7.976625248119138,-0.0
2595,12.499786125252928,20.013555364009967,0.3780045988758304,73.7031201742044,-0.0,47.95744775302279,-0.0,162.0425,11.090341046511615,-0.0
2596,10.68974462591579,14.82385510339337,0.3780045988758304,57.66384218405224,-0.0,42.95744775302282,-0.0,109.84249999999999,14.004056844904092,-0.0
2597,-0.0,4.472011276045066,0.21800459887583049,25.881006750737072,-0.0,18.35744775302283,-0.0,43.86749999999999,14.7982708315057,-0.0
2598,-0.0,-0.0,-0.0,-0.0,-0.0,-0.0,-0.0,-0.0,14.528045432469865,-0.0
2599,-0.0,-0.0,0.1452733776188042,-0.0,-0.0,-0.0,-0.0,-0.0,16.519774712774225,-0.0
2600,-0.0,-0.0,-0.0,-0.0,-0.0,-0.0,-0.0,-0.0,22.023474411292604,-0.0
2601,-0.0,-0.0,0.7999999999999998,-0.0,-0.0,-0.0,-0.0,52.41500000000019,30.59470857409912,-0.0
2602,9.827380581692832,-0.0,0.7999999999999998,-0.0,-0.0,-0.0,-0.0,252.4150000000002,39.886829674163934,-0.0
2603,39.28912686910478,-0.0,0.5780812468063372,-0.0,-0.0,126.8361897027653,-0.0,452.4150000000002,49.17895077422875,-0.0
2604,68.75087315651672,-0.0,1.378081246806337,82.8940497699974,-0.0,334.5577296378933,-0.0,652.4150000000002,58.47107187429357,-0.0
2605,98.21261944392866,53.803701949992295,2.178081246806337,306.07672597526056,-0.0,542.2792695730213,-0.0,852.4150000000002,66.59173767707796,-0.0
2606,126.35898078746962,53.803701949992295,2.9780812468063367,517.54045764183,-0.0,731.3616760260755,-0.0,1037.4050000000002,72.07394877804289,-0.0
2607,144.50505595386363,111.33019475000347,3.57486203372509,642.5467091954179,-0.0,845.3449684030073,-0.0,1143.8600000000001,74.33696880051852,-0.0
2608,150.82266274950368,139.64011794910624,3.800247828308636,676.7677715941994,-0.0,879.5864333797709,-0.0,1162.2125,73.94806641241088,-0.0
2609,144.00285935698372,137.1360976289673,3.546121614716403,635.2928127854332,-0.0,833.5717392200611,10.037917485265211,1091.66,69.52486251202976,-0.0
2610,126.05097567541495,115.67329669007432,2.906121614716403,534.5299348809505,-0.0,732.771739220061,8.781925343811388,979.9350000000001,60.68754569818658,-0.0
2611,106.94124929050517,91.79192148425453,2.116121614716403,423.65018035702724,-0.0,618.4717392200611,3.0390962671905655,859.6850000000001,51.395424598121764,0.7977389958429235
2612,89.75786870865296,70.955780589199,1.496121614716403,325.431770492082,-0.0,515.371739220061,-0.0,748.86,42.103303498056945,0.7979889226476722
2613,74.67717973291592,55.26677829375324,1.046121614716403,251.36182017244084,-0.0,429.07173922006103,-0.0,649.11,34.17092126446347,-0.0
2614,61.77014495412129,43.16134529811239,0.6761216147164028,191.5274442844297,-0.0,348.87173922006104,-0.0,555.71,27.07270267788522,-0.0
2615,51.00138116003879,35.0218644468943,0.42612161471640275,156.76330666330404,-0.0,282.771739220061,-0.0,473.68500000000006,21.481815008919146,-0.0
2616,42.84281353232294,29.656670729139613,0.3461216147164027,135.5773903205969,-0.0,231.87173922006104,-0.0,401.06000000000006,17.166538249754083,-0.0
2617,35.89155429849194,26.27005127831174,0.31612161471640265,124.58657187574875,-0.0,189.47173922006104,-0.0,330.785,13.604926949395109,-0.0
2618,29.684715686063978,22.074628216914718,0.30612161471640265,110.78195772085206,-0.0,151.07173922006103,-0.0,264.235,11.526312812050616,-0.0
2619,24.000568679751165,17.91230583379408,0.3461216147164027,96.78532657748838,-0.0,117.17173922006103,-0.0,199.58499999999998,8.764701511691642,-0.0
2620,17.345459082611086,12.979983450673437,0.3561216147164027,75.4669167125432,-0.0,84.07173922006103,-0.0,135.76,8.764701511691642,0.16801729955089284
2621,8.259386894643736,4.0128953783170545,0.20612161471640275,32.474277074946,-0.0,36.37173922006102,-0.0,61.01,4.771322901679914,0.7160662741259354
2622,-0.0,-0.0,-0.0,-0.0,-0.0,-0.0,-0.0,-0.0,-0.0,-0.0
2623,-0.0,-0.0,0.06798160449667845,-0.0,-0.0,-0.0,-0.0,-0.0,-0.0,-0.0
2624,-0.0,-0.0,0.4973582013285637,-0.0,-0.0,-0.0,-0.0,-0.0,1.8347096964429994,-0.0
2625,14.865598212524784,-0.0,-0.0,-0.0,-0.0,-0.0,-0.0,-0.0,6.81025090858795,-0.0
2626,44.32734449993673,-0.0,0.7455390904445593,-0.0,-0.0,-0.0,-0.0,108.36000000000013,14.82033939067939,-0.0
2627,73.78909078734867,-0.0,1.5455390904445592,-0.0,-0.0,-0.0,-0.0,308.3600000000001,24.112460490744205,-0.0
2628,103.25083707476061,-0.0,2.345539090444559,-0.0,-0.0,79.44239116990872,-0.0,508.3600000000001,33.22950805134397,-0.0
2629,132.71258336217255,12.314820262663787,1.9577133367399084,223.18267620526316,-0.0,287.16393110503674,-0.0,708.3600000000001,41.10162190792343,-0.0
2630,158.70866749020706,81.76834278431639,2.7577133367399083,385.86775184405116,-0.0,450.5180767781519,-0.0,886.3925000000002,46.85774193755976,-0.0
2631,174.71360887835237,134.16002033188903,3.4101430761369445,531.2822223919127,-0.0,552.1301534354959,-0.0,999.5625000000001,49.66042661240931,0.42782490909382354
2632,178.74002407044318,157.57543660654946,3.66,584.1035204037923,-0.0,578.2289050882138,-0.0,1026.4725,48.4470248767658,8.283493477841224
2633,168.7752469726838,149.503482121546,2.8600000000000003,538.6367764747425,-0.0,530.5000000000001,0.23457760314340703,961.4975000000001,43.97470630445678,10.16893674197933
2634,148.55061696198183,123.00142881904301,2.2800000000000002,428.2325114401143,-0.0,437.30000000000007,0.7125736738703239,856.2475000000001,41.193694534178896,7.420130211713822
2635,127.14834041430552,95.81841840499536,1.61,311.14204211553465,-0.0,337.70000000000005,-0.0,743.4975000000001,41.02710135172862,3.672958896683987
2636,109.07107298713223,71.71206803478513,1.03,218.33070466574793,-0.0,251.40000000000003,-0.0,639.4225,33.594671816293555,0.7618882521509143
2637,93.36496431715284,52.68237770841236,0.6500000000000001,143.25494164759124,-0.0,182.30000000000004,-0.0,546.5725,27.24762774747574,-0.0
2638,78.90250984411588,36.63792169280384,0.31000000000000005,81.01874456683103,-0.0,120.20000000000005,-0.0,456.64750000000004,21.039634604081257,-0.0
2639,66.57659734050316,25.364891410268527,0.08000000000000007,38.35677725872284,-0.0,74.60000000000002,-0.0,377.7975,15.773136025314168,-0.0
2640,56.696460381854045,17.31709543849746,-0.0,11.67793333117416,-0.0,44.80000000000001,-0.0,311.7475,10.533517477791712,-0.0
2641,48.361902801801904,12.694773055376821,-0.0,-0.0,-0.0,27.100000000000023,-0.0,253.7475,5.781728036090559,-0.0
2642,41.235616206461884,9.33625924994724,-0.0,-0.0,-0.0,17.80000000000001,-0.0,196.6225,2.1396658493640466,-0.0
2643,34.444908989718826,6.529649733363193,-0.0,-0.0,-0.0,13.400000000000006,-0.0,141.5975,-0.0,-0.0
2644,27.646126954630304,4.024705227738515,0.09000000000000008,0.7414483031696477,-0.0,10.900000000000006,-0.0,87.8975,0.7690368216543355,-0.0
2645,19.636382328714515,-0.0,-0.0,-0.0,-0.0,-0.0,-0.0,31.02249999999999,-0.0,-0.0
2646,15.085282308586315,-0.0,-0.0,5.291979640601383,-0.0,-0.0,-0.0,-0.0,0.43205513191071465,-0.0
2647,22.421441881405308,-0.0,0.4375089422585591,72.45624925334948,-0.0,-0.0,-0.0,-0.0,4.052641810316986,-0.0
2648,40.68363221053032,-0.0,-0.0,193.99578582525152,-0.0,-0.0,-0.0,-0.0,10.41362520982607,-0.0
2649,68.61817223952293,-0.0,0.7999999999999998,369.57877419261786,-0.0,27.540055552412838,-0.0,73.77250000000004,19.705746309890884,-0.0
2650,98.07991852693488,-0.0,1.5999999999999996,592.761450397881,-0.0,33.14136890579732,-0.0,273.77250000000004,28.9978674099557,-0.0
2651,127.54166481434682,10.075956967315761,1.67955288707205,815.9441266031442,-0.0,240.86290884092534,-0.0,473.77250000000004,38.289988510020514,-0.0
2652,157.00341110175876,79.52947948896836,1.5609018906489531,1019.6715976200636,-0.0,448.58444877605336,-0.0,673.7725,47.582109610085325,-0.0
2653,186.4651573891707,148.98300201062096,2.360901890648953,1165.7767134596372,-0.0,656.3059887111814,-0.0,873.7725,56.874230710150144,-0.0
2654,215.92690367658267,218.43652453227358,2.0406157383750636,1273.16597604403,-0.0,861.6173002524492,-0.0,1073.7725,66.16635181021496,-0.0
2655,234.36141180052363,275.02847550120697,2.0406157383750636,1345.0294672921468,-0.0,999.3294171790604,-0.0,1205.015,72.29440542179866,-0.0
2656,235.69397029929556,300.35864280853576,2.434711292795094,1359.651905920371,-0.0,1056.299585897702,-0.0,1238.92,73.95990830087852,-0.0
2657,224.9443807180516,290.29729785970227,2.3599999999999994,1290.7908694602686,-0.0,1032.656349073183,4.6777996070727,1173.8325,70.3967682322221,-0.0
2658,206.6507310058087,262.94098722646737,1.9699999999999998,1169.1286897963228,-0.0,952.4563490731831,7.551866404715135,1066.1825,63.91072053982255,-0.0
2659,186.34515611191125,232.3908680155414,1.44,1033.3269441949803,-0.0,852.5563490731831,4.689980353634581,948.4325,55.61005831404024,-0.0
2660,167.49997355074711,203.43074880461543,1.0,906.650968820986,-0.0,755.0563490731831,1.2449901768172893,831.1075,47.1752797430843,-0.0
2661,150.83365047339507,179.15061965944565,0.6100000000000001,791.9710019412253,-0.0,666.8563490731832,-0.0,722.7325,40.228282976108076,-0.0
2662,135.6940655318339,156.80953340273118,0.30000000000000004,684.7572818225835,-0.0,583.0563490731832,-0.0,614.7075,34.271511652315624,-0.0
2663,123.02121872606362,137.55249500159394,0.09000000000000008,592.3733234370562,-0.0,510.1563490731832,-0.0,516.7825,29.29279487752824,-0.0
2664,111.22067119367519,121.2590259002616,0.010000000000000009,508.3062416709694,-0.0,442.9563490731832,-0.0,430.8075,24.662903584980427,-0.0
2665,100.39415194995648,106.43008321027884,-0.0,437.31338967753464,-0.0,378.3563490731832,-0.0,349.03249999999997,19.369666880493476,-0.0
2666,89.719165555159,91.45448047645863,0.010000000000000009,373.7987589625184,-0.0,321.05634907318324,-0.0,271.0825,14.000866568047105,-0.0
2667,79.47687076647667,77.10197842091479,0.08000000000000007,310.7970133611761,-0.0,269.2563490731833,-0.0,195.7575,8.219895361422038,-0.0
2668,68.94860426646406,62.77923708748479,0.1200000000000001,244.0468082145298,-0.0,217.05634907318327,-0.0,120.9075,2.1169787038020456,-0.0
2669,67.31359963066056,46.49911787655883,0.17000000000000015,171.6352584089055,-0.0,162.95634907318328,-0.0,42.6575,-0.0,-0.0
2670,57.86701293912528,37.5446655112069,-0.0,135.99235527925725,-0.0,136.28465012238942,-0.0,-0.0,-0.0,-0.0
2671,57.86701293912528,48.86081354827432,-0.0,183.76531700917621,-0.0,174.96927138513774,-0.0,-0.0,-0.0,-0.0
2672,66.80639669989156,85.41140748800609,0.7999999999999998,304.83978003160667,-0.0,282.28154938881755,-0.0,-0.0,0.8074600166680259,-0.0
2673,85.21285297638018,141.59705523223408,1.5999999999999996,481.87948069126935,-0.0,452.2786500015816,-0.0,172.30249999999978,3.248900878173547,-0.0
2674,114.67459926379212,209.4308871892918,2.3999999999999995,695.6017451035989,-0.0,660.0001899367096,-0.0,372.3024999999998,7.1135367034175285,21.4183735605349
2675,144.13634555120407,278.8844097109444,3.1023173224322953,918.7844213088621,-0.0,861.1252291752753,-0.0,572.3024999999998,10.44661008002883,44.24516542432876
2676,173.59809183861603,348.337932232597,3.074844149207972,1141.9670975141253,-0.0,1043.764801496482,-0.0,772.3024999999998,13.059072017497249,67.32137841859932
2677,203.05983812602798,417.79145475424957,3.8748441492079717,1365.1497737193883,-0.0,1224.4331983673683,-0.0,972.3024999999998,16.99331999708911,91.4062898280101
2678,220.07136363680033,487.24497727590216,4.6748441492079715,1585.580120779691,-0.0,1387.2020382001933,-0.0,1172.3024999999998,20.4725232243145,115.75856409769642
2679,235.69397029929556,536.3338887336859,5.474844149207971,1737.0047536689906,-0.0,1502.285773539064,25.10407426721488,1301.54,20.944962129476963,136.24822193721718
2680,235.69397029929556,555.2187352444936,6.07282575370465,1785.4614096421053,-0.0,1550.2559825269725,42.33216007898944,1345.1725,17.880122785493548,148.2142826483231
2681,234.5283542837033,547.2634738020608,6.262938170669392,1744.792168428102,-0.0,1514.2842433069115,46.04774066797641,1300.8325,16.36552129665243,150.67767504875724
2682,225.01368725761506,521.603603803265,6.032938170669391,1640.5241760656409,-0.0,1422.5842433069115,36.81925343811394,1211.2325,13.67487013689432,144.12761110919175
2683,203.53980489699347,493.05301597081046,5.6429381706693915,1513.490847538435,-0.0,1312.2842433069115,23.939882121807457,1107.2825,8.954942608529109,132.99729568776627
2684,194.47440792845666,467.272178926226,5.272938170669391,1390.6664126191367,-0.0,1201.2842433069115,12.722789783889972,1007.7825,5.278905982153754,120.43754639209865
2685,177.59402008042287,446.7282312691213,5.002938170669391,1279.0033223588164,-0.0,1099.4842433069116,5.520825147347736,913.3825,2.4760366263753557,108.65817451360292
2686,164.66071329808378,428.48951792278086,4.792938170669391,1176.8442236042627,-0.0,1002.1842433069115,-0.0,827.4325,-0.0,96.25754483704341
2687,161.4189887674954,414.64199103162747,4.712938170669391,1080.9277716964973,-0.0,921.2842433069115,-0.0,752.2825,0.14586152277797737,85.34873908430552
2688,160.20842299410094,405.39802350603514,4.722938170669391,1024.5478048167365,-0.0,861.4842433069115,-0.0,685.3075,-0.0,77.65465026868871
2689,160.16766105433985,399.1452424356298,4.812938170669391,993.0092250671213,-0.0,811.1842433069115,-0.0,627.6075,2.6420621867265126,72.43754250446054
2690,160.94556243202416,392.6553227656147,4.912938170669391,962.314202760669,-0.0,761.9842433069115,-0.0,572.6324999999999,-0.0,69.5990510068567
2691,163.28155686905995,386.25111596213617,5.032938170669391,932.6845166189612,-0.0,711.8842433069115,-0.0,515.1075,-0.0,68.3309996996988
2692,165.40717721436846,379.71047845846255,5.1029381706693915,908.460643175769,-0.0,660.3842433069115,-0.0,453.4074999999999,-0.0,67.33175336775115
2693,163.91376015050423,367.0965109328702,4.992938170669391,854.1407612383432,-0.0,593.4842433069115,0.6575406374351545,377.7824999999999,3.901781413421748,63.74231832721756
2694,161.50047960987777,353.1812700494117,4.746936637710781,796.1736734609981,-0.0,531.8125040868505,4.939741905682766,323.2699999999999,6.652065621513819,58.25373486430673
2695,161.90490976153598,346.8092020549994,4.543988247317322,784.8686172999364,-0.0,534.182672805492,18.679662629633093,336.80249999999995,11.387505192203822,56.42942560735365
2696,168.07463204583922,356.2841913156764,4.442795094532447,842.0054142232432,-0.0,610.7518750617214,42.65460150698392,409.16499999999996,17.837712985628787,61.3860270846032
2697,178.17579111664517,384.2698376971401,4.629591211037301,974.1292750813165,-0.0,753.3060207348366,78.43973487118083,541.51,26.993784034170762,71.32347135604553
2698,193.12726234756937,425.9078966906111,5.042966274910576,1148.263697146752,-0.0,937.2025173085931,114.22486823537774,739.3325,30.206454316722404,85.98985024000524
2699,209.85199860770757,472.2461346660188,5.533865610628512,1328.0217299916192,-0.0,1130.513104003052,150.01000159957465,939.3325,39.49857541678722,102.01962867506286
2700,222.77036402312055,514.442703289724,5.971471640265712,1513.2705332397552,-0.0,1320.8093589612056,185.79513496377155,1139.3325,48.79069651685204,117.29071958774811
2701,231.1325857259795,544.1412214600765,6.259437915176289,1664.9303996695307,-0.0,1485.8916446064582,221.58026832796847,1339.3325,58.08281761691685,131.10876714026787
2702,235.59065534172953,555.6281801732208,6.399999999999999,1752.622646902147,-0.0,1602.1459110873748,254.29272181362944,1507.4125,65.38369645848854,143.14739171131333
2703,235.69397029929556,555.6281801732208,6.399999999999999,1785.4614096421053,-0.0,1661.7723194810242,275.4661612794044,1600.0,69.8182469165003,150.8160527930811
2704,232.49119755177975,553.4695929669904,6.153285641287684,1775.7463341550756,-0.0,1661.7723194810242,286.1894215937031,1599.415,72.1430266875221,153.30088450939232
2705,224.61928365548633,555.6281801732208,5.783165559529891,1785.4614096421053,-0.0,1661.7723194810242,286.2810669135753,1564.4479464285716,72.51937048919513,149.3629929771277
2706,212.26255000439494,547.4098859102968,5.153165559529891,1667.8615986108207,-0.0,1600.338678343475,276.19639107860473,1447.9729464285717,69.15047557306556,140.37016157081086
2707,197.18542402057025,536.2563573366085,4.4331655595298916,1534.477753602602,-0.0,1522.0050372059259,262.72861111789746,1383.4479017857145,65.53035883733398,129.97078930355133
2708,183.37213015904862,499.25078440551977,3.8531655595298915,1404.5663171742863,-0.0,1444.7713960683766,248.73430856386994,1269.0979017857146,63.35413300359225,120.51242335249557
2709,171.823827177024,493.2591700549208,3.4131655595298915,1291.5153148085742,-0.0,1379.5377549308273,237.5380413733002,1218.7228571428575,62.92912898945255,112.89342850240793
2710,161.45493569589937,460.25408561384825,3.0631655595298914,1291.5153148085742,-0.0,1323.4041137932782,228.08696082320196,1117.1228571428576,62.960234073322994,106.41871039899542
2711,152.10353053402025,430.3268675402878,2.8931655595298915,1199.31893380695,-0.0,1282.270472655729,222.74531052850648,1079.7728125000003,64.6937827963975,102.34235708034723
2712,144.89634982717752,430.913368769331,2.8631655595298913,1226.4320346680786,-0.0,1323.4815477240058,252.25876884388092,1051.8977678571432,67.26638244489534,101.02009179978823
2713,138.56724393868024,433.34177428721966,3.130970828162638,1153.886283524776,-0.0,1296.9479065864566,247.40749183012846,971.7727678571431,69.39269485404085,101.71417867158598
2714,132.84640903489506,436.8056533937588,3.3045300751879707,1200.0171716017194,-0.0,1267.0142654489075,237.85975116215204,890.8727678571431,70.46054912965535,104.28197616430103
2715,127.70288252499475,414.10010033115776,3.3645300751879708,1249.3262809570813,-0.0,1244.838256335501,257.77458472310605,810.2727678571431,71.18939978168811,108.87266667031554
2716,121.45434689459142,418.2094530263473,3.394530075187971,1249.3262809570813,-0.0,1199.404615197952,243.3700660590589,724.8477678571431,71.22802499053711,113.02235086012625
2717,111.3190731283972,387.50414917587625,3.2345300751879713,1153.845865978523,-0.0,1132.3709740604027,221.16358275846952,628.4977678571431,68.90570112480944,113.9163117966121
2718,98.45739573384488,351.63509152283723,2.925587816628952,1038.1282842381402,-0.0,1061.4370913072505,228.58297305558722,541.5427678571431,64.86810169690683,112.05563979549039
2719,87.61639415481972,319.1499972201952,2.6108765238338574,1051.570247840395,-0.0,1088.290154852764,240.03585450208595,518.6527678571431,62.275416449544565,111.45154314199685
2720,87.61639415481972,293.86216812147546,2.6421999324768244,971.9620324126863,-0.0,1132.3284437000336,240.03585450208595,544.3152678571431,61.36801449590406,112.1360909991005
2721,82.84392786099087,275.6372095588869,2.7343409190451866,1023.1165541081912,-0.0,1106.964729665523,255.17725522173038,609.1077678571431,61.4513162120618,114.01276971647043
2722,82.41316459947865,267.2883440200206,2.671377199065626,1090.5071109660637,-0.0,1092.5293972187528,248.48683405023593,715.5302678571431,63.992909083666774,116.92531088292313
2723,86.63350361703635,264.5424156698965,2.736762993649172,1050.7625333555634,-0.0,1177.6240868180987,283.94357260337296,847.8477678571431,67.6247885042578,122.06207463316765
2724,93.89152646738273,294.0934945824949,2.824616851595007,1007.8525053338626,-0.0,1186.8598090138478,286.2810669135753,985.8702678571432,71.32052506128332,125.82460516519276
2725,101.51434039520272,325.3383820727843,2.887646999781006,949.3507993181478,-0.0,1162.8959741715355,278.25628649077834,1097.3777678571432,73.19785562990928,127.94362002759912
2726,109.47137877805909,324.8047778329924,2.9507972297247975,989.0516128819257,-0.0,1183.077298496988,258.67437361553334,1256.580223214286,71.49956720429283,128.2951584519265
2727,118.45982028726056,317.445257153916,3.287049100299292,893.5932275873479,-0.0,1187.216151113998,265.42394038464585,1361.7751785714288,67.73807071676639,124.41096010414276
2728,134.5622424167416,304.4299620949378,3.332675058398423,893.1834289925388,-0.0,1112.0391926133955,242.08422050095123,1320.0576785714288,64.32590503078622,117.91550809166995
2729,124.49342944333048,304.3703033033996,3.119606586247171,862.3792134944056,-0.0,1009.0482647998922,217.8719398642878,1263.1401339285717,60.80416139412823,105.60742823958319
2730,106.07395204721341,256.9298338106939,2.4821947313672528,674.1755477217853,-0.0,869.8146236623429,182.08680650009092,1123.4401339285716,54.78418656392142,88.79849655153339
2731,84.5194264644738,210.35849276970757,1.7621947313672528,585.4920786125742,-0.0,717.1809825247938,168.220107644542,983.0151339285716,46.5472008629694,70.07321271112684
2732,78.64433567021602,192.96500393299456,1.0921947313672529,404.6377829816325,-0.0,647.4920575930706,157.00999032140956,852.0401339285715,38.33709519326201,51.68239432598139
2733,62.58674438963395,151.56637006060478,0.8499999999999999,359.30767551986645,-0.0,530.2584164555215,121.22485695721265,727.0901339285716,31.014818629375927,35.03585268751107
2734,47.140685957973105,140.46550334639582,0.45999999999999996,319.35978084228543,-0.0,425.1247753179722,93.91786810477014,663.9900892857145,24.692542065489846,20.6991223404548
2735,33.33519778440622,131.63559374373156,0.16999999999999993,200.16355835462304,-0.0,404.235850386249,66.63201348787426,607.0900446428573,19.697098231006805,9.886920221933657
2736,21.5985508536454,98.81101766116285,0.030000000000000027,196.40277856336797,-0.0,331.7022092486998,74.55411620403456,501.5150446428572,16.22848712592681,3.253334370036832
2737,11.88921231676943,67.88429801186243,-0.0,92.58804886982274,-0.0,270.26856811115056,52.605982608749684,401.5900446428572,13.56720693845899,-0.0
2738,15.74276659895108,38.95066910659455,-0.0,-0.0,-0.0,215.13492697360135,63.51295762353473,360.69000000000005,11.010814029399283,-0.0
2739,7.767866924484164,12.233221689391783,0.15999999999999992,-0.0,-0.0,164.90128583605212,43.26482402824986,265.69000000000005,9.198312022329432,-0.0
2740,0.7885648696202239,14.838287251117936,0.16999999999999993,36.104207253221006,-0.0,114.6676446985029,55.27376367957715,171.91500000000002,7.373591819239291,2.350517126894747
2741,5.514669314568414,17.09000292243771,-0.0,58.33936610358019,-0.0,50.73400356095369,33.252152677612514,69.09,4.114707969133932,4.203471747176817
2742,-0.0,-0.0,-0.0,-0.0,-0.0,-0.0,11.77666831688423,-0.0,0.8887640115286288,2.465296355704611
2743,-0.0,-0.0,0.2063311190597853,-0.0,-0.0,-0.0,-0.0,-0.0,-0.0,4.08073281783388
2744,7.655333658156231,-0.0,0.676645375574859,-0.0,-0.0,27.85466917358832,-0.0,-0.0,1.713223289463067,8.549826254677672
2745,25.751288000892174,-0.0,1.4766453755748588,82.398247443658,-0.0,122.47995002775696,-0.0,148.40999999999974,-0.0,17.080707362961043
2746,51.22675893130955,-0.0,1.4766453755748588,305.58092364892116,-0.0,268.3761244473761,-0.0,348.40999999999974,-0.0,30.74512230970471
2747,79.03679198920098,26.979542228676365,1.9000766479305065,528.7635998541843,-0.0,434.0148913832396,-0.0,548.4099999999997,1.5534362572874958,46.10827640098666
2748,106.42118966102326,96.43306475032897,1.9000766479305065,751.9462760594475,-0.0,602.2964924509504,13.34622587527915,748.4099999999997,8.287033312661842,62.5847960733616
2749,130.83991646879042,165.88658727198157,2.7000766479305063,975.1289522647107,-0.0,757.8212095353787,35.321269019333016,948.4099999999997,13.701146230032279,79.08437955712068
2750,147.59003509005962,231.34900651819538,3.500076647930506,1156.65028208412,-0.0,867.175153862158,51.66582554141448,1114.8549999999998,13.701146230032279,91.18003413308658
2751,153.3176096629229,274.04910759182593,4.081801226366888,1258.105013434643,-0.0,922.7012803709372,60.18257456386561,1212.0199999999998,15.764336106834566,98.45000170810967
2752,146.42721422585058,288.87717579172187,4.177307102708227,1261.8290593727202,-0.0,901.7284538806626,59.29669434341958,1219.2749999999999,15.764336106834566,99.02905389887486
2753,138.78625592949908,272.0124726525762,3.9024757281553395,1167.6561697619604,-0.0,813.7137194516856,50.136738703339894,1139.915,13.05603055088576,92.02013215553288
2754,112.00328197006093,236.28116698646323,3.2350638732754216,1010.2148582232215,-0.0,675.6137194516856,32.402750491159146,1019.365,8.47745568162316,78.21270974740686
2755,94.8903622002666,199.7808084976511,2.4950638732754213,844.0131126218793,-0.0,528.1137194516856,15.83870333988213,892.54,3.498833510518965,61.0217654269495
2756,70.88938585313282,167.60496648594471,1.8550638732754212,697.716269122678,-0.0,398.3501418532872,5.372888015717095,771.865,0.5713858571752066,42.79484637130728
2757,50.106698731717174,140.24530596230343,1.3450638732754214,570.4767787766882,-0.0,308.416500715738,0.39017681728880405,662.365,-0.0,26.754845593779656
2758,32.05267492774696,116.83254476038576,0.9050638732754216,459.163969254421,-0.0,209.91650071573795,-0.0,562.015,-0.0,13.231196968608788
2759,16.28865112377675,97.18549642500469,0.6050638732754215,371.0867341637837,-0.0,155.58285957818873,-0.0,472.53999999999996,-0.0,3.9435230786227784
2760,13.02097312286411,81.13083093424149,0.46506387327542165,302.053967112684,-0.0,122.9492184406395,-0.0,395.065,-0.0,-0.0
2761,11.146182894433283,66.73830901020999,0.4150638732754216,250.25677449321427,-0.0,104.6155773030903,-0.0,325.115,-0.0,-0.0
2762,10.063317847656993,53.71554780829233,0.4250638732754216,204.28626269746704,-0.0,72.51557730309031,-0.0,257.09000000000003,0.4593095666796998,-0.0
2763,9.799686376420095,41.2125473284885,0.4350638732754216,166.79887428227934,-0.0,68.88193616554108,-0.0,193.54000000000002,0.4593095666796998,-0.0
2764,4.5981736321374385,28.15740328195296,0.3950638732754216,124.29860075341765,-0.0,65.14829502799185,-0.0,128.715,-0.0,-0.0
2765,1.672439053885356,11.20606781310849,0.20506387327542167,59.00231873032243,-0.0,17.74829502799185,-0.0,51.49,-0.0,-0.0
2766,-0.0,-0.0,-0.0,-0.0,-0.0,-0.0,-0.0,-0.0,-0.0,-0.0
2767,-0.0,-0.0,-0.0,-0.0,-0.0,-0.0,-0.0,-0.0,-0.0,-0.0
2768,11.348061746283406,-0.0,-0.0,-0.0,-0.0,-0.0,-0.0,-0.0,2.345674509893488,-0.0
2769,30.42357010001644,-0.0,0.7999999999999998,-0.0,-0.0,-0.0,-0.0,54.43249999999989,6.5322278373305185,-0.0
2770,56.37738027676482,-0.0,0.34323198773633035,-0.0,-0.0,-0.0,-0.0,254.4324999999999,12.61025612069485,-0.0
2771,85.12858434599687,-0.0,1.1432319877363302,171.37885100047495,-0.0,74.648270482915,-0.0,454.4324999999999,18.497140220142533,-0.0
2772,112.72322456914196,51.77227259710865,1.94323198773633,394.5615272057381,-0.0,282.369810418043,-0.0,654.4324999999999,23.942704987928266,-0.0
2773,137.0916218523096,121.22579511876125,2.74323198773633,617.7442034110013,-0.0,484.9514920242882,-0.0,854.4324999999999,27.620778723441184,-0.0
2774,156.45837574628956,186.54405105674482,3.4157332652018395,791.870331581554,-0.0,641.276571532121,-0.0,1021.5049999999999,29.212135000618062,-0.0
2775,167.9094943817017,235.15213672961985,4.096159938681655,912.8316791006977,-0.0,742.1310393593735,-0.0,1122.2099999999998,28.665184030579297,-0.0
2776,166.54829246522243,255.1426714808111,4.315544200306592,951.681035644313,-0.0,764.0151371216488,6.588625537374554,1133.7924999999998,24.187612745946968,7.453084034483465
2777,152.32672069082574,244.67539540078377,4.097299437915177,895.3236456842658,-0.0,705.5146538904428,8.619646365422383,1056.3574999999998,21.11215928867202,11.429441649518381
2778,138.66142975037397,214.05221437737953,3.439887583035258,776.349142382752,-0.0,599.8146538904427,4.7842829076620745,940.6824999999999,11.879777055078552,10.006798563023672
2779,113.618350296225,182.41254391949442,2.639887583035258,647.3102135128682,-0.0,485.01465389044273,-0.0,819.2324999999998,2.5876559550137372,5.985790691764642
2780,91.41970970448509,152.74620348352803,1.989887583035258,530.3633016314516,-0.0,385.2146538904427,-0.0,706.3074999999999,2.213731854951284,2.9057891367094015
2781,72.03819958126938,126.64557591409826,1.4398875830352582,428.55994719319784,-0.0,301.5146538904427,-0.0,602.1075,3.9788113784705708,1.2618882521509143
2782,65.09611919995972,104.2904219333189,0.9998875830352583,344.8783714765257,-0.0,230.81465389044268,-0.0,509.4575,3.9788113784705708,-0.0
2783,50.732113636995514,87.1547893967672,0.7298875830352582,281.692804254087,-0.0,179.61465389044267,-0.0,431.8575,-0.0,-0.0
2784,39.628511010686466,72.95320471579272,0.5498875830352583,234.47257319639277,-0.0,143.31465389044268,-0.0,361.4075,-0.0,-0.0
2785,38.26776731193138,60.39209859059059,0.4798875830352582,196.22166980920957,-0.0,114.61465389044268,-0.0,296.3575,1.0983131902614378,-0.0
2786,37.21606102234902,48.695518876738035,0.4598875830352582,160.8312004846299,-0.0,91.71465389044268,-0.0,235.8075,-0.0,-0.0
2787,26.576083748054536,38.111322007503354,0.4698875830352582,125.73183755214271,-0.0,72.81465389044267,-0.0,177.10750000000002,-0.0,-0.0
2788,15.178798079875211,25.493316560577608,0.40988758303525813,90.61958950598154,-0.0,53.414653890442665,-0.0,115.45750000000002,-0.0,-0.0
2789,11.826325365832238,9.236976124611221,0.21988758303525818,37.30334995405383,-0.0,18.714653890442676,-0.0,42.707500000000024,1.4121880857030182,-0.0
2790,-0.0,-0.0,-0.0,-0.0,-0.0,-0.0,-0.0,-0.0,-0.0,-0.0
2791,-0.0,-0.0,-0.0,-0.0,-0.0,-0.0,-0.0,-0.0,-0.0,-0.0
2792,9.979482767130932,-0.0,-0.0,-0.0,-0.0,-0.0,-0.0,-0.0,-0.0,-0.0
2793,33.88004897752572,-0.0,0.6588553909044468,-0.0,-0.0,-0.0,-0.0,-0.0,2.4493066024299477,-0.0
2794,63.34179526493766,-0.0,1.4588553909044466,-0.0,-0.0,-0.0,-0.0,110.07499999999982,11.483784174720371,-0.0
2795,92.8035415523496,-0.0,1.4588553909044466,50.08133177871176,-0.0,-0.0,-0.0,310.0749999999998,19.415172903108505,-0.0
2796,122.26528783976154,17.77667298661592,1.3106693919264187,273.2640079839749,-0.0,25.014734428977192,-0.0,510.0749999999998,26.76438924051951,-0.0
2797,151.72703412717348,87.23019550826852,2.1106693919264186,496.4466841892381,-0.0,232.7362743641052,-0.0,704.4799999999998,32.27317350925379,-0.0
2798,177.2875128309173,156.68371802992112,2.1106693919264186,716.8370030543481,-0.0,418.24722348196855,-0.0,862.1799999999998,35.263311751434784,0.9195067729229471
2799,193.05355098192507,208.248644290234,2.876272355646398,858.9219504878223,-0.0,535.1018926555569,-0.0,956.9449999999999,35.313342462201305,20.218769154347015
2800,195.94643207713355,231.44234279473048,3.205656617271334,908.3543161655414,-0.0,572.1290258960153,-0.0,971.6674999999999,31.931932420710588,32.61078655971296
2801,184.77913948079126,222.88148748065444,2.9974118548799185,851.7009177112607,-0.0,534.4000000000001,-0.0,906.5149999999999,26.0464612579947,37.108311730585555
2802,165.05235217343028,196.33496650108765,2.43,737.4037250917909,-0.0,447.4000000000001,-0.0,804.5149999999999,18.78231171474848,34.610322807937884
2803,144.12276723186912,166.9869610541619,1.77,613.4678771312991,-0.0,352.00000000000006,-0.0,695.2399999999999,11.118114869660669,29.433717618665888
2804,124.4333784566746,139.64109917396786,1.19,503.64981638662243,-0.0,268.70000000000005,-0.0,596.7649999999999,5.483147091338363,23.419502478973364
2805,107.40668128759526,116.83142871608274,0.74,408.3753130851087,-0.0,201.40000000000003,-0.0,511.81499999999994,2.2017974699805514,16.972583034567332
2806,90.95324598272501,94.84414110281551,0.3400000000000001,321.926580010943,-0.0,141.40000000000003,-0.0,430.59,0.23017510359737514,9.547047323536987
2807,75.93576414817903,76.86352346762955,0.10000000000000009,252.1342894936143,-0.0,98.00000000000006,-0.0,361.065,-0.0,3.803524244914211
2808,62.99519837478458,61.39743224379316,0.010000000000000009,195.89844153312256,-0.0,69.40000000000003,-0.0,299.69,-0.0,0.2091835586735975
2809,50.968857056426515,47.96158029784294,-0.0,150.19725740788635,-0.0,49.80000000000001,-0.0,240.915,-0.0,-0.0
2810,39.36962796558664,36.06572835189273,0.050000000000000044,109.11785200423162,-0.0,36.70000000000002,-0.0,187.84,-0.0,-0.0
2811,28.528669859458876,24.695589272479104,-0.0,72.69089765164742,-0.0,27.200000000000017,-0.0,134.19,-0.0,-0.0
2812,18.295216313582618,14.35068450382974,0.07000000000000006,42.05596028753021,-0.0,18.0,-0.0,82.26499999999999,-0.0,-0.0
2813,7.286575721842707,2.277205468253566,-0.0,6.047703747135529,-0.0,-0.0,-0.0,23.514999999999993,-0.0,-0.0
2814,-0.0,-0.0,0.10011241696474188,-0.0,-0.0,-0.0,-0.0,-0.0,-0.0,-0.0
2815,-0.0,-0.0,-0.0,-0.0,-0.0,-0.0,-0.0,-0.0,-0.0,-0.0
2816,-0.0,-0.0,-0.0,-0.0,-0.0,-0.0,-0.0,-0.0,-0.0,-0.0
2817,0.4690639766614524,-0.0,0.7999999999999998,-0.0,-0.0,-0.0,-0.0,-0.0,-0.0,-0.0
2818,29.930810264073397,-0.0,0.7261727133367393,-0.0,-0.0,-0.0,-0.0,-0.0,-0.0,-0.0
2819,59.39255655148534,-0.0,0.7743408277976487,-0.0,-0.0,-0.0,-0.0,147.22250000000008,-0.0,-0.0
2820,88.85430283889728,-0.0,1.5304062340316822,118.4102932230418,-0.0,73.95793098422888,-0.0,347.2225000000001,7.21591538823446,-0.0
2821,118.31604912630922,32.7331851826513,2.330406234031682,341.59296942830497,-0.0,281.6794709193569,-0.0,547.2225000000001,16.109632655199896,-0.0
2822,147.10360592676182,102.1867077043039,3.130406234031682,564.7756456335682,-0.0,480.8474650975714,-0.0,747.2225000000001,23.414832179630462,-0.0
2823,166.37479699282378,159.54486638645164,2.635656617271334,738.3810042064262,-0.0,618.8734305292819,-0.0,880.5325,28.167705976626266,-0.0
2824,173.70905071922462,188.99315003658344,2.635656617271334,820.5083535355484,-0.0,680.2433173630533,-0.0,928.2175000000001,29.847435896331344,0.8149746392020525
2825,164.8980856849339,185.0439696677106,2.6474118548799184,788.7025040301971,-0.0,647.0999999999999,-0.0,876.7850000000001,26.76817019978167,0.8149746392020525
2826,146.05224272739417,160.16078864430636,2.18,685.8746390812383,-0.0,558.1999999999999,-0.0,781.5350000000001,20.379631566336467,3.105413274592749
2827,125.73572348367547,133.80111818642126,1.58,571.6298975128391,-0.0,457.49999999999994,-0.0,682.3850000000001,13.198376548661845,1.718870858594805
2828,107.580755329884,109.43405991679636,1.04,470.9900580465809,-0.0,366.79999999999995,-0.0,590.1850000000001,7.678070605563882,0.3143410750044282
2829,92.43906728130766,90.01580525774061,0.6400000000000001,387.06800579613764,-0.0,291.0,-0.0,506.31000000000006,4.026044654654761,-0.0
2830,78.51315477769494,73.49492847618082,0.31000000000000005,308.6241748241129,-0.0,220.99999999999997,-0.0,425.785,1.3422986959344811,-0.0
2831,66.56089647102463,59.399764561157625,0.09000000000000008,245.08034385208822,-0.0,166.39999999999998,-0.0,355.985,-0.0,-0.0
2832,55.94651681633314,48.4969834907523,-0.0,194.64939799373752,-0.0,125.49999999999997,-0.0,295.51,-0.0,-0.0
2833,46.36520285948409,39.057063820737184,-0.0,151.6353287548273,-0.0,92.89999999999998,-0.0,238.78499999999997,-0.0,-0.0
2834,36.89330040353508,30.50619697342123,0.08000000000000007,113.39457869219456,-0.0,65.49999999999997,-0.0,184.83499999999998,-0.0,-0.0
2835,27.11735141791032,21.966287237649954,0.18000000000000016,79.86671374323583,-0.0,41.29999999999998,-0.0,132.98499999999999,0.3063536354975138,-0.0
2836,17.400243675091637,13.117095335537183,-0.0,49.21307856692911,-0.0,21.599999999999994,-0.0,78.98499999999999,0.48609499424114944,-0.0
2837,7.022939765906299,2.6788605449690976,-0.0,9.450549782714887,-0.0,-0.0,-0.0,20.284999999999997,-0.0,-0.0
2838,-0.0,-0.0,-0.0,-0.0,-0.0,-0.0,-0.0,-0.0,-0.0,-0.0
2839,-0.0,-0.0,-0.0,-0.0,-0.0,-0.0,-0.0,-0.0,-0.0,-0.0
2840,-0.0,-0.0,0.7999999999999998,-0.0,-0.0,-0.0,-0.0,-0.0,-0.0,-0.0
2841,9.618016178142039,-0.0,0.5885360245273372,-0.0,-0.0,-0.0,-0.0,-0.0,-0.0,-0.0
2842,39.07976246555398,-0.0,0.610710270822687,-0.0,-0.0,-0.0,-0.0,-0.0,-0.0,-0.0
2843,68.54150875296592,-0.0,1.4107102708226869,-0.0,-0.0,-0.0,-0.0,108.98250000000007,-0.0,-0.0
2844,98.00325504037787,-0.0,2.2107102708226867,189.7361559181558,-0.0,-0.0,-0.0,308.9825000000001,-0.0,-0.0
2845,127.4650013277898,48.43256484106031,2.3668829841594263,412.91883212341895,-0.0,205.19770465177163,-0.0,508.9825000000001,-0.0,-0.0
2846,156.92674761520175,117.88608736271291,2.3668829841594263,636.1015083286821,-0.0,412.91924458689965,-0.0,708.9825000000001,9.06063402606113,-0.0
2847,178.32960125276108,179.38172114086007,3.166882984159426,823.4515630643466,-0.0,587.316667353801,-0.0,863.33,18.113027576309214,-0.0
2848,186.88747686312328,211.93764615560474,3.8745043433827266,910.5009192383193,-0.0,677.857971253496,-0.0,924.8050000000001,23.56685916099783,-0.0
2849,181.39547915855806,213.39769915303145,3.074504343382727,893.4144560295215,-0.0,675.1860709563663,-0.0,890.8025,25.458222492157866,-0.0
2850,165.49175754903953,191.95375149592675,2.274504343382727,803.8154422173027,-0.0,606.5860709563663,-0.0,807.2775,23.118367435427444,1.9566067443272388
2851,146.70178027474506,167.5509902940091,1.804504343382727,692.390658177736,-0.0,518.1860709563663,-0.0,711.5275,19.027290559094993,1.0569826064438885
2852,129.36488693929905,144.2056069695874,1.097652018395503,583.2401039108212,-0.0,432.6860709563663,-0.0,619.4275,14.892322780772686,-0.0
2853,113.61549816410454,122.53403222285675,0.6976520183955032,485.48954964390646,-0.0,355.0860709563663,-0.0,534.3275,10.715907739664582,-0.0
2854,98.73534296444942,102.10674460958951,0.3876520183955031,392.8776507180137,-0.0,281.68607095636634,-0.0,451.0275,7.027321804377783,-0.0
2855,86.31345874950641,84.10160056305398,0.1976520183955032,310.0568581842134,-0.0,222.38607095636632,-0.0,379.1525,4.2021758847133,-0.0
2856,75.84426614067856,69.29264793882739,0.10765201839550312,247.23207414464667,-0.0,176.6860709563663,-0.0,315.85249999999996,2.162415431666064,-0.0
2857,66.53122316854163,56.953934592486966,0.10765201839550312,197.21219220722094,-0.0,140.5860709563663,-0.0,257.9525,0.8836513550370899,-0.0
2858,57.15240465144108,45.3590298238376,0.14765201839550315,151.4407698150992,-0.0,109.18607095636632,-0.0,202.15249999999997,-0.0,-0.0
2859,47.03223121077995,34.93531151037526,0.21765201839550322,114.570258019352,-0.0,83.38607095636634,-0.0,148.85249999999996,-0.0,-0.0
2860,36.38339445267338,24.618971074408872,0.24765201839550324,83.7659929847238,-0.0,59.286070956366345,-0.0,94.85249999999998,0.12139943453363555,-0.0
2861,22.00935240769715,9.537396327678234,0.11765201839550335,33.82706411484011,-0.0,21.386070956366336,-0.0,33.45249999999998,0.05226800919611163,-0.0
2862,8.925361730510321,-0.0,-0.0,-0.0,-0.0,-0.0,-0.0,-0.0,-0.0,-0.0
2863,6.570803832733105,-0.0,0.2197445068983136,-0.0,-0.0,-0.0,-0.0,-0.0,-0.0,-0.0
2864,16.1556427657277,-0.0,0.8305314256515072,-0.0,-0.0,-0.0,-0.0,-0.0,-0.0,-0.0
2865,36.88791241636851,-0.0,0.344716402657128,-0.0,-0.0,-0.0,-0.0,-0.0,-0.0,-0.0
2866,63.257437147775065,-0.0,0.020304036791006452,-0.0,-0.0,-0.0,-0.0,-0.0,-0.0,-0.0
2867,92.719183435187,-0.0,0.8203040367910063,-0.0,-0.0,-0.0,-0.0,115.22749999999996,-0.0,-0.0
2868,122.18092972259895,-0.0,1.6203040367910062,55.494363049212694,-0.0,4.857769907160332,-0.0,315.22749999999996,5.76753617259908,-0.0
2869,150.65985504793537,31.822953478842336,1.6203040367910062,278.67703925447586,-0.0,212.57930984228835,-0.0,515.2275,14.811095795165908,-0.0
2870,172.38082712966428,101.27647600049494,1.8288988247317328,491.142491368426,-0.0,400.618841894228,-0.0,711.965,20.66322776364703,-0.0
2871,185.3307807405951,151.63274265286557,2.4961522738886055,639.1648306813647,-0.0,530.0877219963202,-0.0,840.23,23.81091111814544,-0.0
2872,187.92013917926565,177.11526300208078,2.7785973428717425,706.7841902484103,-0.0,586.9719002971297,-0.0,881.47,23.918970887363116,-0.0
2873,176.8187659224382,173.15184864052955,2.6274118548799184,671.6807297928152,-0.0,557.7,-0.0,829.9125,20.683163147897172,-0.0
2874,156.42753975266817,150.59459989306043,2.09,568.150694530839,-0.0,472.8,-0.0,737.4375,15.106748106789066,-0.0
2875,133.9711984343101,125.46610595611851,1.49,459.2255613710039,-0.0,380.3,-0.0,640.1375,9.210783952048498,-0.0
2876,113.2583151465278,101.56809057494894,0.9299999999999999,362.2746579838207,-0.0,298.1,-0.0,546.1375,5.051379781685611,-0.0
2877,94.64523569237885,80.0791280164785,0.54,284.94952482398554,-0.0,230.60000000000002,-0.0,464.3125,2.5383101525166403,-0.0
2878,76.96926846574807,59.94921828070723,0.22999999999999998,210.42348106777584,-0.0,167.3,-0.0,385.6875,0.6301278017557834,-0.0
2879,61.61406766357791,43.74359567839936,0.050000000000000044,146.42320753891414,-0.0,116.4,-0.0,319.4625,-0.0,-0.0
2880,48.04521266446533,30.955350953587445,-0.0,99.48827017479695,-0.0,79.4,-0.0,262.3125,-0.0,-0.0
2881,36.564824816431525,21.42043625069425,-0.0,62.718668975424265,-0.0,52.20000000000002,-0.0,208.93750000000003,-0.0,-0.0
2882,26.04137127055526,13.158373013947447,0.07000000000000006,35.232191156611066,-0.0,30.200000000000017,-0.0,156.31250000000003,-0.0,-0.0
2883,16.76773979931836,7.41487410988362,-0.0,15.44662393417238,-0.0,15.0,-0.0,107.08750000000002,-0.0,-0.0
2884,8.988547190490511,3.2539873940800064,-0.0,5.74908219443418,-0.0,6.599999999999994,-0.0,59.86250000000001,-0.0,-0.0
2885,2.091101837956557,-0.0,0.09000000000000008,-0.0,-0.0,-0.0,-0.0,10.162500000000001,-0.0,-0.0
2886,-0.0,-0.0,0.09000000000000008,-0.0,-0.0,-0.0,-0.0,-0.0,2.747267665286736,-0.0
2887,7.565271305338658,-0.0,-0.0,-0.0,-0.0,-0.0,-0.0,-0.0,8.678689376326643,-0.0
2888,29.925084476946918,-0.0,0.7999999999999998,-0.0,-0.0,-0.0,-0.0,-0.0,16.61536061553297,-0.0
2889,59.38683076435886,-0.0,0.6455952989269285,-0.0,-0.0,-0.0,-0.0,-0.0,25.8497104271398,-0.0
2890,88.8485770517708,-0.0,0.7403576903423601,-0.0,-0.0,-0.0,-0.0,-0.0,35.141831527204616,-0.0
2891,118.31032333918274,-0.0,0.9048799182422065,101.07646636462303,-0.0,-0.0,-0.0,164.59249999999997,44.3138592054228,-0.0
2892,147.77206962659469,9.167382994822503,1.0949310168625435,324.2591425698862,-0.0,199.56187324960547,-0.0,364.5925,53.14971254232784,-0.0
2893,177.23381591400664,78.6209055164751,1.2514563106796102,547.4418187751494,-0.0,407.2834131847335,-0.0,564.5925,61.752191192133694,-0.0
2894,206.6955622014186,148.0744280381277,1.2514563106796102,770.6244949804126,-0.0,615.0049531198615,-0.0,764.5925,68.99126517389114,-0.0
2895,228.04572241503442,207.46619016355493,2.05145631067961,932.1802579243097,-0.0,755.316667353801,-0.0,905.0975000000001,73.95027963186486,-0.0
2896,235.69397029929556,235.79909310279666,2.76754726622381,995.7217550893781,-0.0,805.8865541875723,8.746203184284006,957.1175000000001,74.33696880051852,-0.0
2897,228.52913666068974,232.4804111581838,2.1647112927950944,954.5617539675642,-0.0,764.7146538904426,14.341060903732803,914.7600000000001,70.02231402318571,-0.0
2898,210.2486404333683,207.22439853712086,1.8898875830352582,843.5759743892879,-0.0,669.0146538904426,9.522200392927303,827.4350000000001,62.15591004810181,0.032836071482581275
2899,189.4343839810194,178.4709493042762,1.4198875830352582,712.8822117994787,-0.0,560.3146538904426,3.263850687622792,728.485,52.863788948037,1.3610105926057123
2900,169.24822058802198,150.42249510430958,0.9598875830352582,587.1240236412995,-0.0,460.41465389044265,-0.0,633.535,44.79484673006584,0.8089336318688503
2901,151.30553346660633,125.07070094818042,0.5898875830352581,476.21919713056525,-0.0,375.3146538904426,-0.0,549.635,39.16486083383484,0.13396365783253472
2902,135.13420126875127,102.42794968050659,0.30988758303525804,380.90239610253144,-0.0,299.61465389044264,-0.0,471.73499999999996,35.18849309456833,-0.0
2903,121.18383166172347,84.9261455901336,0.14988758303525812,303.6082843924537,-0.0,239.81465389044263,-0.0,401.85999999999996,32.92673988868458,-0.0
2904,109.29519106998356,70.6814800993704,0.08988758303525807,247.51508327875044,-0.0,194.71465389044263,-0.0,339.585,32.33571031419372,-0.0
2905,98.28000850881942,58.83276675302997,0.07988758303525806,201.1050055456067,-0.0,159.71465389044263,-0.0,280.28499999999997,32.122735288707936,-0.0
2906,87.45655496294316,48.31381412880337,0.1298875830352581,166.599829914604,-0.0,132.61465389044264,-0.0,222.76,32.73414935342114,-0.0
2907,76.44290525070025,38.0503350932272,0.19988758303525817,133.81244149941628,-0.0,109.81465389044267,-0.0,167.56,33.6894543201242,-0.0
2908,64.6859754332422,27.338521068610383,0.21988758303525818,100.82106157846209,-0.0,85.11465389044265,-0.0,111.25999999999999,34.53742836921508,-0.0
2909,49.40749452585692,11.805999144578887,0.09988758303525808,45.68122211220387,-0.0,38.61465389044268,-0.0,42.134999999999984,32.99273333591813,-0.0
2910,35.864572467582406,-0.0,-0.0,-0.0,-0.0,-0.0,-0.0,-0.0,30.874723577420426,-0.0
2911,32.173066195672575,-0.0,0.17562595809913129,-0.0,-0.0,-0.0,-0.0,-0.0,29.903410609874932,-0.0
2912,38.52792882315828,-0.0,0.17562595809913129,-0.0,-0.0,-0.0,-0.0,-0.0,30.106447600348368,-0.0
2913,54.95620613376717,-0.0,-0.0,-0.0,-0.0,-0.0,-0.0,-0.0,31.607371723628404,-0.0
2914,77.77968543873948,-0.0,0.7999999999999998,34.4992095653557,-0.0,79.92033597991917,-0.0,174.42750000000012,34.22999554023035,-0.0
2915,103.02869127984147,-0.0,1.4366709248850285,251.03903080388739,-0.0,262.94477117947736,-0.0,374.4275000000001,36.60845306911479,-0.0
2916,128.18328875368712,46.72449407612727,2.2366709248850283,466.70131624273534,-0.0,442.65491491199737,-0.0,574.4275000000001,38.76290715086478,-0.0
2917,150.99048453036144,116.17801659777987,3.036670924885028,660.5899390266532,-0.0,603.622466128273,-0.0,774.4275000000001,40.689517178928924,-0.0
2918,166.9547880223725,174.44829787076273,3.836670924885028,805.5777572315377,-0.0,725.0619981802126,-0.0,941.7975000000001,40.80986063502456,-0.0
2919,174.892063565789,212.43197383769888,4.390158405723045,883.808324185995,-0.0,787.1023356174957,12.47374749564731,1038.8475,39.44101336552548,9.780446769349064
2920,171.27063498779034,224.15765485223386,4.570720490546755,879.5227977879736,-0.0,776.557971253496,20.880780787427405,1051.72,35.59246258725257,21.54453958039663
2921,155.78840463484642,209.66700988448972,4.294711292795094,791.0249376750564,-0.0,692.4146538904427,19.196660117878174,978.5625000000001,28.468967647490103,24.7600069977486
2922,130.44425421058256,178.4640780732155,3.6698875830352584,654.1556855959523,-0.0,564.7146538904426,10.84793713163063,868.3375000000001,23.957973509608404,21.357112429393904
2923,104.00211910625485,144.66227398284252,2.8798875830352584,515.5713780901565,-0.0,433.8146538904426,2.712573673870324,753.1375,14.66585240954359,14.885412885828934
2924,79.84076866739377,114.68522564746145,2.179887583035258,394.85821944762085,-0.0,321.7146538904426,-0.0,645.2875,6.408986482067949,8.546543582289374
2925,59.65212807565387,88.4129330670723,1.6398875830352582,290.7370777935522,-0.0,232.2146538904426,-0.0,550.8625000000001,6.408986482067949,3.6470453797179303
2926,44.80449418984306,66.14920481936613,1.1498875830352582,201.21194463371705,-0.0,158.2146538904426,-0.0,464.08750000000003,2.0252405233476694,-0.0
2927,29.995301581015212,49.22999304876569,0.8198875830352581,137.00950079183787,-0.0,105.71465389044262,-0.0,390.71250000000003,-0.0,-0.0
2928,18.378230320208562,37.42958488873441,0.6398875830352582,99.32575476214816,-0.0,72.91465389044261,-0.0,326.7875,-0.0,-0.0
2929,18.00308424105645,28.786315328312924,0.5598875830352581,77.273591658322,-0.0,52.614653890442625,-0.0,266.6375,-0.0,-0.0
2930,8.77986334355888,21.546375789810156,0.509887583035258,63.66988809979986,-0.0,41.41465389044264,-0.0,209.3625,-0.0,-0.0
2931,8.77986334355888,15.719766273226114,0.489887583035258,53.48397175709272,-0.0,37.91465389044264,-0.0,155.4375,-0.0,-0.0
2932,10.15473550541278,10.334343211829093,0.43988758303525793,41.45050646545607,-0.0,35.31465389044264,-0.0,101.8375,-0.0,-0.0
2933,-0.0,1.794154461196328,0.22988758303525797,15.504156060145448,-0.0,13.314653890442642,-0.0,38.48750000000001,-0.0,-0.0
2934,-0.0,-0.0,-0.0,-0.0,-0.0,-0.0,-0.0,-0.0,-0.0,-0.0
2935,-0.0,-0.0,0.14044966785896773,-0.0,-0.0,-0.0,-0.0,-0.0,-0.0,-0.0
2936,-0.0,-0.0,-0.0,-0.0,-0.0,-0.0,-0.0,-0.0,0.365596560720574,-0.0
2937,8.083112377444035,-0.0,0.7767731221257026,-0.0,-0.0,-0.0,-0.0,-0.0,6.952312996415111,-0.0
2938,37.54485866485598,-0.0,0.7767731221257026,-0.0,-0.0,-0.0,-0.0,67.15999999999985,14.42939476068494,-0.0
2939,67.00660495226792,-0.0,1.5767731221257024,-0.0,-0.0,-0.0,-0.0,267.15999999999985,21.630895243208386,-0.0
2940,96.46835123967986,-0.0,1.9323428717424642,68.3639359594728,-0.0,111.62592928524938,-0.0,467.15999999999985,28.015723196209557,-0.0
2941,124.15127542528174,5.705237990501402,2.732342871742464,291.54661216473596,-0.0,311.2078122378304,-0.0,667.1599999999999,33.656677921007834,-0.0
2942,145.58289800044213,75.158760512154,3.5297010730710277,484.8259742351904,-0.0,468.2045101579227,-0.0,840.1225,36.90011163258408,-0.0
2943,156.69938913133814,121.59234630773481,4.070247828308636,606.6087476107326,-0.0,564.6305561281675,-0.0,944.8525,37.63768208904332,-0.0
2944,154.36744965794634,139.31285879293944,4.070247828308636,639.7965242519147,-0.0,587.5576088300916,-0.0,963.8199999999999,36.09876396206185,-0.0
2945,141.78166540223188,129.6823828002138,3.7780045988758304,588.2354821501965,-0.0,535.8000000000001,-0.0,893.3874999999999,31.41314904412818,-0.0
2946,121.7258589267042,104.19888389614995,3.1031808891159938,471.3707830529649,-0.0,432.30000000000007,0.055795677799608256,784.9124999999999,24.161123093219057,-0.0
2947,100.51418911913387,76.78371004688293,2.303180889115994,343.2327647794557,-0.0,320.70000000000005,-0.0,672.9875,16.243213487483562,-0.0
2948,82.47695817397259,54.82066983010379,1.6231808891159938,238.28277198864694,-0.0,221.40000000000003,-0.0,567.5625,10.169194783737922,-0.0
2949,67.73377375848705,37.152624646202725,1.1431808891159938,154.19902595895726,-0.0,143.50000000000003,-0.0,479.61250000000007,5.5976197191963415,-0.0
2950,54.884439706310594,22.73029232883826,0.733180889115994,90.42417353717508,-0.0,79.00000000000003,-0.0,401.9125000000001,2.0602083016699773,-0.0
2951,45.30261021438564,13.235337888969745,0.503180889115994,42.9235508880449,-0.0,32.80000000000001,-0.0,336.1625000000001,0.10085143314868361,-0.0
2952,38.05021046436673,8.65728277082485,0.4031808891159939,19.241626051104248,-0.0,8.600000000000023,-0.0,278.56250000000006,-0.0,-0.0
2953,32.296081699059926,6.484222685558038,0.3831808891159939,8.504169253701122,-0.0,-0.0,-0.0,227.51250000000005,-0.0,-0.0
2954,26.806373555156167,6.507114744713988,0.3831808891159939,11.802286887927977,-0.0,-0.0,-0.0,182.33750000000003,-0.0,-0.0
2955,21.586665411252408,6.376198226178879,0.3831808891159939,14.839970459551353,-0.0,6.700000000000017,-0.0,136.88750000000002,-0.0,-0.0
2956,16.21446182760015,6.050994574180365,0.3731808891159939,22.12611357647873,-0.0,10.200000000000017,-0.0,88.2125,-0.0,-0.0
2957,7.775912440890316,1.0895994998729108,0.20318088911599397,5.930043909221126,-0.0,-0.0,-0.0,28.8125,-0.0,-0.0
2958,-0.0,-0.0,-0.0,-0.0,-0.0,-0.0,-0.0,-0.0,-0.0,-0.0
2959,-0.0,-0.0,0.0653934593765968,-0.0,-0.0,-0.0,-0.0,-0.0,-0.0,-0.0
2960,-0.0,-0.0,0.40077158916709243,-0.0,-0.0,-0.0,-0.0,-0.0,-0.0,-0.0
2961,-0.0,-0.0,-0.0,-0.0,-0.0,-0.0,-0.0,-0.0,-0.0,-0.0
2962,14.115398129977066,-0.0,-0.0,-0.0,-0.0,-0.0,-0.0,111.08749999999998,-0.0,-0.0
2963,42.16326499229143,-0.0,0.7999999999999998,-0.0,-0.0,-0.0,-0.0,311.0875,0.5195900723100699,-0.0
2964,70.96363773067264,-0.0,1.5999999999999996,-0.0,-0.0,168.21992916444162,-0.0,511.0875,8.676243029174488,-0.0
2965,97.81152411844717,-0.0,2.3999999999999995,223.18267620526316,-0.0,168.21992916444162,-0.0,711.0875,13.819522880958273,-0.0
2966,119.18229194869369,45.81164993757931,3.1999999999999993,240.94623911301443,-0.0,271.64621675028945,-0.0,862.4575,17.16741849524879,-0.0
2967,132.18400062060607,90.76266994744292,3.679609095554419,361.3542006185247,-0.0,343.34436436399983,-0.0,941.3575,18.864304720169635,-0.0
2968,135.25807015435888,112.09165350598973,3.5594225855901893,402.3632885000068,-0.0,371.3860306870993,-0.0,931.0675,18.82484524063817,-0.0
2969,126.16130014670028,108.57087988267256,3.327179356157384,378.5659767317509,-0.0,338.3000000000001,-0.0,860.38,17.377802851073113,-0.0
2970,108.7818759562422,88.98169704362641,2.7123556463975476,297.18986459332575,-0.0,267.5000000000001,-0.0,762.98,12.989075010261537,-0.0
2971,90.83254190406574,68.89792905894492,1.9923556463975474,217.51067154550861,-0.0,190.90000000000006,-0.0,663.28,7.995459891041843,-0.0
2972,75.01898339685289,51.75773037406832,1.3923556463975473,148.11859338401752,-0.0,126.90000000000006,-0.0,570.355,3.7335647796333085,-0.0
2973,61.603695874352155,37.80372311150066,0.9323556463975473,95.18694928512988,-0.0,78.20000000000005,-0.0,488.48,0.9472805780257865,-0.0
2974,49.105716745736274,25.072337971437044,0.5423556463975474,48.393960527264255,-0.0,37.700000000000045,-0.0,410.605,-0.0,-0.0
2975,39.25504601100524,15.271192109259594,0.24235564639754736,13.922750490980121,-0.0,11.100000000000023,-0.0,340.38,-0.0,-0.0
2976,31.53264626098633,9.143615546887034,0.10235564639754745,-0.0,-0.0,0.5,-0.0,280.98,-0.0,-0.0
2977,25.212171692621954,6.097703995473843,0.0523556463975474,-0.0,-0.0,-0.0,-0.0,227.20500000000004,-0.0,-0.0
2978,20.213622305912118,4.851313888288303,0.032355646397547386,-0.0,-0.0,-0.0,-0.0,177.63000000000002,-0.0,-0.0
2979,15.175072919202282,3.7927802143710707,0.06235564639754741,-0.0,-0.0,-0.0,-0.0,127.63000000000002,-0.0,-0.0
2980,10.096523532492448,2.4782943960310675,0.06235564639754741,-0.0,-0.0,3.299999999999983,-0.0,79.305,-0.0,-0.0
2981,4.4070115549553455,-0.0,0.012355646397547368,-0.0,-0.0,-0.0,-0.0,29.205000000000002,-0.0,-0.0
2982,-0.0,-0.0,-0.0,-0.0,-0.0,-0.0,-0.0,-0.0,-0.0,-0.0
2983,-0.0,-0.0,0.10610628513030146,-0.0,-0.0,-0.0,-0.0,-0.0,-0.0,-0.0
2984,5.197906810324653,-0.0,0.39761369443025013,-0.0,-0.0,-0.0,-0.0,-0.0,-0.0,-0.0
2985,19.51723669711567,-0.0,-0.0,-0.0,-0.0,-0.0,-0.0,-0.0,-0.0,-0.0
2986,38.865917971026,-0.0,0.7999999999999998,-0.0,-0.0,-0.0,-0.0,-0.0,-0.0,-0.0
2987,58.050851274055574,-0.0,1.4972125702606032,-0.0,-0.0,-0.0,-0.0,53.84749999999997,-0.0,-0.0
2988,76.17398911800674,-0.0,0.7858763413387839,-0.0,-0.0,-0.0,-0.0,253.84749999999997,-0.0,-0.0
2989,92.72127453688543,7.001681899587616,1.4544276954522226,24.023946136586943,-0.0,-0.0,-0.0,453.84749999999997,-0.0,-0.0
2990,106.92476425275068,49.44437205965653,2.0195733265201836,203.2408053645619,-0.0,157.64718321270124,-0.0,653.8475,-0.0,-0.0
2991,115.6680733489022,81.12902006627843,2.4124910577414407,311.04932987323673,-0.0,322.4733499907476,-0.0,782.765,-0.0,-0.0
2992,115.77315615497072,97.54353473034578,2.579535002554931,370.956135831232,-0.0,410.7290258960151,-0.0,816.4525,3.8458253017615256,-0.0
2993,108.98865047608221,96.56708036804811,2.5,364.59998908111106,-0.0,411.69999999999993,-0.0,774.3625,5.779442358970094,-0.0
2994,95.82316678721483,81.06284376183811,2.08,301.4784983067739,-0.0,355.59999999999997,-0.0,697.3874999999999,4.429718141740253,-0.0
2995,81.6971128402535,63.37979361081512,1.5599999999999998,229.0450330151372,-0.0,288.59999999999997,-0.0,609.1374999999999,1.8994957363012794,-0.0
2996,68.35221765048608,48.054121337288095,1.0899999999999999,165.63824854722304,-0.0,228.7,-0.0,526.6624999999999,0.2887751426531757,-0.0
2997,56.68290183931563,36.0160662191432,0.71,113.23146407930889,-0.0,181.2,-0.0,451.91249999999997,-0.0,-0.0
2998,46.13262343731792,25.240154667730003,0.3699999999999999,68.90689239557975,-0.0,135.5,-0.0,376.8375,-0.0,-0.0
2999,37.402148868953546,17.384482394202976,0.1399999999999999,36.4169845471061,-0.0,99.4,-0.0,312.6875,-0.0,-0.0
3000,30.14686134645282,12.085001542984884,0.010000000000000009,17.935970306539957,-0.0,72.4,-0.0,253.9875,-0.0,-0.0
3001,23.385798278988474,8.262190669848074,-0.0,6.624283736484813,-0.0,52.20000000000002,-0.0,201.4625,-0.0,-0.0
3002,17.902613863502932,5.180097630369779,0.030000000000000027,3.694809950614655,-0.0,35.900000000000006,-0.0,150.9125,-0.0,-0.0
3003,12.439429448017393,2.492052446468719,-0.0,-0.0,-0.0,20.80000000000001,-0.0,103.11249999999998,-0.0,-0.0
3004,7.2474037897257775,1.3213851400636187,-0.0,-0.0,-0.0,9.699999999999989,-0.0,54.9875,-0.0,-0.0
3005,1.5346117069735508,-0.0,-0.0,-0.0,-0.0,-0.0,-0.0,7.637500000000003,-0.0,-0.0
3006,-0.0,-0.0,0.15905467552376087,-0.0,-0.0,-0.0,-0.0,-0.0,-0.0,-0.0
3007,-0.0,-0.0,0.6170362800204392,-0.0,-0.0,-0.0,-0.0,-0.0,-0.0,-0.0
3008,-0.0,-0.0,0.6170362800204392,-0.0,-0.0,-0.0,-0.0,-0.0,-0.0,-0.0
3009,-0.0,-0.0,0.2849872253449153,-0.0,-0.0,-0.0,-0.0,-0.0,-0.0,-0.0
3010,-0.0,-0.0,0.17881195707715825,-0.0,-0.0,-0.0,-0.0,-0.0,-0.0,-0.0
3011,-0.0,-0.0,0.9788119570771581,-0.0,-0.0,-0.0,-0.0,-0.0,-0.0,-0.0
3012,19.428833757625338,-0.0,1.0231016862544697,-0.0,-0.0,-0.0,-0.0,178.77999999999986,-0.0,-0.0
3013,48.89058004503728,-0.0,1.8231016862544696,-0.0,-0.0,-0.0,-0.0,378.77999999999986,-0.0,-0.0
3014,78.35232633244922,-0.0,1.8285973428717428,-0.0,-0.0,163.0316836676482,-0.0,578.7799999999999,-0.0,-0.0
3015,102.17577862499878,38.91672919091136,2.6285973428717426,188.40147492966457,-0.0,299.0725848746715,-0.0,733.3049999999998,6.156953252527637,-0.0
3016,114.3972448730897,77.38846303793845,1.8285973428717428,302.51718235503915,-0.0,346.92882454967935,-0.0,798.0074999999998,11.735996214771912,-0.0
3017,112.53020680178885,85.70931594136297,2.0048237097598367,321.0592147818119,-0.0,336.0,-0.0,768.8774999999998,13.296926248131246,-0.0
3018,101.14673608165504,74.48710109257004,1.74,267.6666893906705,-0.0,283.29999999999995,-0.0,694.6774999999999,11.525351183589663,-0.0
3019,87.03372959153013,58.86810873136812,1.3,199.3571731336328,-0.0,209.99999999999997,-0.0,610.1774999999999,7.878165209247065,-0.0
3020,72.57072310140524,43.76530779247514,0.8500000000000001,130.91299304133963,-0.0,138.49999999999994,-0.0,528.7774999999999,4.082201054506495,-0.0
3021,59.75272573178334,29.742506853582164,0.5,73.29059167062795,-0.0,79.19999999999996,-0.0,454.55249999999995,1.6301278017557834,-0.0
3022,48.61608328572204,18.14255738083557,0.20999999999999996,26.925543453127773,-0.0,31.599999999999966,-0.0,379.7775,-0.0,-0.0
3023,39.657711824372846,11.615220096349184,0.040000000000000036,1.5840951499581308,-0.0,6.299999999999983,-0.0,316.22749999999996,-0.0,-0.0
3024,32.44837777219639,8.203595678399388,-0.0,-0.0,-0.0,-0.0,-0.0,262.0025,-0.0,-0.0
3025,26.637118538365385,7.080306249490235,0.040000000000000036,-0.0,-0.0,-0.0,-0.0,213.9525,-0.0,-0.0
3026,21.62316769841923,5.79130395404448,0.1100000000000001,-0.0,-0.0,-0.0,-0.0,170.4775,-0.0,-0.0
3027,17.11479623707004,5.229918813980859,0.20000000000000018,2.3464115783347665,-0.0,4.199999999999989,-0.0,130.2525,-0.0,-0.0
3028,12.044891926799622,4.362102973722131,0.18471129279509466,9.58409514995813,-0.0,11.5,-0.0,85.8025,-0.0,-0.0
3029,5.032492176780711,-0.0,0.07471129279509456,-0.0,-0.0,-0.0,-0.0,31.152499999999996,-0.0,-0.0
3030,-0.0,-0.0,-0.0,-0.0,-0.0,-0.0,-0.0,-0.0,-0.0,-0.0
3031,-0.0,-0.0,0.19339039345937659,-0.0,-0.0,-0.0,-0.0,-0.0,-0.0,-0.0
3032,-0.0,-0.0,-0.0,-0.0,-0.0,-0.0,-0.0,-0.0,-0.0,-0.0
3033,25.556360043862124,-0.0,-0.0,-0.0,-0.0,-0.0,-0.0,-0.0,-0.0,-0.0
3034,55.01810633127407,-0.0,-0.0,-0.0,-0.0,-0.0,-0.0,24.230000000000018,4.2989144514962305,-0.0
3035,84.47985261868601,-0.0,0.7999999999999998,-0.0,-0.0,-0.0,-0.0,224.23000000000002,13.591035551561045,-0.0
3036,113.94159890609795,-0.0,1.5999999999999996,73.5206063994581,-0.0,106.94315628598474,-0.0,424.23,22.88315665162586,-0.0
3037,143.4033451935099,36.368480152736794,1.657945835462443,296.70328260472127,-0.0,314.66469622111276,-0.0,624.23,31.709740580581133,-0.0
3038,166.68558441172038,105.66400875871318,2.457945835462443,502.10465188966884,-0.0,491.8043490808539,-0.0,806.87,37.34476707463385,-0.0
3039,177.13614341558065,152.1264382834189,3.039317833418498,631.3691844388447,-0.0,598.5019329248239,-0.0,916.9075,39.08992616064595,-0.0
3040,170.86178268819614,168.99737618361084,3.1005927439959122,666.6579923037582,-0.0,626.2719002971296,-0.0,939.49,37.80600750432262,-0.0
3041,155.9739799475406,157.6779886644079,2.81,607.8318455358364,-0.0,577.4,-0.0,876.7325,33.21032699019136,-0.0
3042,136.39899355274312,132.71116967266917,2.29,506.3622443364636,-0.0,485.0,-0.0,775.8325,26.00473018415935,-0.0
3043,115.64094146010319,106.227441424963,1.6600000000000001,397.26778350611744,-0.0,391.6,-0.0,666.1324999999999,18.32836244489284,-0.0
3044,97.3990572451602,83.35251678782598,1.12,299.84755244842324,-0.0,309.1,-0.0,566.4575,12.25927832139691,-0.0
3045,81.63121955989293,64.47020433894917,0.7100000000000002,222.77578093603302,-0.0,238.4,-0.0,478.08250000000004,7.141416017503008,-0.0
3046,66.81049410214385,47.895509045454496,0.3500000000000001,154.7782391962948,-0.0,174.3,-0.0,398.1575,3.2503864430121503,-0.0
3047,53.74495569025842,35.55295731869151,0.1200000000000001,104.7371400133936,-0.0,125.30000000000001,-0.0,329.13250000000005,0.5544695901131753,-0.0
3048,42.49037986920027,25.188740580969167,0.030000000000000027,68.85248338732939,-0.0,87.5,-0.0,267.5325,-0.0,-0.0
3049,32.74407503285423,17.398093143051717,-0.0,39.762924659124195,-0.0,53.900000000000006,-0.0,212.1825,-0.0,-0.0
3050,24.113545741471814,10.695302138402567,0.020000000000000018,19.65648931147848,-0.0,26.5,-0.0,161.98250000000002,-0.0,-0.0
3051,16.86437137364998,5.843936866826603,0.07000000000000006,7.063849673881293,-0.0,10.899999999999977,-0.0,112.83250000000001,-0.0,-0.0
3052,10.017318353849344,2.7951837835108506,0.1200000000000001,4.077022734799641,-0.0,4.499999999999972,-0.0,63.2075,-0.0,-0.0
3053,2.79391953099113,-0.0,-0.0,-0.0,-0.0,-0.0,-0.0,12.957500000000003,-0.0,-0.0
3054,-0.0,-0.0,-0.0,-0.0,-0.0,-0.0,-0.0,-0.0,-0.0,-0.0
3055,-0.0,-0.0,-0.0,-0.0,-0.0,-0.0,-0.0,-0.0,-0.0,-0.0
3056,-0.0,-0.0,0.7999999999999998,-0.0,-0.0,-0.0,-0.0,-0.0,-0.0,-0.0
3057,-0.0,-0.0,0.5567731221257024,-0.0,-0.0,-0.0,-0.0,-0.0,-0.0,-0.0
3058,-0.0,-0.0,1.3567731221257022,-0.0,-0.0,-0.0,-0.0,-0.0,-0.0,-0.0
3059,1.4285349184986913,-0.0,1.411768012263668,-0.0,-0.0,-0.0,-0.0,-0.0,-0.0,-0.0
3060,30.890281205910636,-0.0,1.4822917731221243,-0.0,-0.0,-0.0,-0.0,191.81749999999977,-0.0,-0.0
3061,60.35202749332258,-0.0,1.5518778742973924,-0.0,-0.0,-0.0,-0.0,391.81749999999977,-0.0,-0.0
3062,89.81377378073452,-0.0,1.4614716402657109,47.87624822269973,-0.0,47.647585905373006,-0.0,591.8174999999998,6.735014032372721,-0.0
3063,112.91795056224758,55.39611024543636,1.0820183955033191,239.31421081933703,-0.0,211.58800388119033,-0.0,743.3849999999998,11.960736282222504,-0.0
3064,124.32099786204424,91.53680963090298,1.7774041900868651,346.6633321194971,-0.0,295.01513712164865,-0.0,800.7374999999998,14.259985687505411,-0.0
3065,122.55224484743056,97.7637321473218,1.943983137455286,358.91733906356933,-0.0,299.5289453574808,-0.0,769.7849999999999,13.240817150121089,-0.0
3066,110.99834584592563,85.94033084334185,1.6591594276954496,308.60303495084645,-0.0,250.2289453574808,-0.0,694.7099999999999,10.059562132446466,-0.0
3067,96.81400267324615,70.525147059831,1.2491594276954496,240.38553568227582,-0.0,190.42894535748079,-0.0,610.06,5.7489834443231445,-0.0
3068,84.48370603024242,56.762814742466524,0.8491594276954497,181.89072573166118,-0.0,138.6289453574808,-0.0,532.26,2.6651901837612755,-0.0
3069,72.9616803719508,45.78976459144354,0.5,139.14437532635054,-0.0,97.12894535748079,-0.0,458.935,1.24478963698013,-0.0
3070,62.00676694117738,36.12266658484332,0.21999999999999997,99.5980249210399,-0.0,57.628945357480816,-0.0,386.86,-0.0,-0.0
3071,52.496077965440335,29.10580785612928,0.07000000000000006,72.08633835098476,-0.0,31.32894535748081,-0.0,325.31,-0.0,-0.0
3072,44.307688263085126,25.107523394342046,-0.0,60.84397945144062,-0.0,18.32894535748081,-0.0,271.635,-0.0,-0.0
3073,37.243326849399644,21.24829175525396,0.020000000000000018,56.31849717133696,-0.0,13.828945357480809,-0.0,221.56,-0.0,-0.0
3074,30.398573102980844,17.500256505596724,0.020000000000000018,53.15744045960329,-0.0,13.228945357480814,-0.0,173.26,-0.0,-0.0
3075,23.39823997796508,13.532939089597996,0.020000000000000018,46.226145480984115,-0.0,14.62894535748082,-0.0,127.50999999999999,-0.0,-0.0
3076,16.187140428488703,9.387765240330971,0.03471129279509452,34.19485050236494,-0.0,14.428945357480831,-0.0,79.735,-0.0,-0.0
3077,7.173349272897174,1.733069946836288,0.014711292795094505,7.023989586349245,-0.0,0.4289453574808313,-0.0,25.759999999999998,-0.0,-0.0
3078,-0.0,-0.0,-0.0,-0.0,-0.0,-0.0,-0.0,-0.0,-0.0,-0.0
3079,-0.0,-0.0,-0.0,-0.0,-0.0,-0.0,-0.0,-0.0,1.4703608954637026,-0.0
3080,-0.0,-0.0,-0.0,-0.0,-0.0,-0.0,-0.0,-0.0,4.766487788523161,-0.0
3081,16.754034246557744,-0.0,0.7999999999999998,-0.0,-0.0,-0.0,-0.0,79.02250000000004,10.30199822870962,-0.0
3082,44.46198889595114,-0.0,1.5999999999999996,-0.0,-0.0,-0.0,-0.0,79.02250000000004,16.71951408178943,-0.0
3083,73.92373518336308,-0.0,2.3999999999999995,-0.0,-0.0,-0.0,-0.0,279.02250000000004,23.41763838041526,-0.0
3084,103.38548147077502,-0.0,2.234757281553398,115.5801201095143,-0.0,207.72153993512802,-0.0,479.02250000000004,29.733897151539253,-0.0
3085,132.25877194341652,44.680500584721884,3.034757281553398,338.76279631477746,-0.0,405.53627436410517,-0.0,679.0225,34.11834148160915,-0.0
3086,155.25560607273397,114.09407214264814,3.8347572815533977,528.8292796524589,-0.0,558.1758869545791,-0.0,857.0450000000001,36.22656689444672,-0.0
3087,170.1180337801248,162.5611114038004,4.455656617271333,654.0052154866553,-0.0,654.2019731940911,-0.0,966.4125000000001,36.50089024203603,-0.0
3088,173.48205956055213,183.92270482578283,3.655656617271333,695.5742943156479,-0.0,677.7719002971296,-0.0,987.3400000000001,34.41290474496826,-0.0
3089,163.73362644802194,177.20113167804828,3.4622355646397542,650.195807737482,-0.0,624.1999999999999,-0.0,928.7100000000002,30.175344023145076,3.3101949288069257
3090,144.9879619492171,151.34085092083237,2.92,547.5312228867061,-0.0,524.0999999999999,-0.0,832.6350000000001,23.862368997659292,4.156356817522489
3091,124.52318996179227,123.87521838428067,2.2199999999999998,435.0763279937564,-0.0,419.0999999999999,-0.0,729.4100000000001,17.12495758013293,1.882896123409946
3092,105.74688512544623,98.58648516945259,1.5999999999999999,337.8659011403442,-0.0,329.69999999999993,-0.0,630.2850000000001,12.070440688178158,0.19471849217632453
3093,89.1680848493517,79.35655556519364,1.14,261.7257125538175,-0.0,261.79999999999995,-0.0,541.4100000000001,8.5622583374173,-0.0
3094,73.8412097549117,62.367812416121716,0.3400000000000001,198.23797501836134,-0.0,206.39999999999995,-0.0,459.58500000000004,5.7565196258605,-0.0
3095,61.05510108493232,49.6069257003181,0.10000000000000009,150.98490131816067,-0.0,164.39999999999995,-0.0,386.43500000000006,4.384944561318919,-0.0
3096,50.009562673046894,38.90270896259575,0.010000000000000009,114.97048295898196,-0.0,132.69999999999996,-0.0,320.08500000000004,3.8548640614047276,-0.0
3097,39.656323534543304,29.97564075872702,-0.0,86.78582633291776,-0.0,105.39999999999995,-0.0,260.01000000000005,3.422387224128075,-0.0
3098,29.702888229673057,22.25952966640298,0.020000000000000018,63.25271016154957,-0.0,79.09999999999997,-0.0,200.16000000000003,2.6143467788919974,-0.0
3099,20.989649091169472,15.381275007347234,-0.0,46.34536421752938,-0.0,55.99999999999997,-0.0,143.985,1.8673027100741812,-0.0
3100,12.685073270111316,7.946589648096385,-0.0,26.39446083034619,-0.0,29.799999999999983,-0.0,83.935,0.6909822726492649,-0.0
3101,4.161852372613746,-0.0,-0.0,-0.0,-0.0,-0.0,-0.0,21.335,-0.0,-0.0
3102,-0.0,-0.0,-0.0,-0.0,-0.0,-0.0,-0.0,-0.0,-0.0,-0.0
3103,-0.0,-0.0,-0.0,-0.0,-0.0,-0.0,-0.0,-0.0,-0.0,-0.0
3104,-0.0,-0.0,-0.0,-0.0,-0.0,-0.0,-0.0,-0.0,-0.0,-0.0
3105,-0.0,-0.0,0.7999999999999998,-0.0,-0.0,-0.0,-0.0,-0.0,-0.0,-0.0
3106,28.975830829697397,-0.0,0.8288809402146138,-0.0,-0.0,-0.0,-0.0,-0.0,-0.0,-0.0
3107,58.43757711710934,-0.0,1.2774885028104248,-0.0,-0.0,-0.0,-0.0,84.03250000000025,-0.0,-0.0
3108,87.89932340452128,-0.0,2.0774885028104246,-0.0,-0.0,-0.0,-0.0,284.03250000000025,-0.0,-0.0
3109,117.36106969193322,14.554017396895887,2.1429560551865103,217.9196926519907,-0.0,87.39754357470292,-0.0,484.03250000000025,-0.0,-0.0
3110,146.82281597934517,84.00753991854849,2.94295605518651,441.10236885725385,-0.0,295.11908350983094,-0.0,684.0325000000003,9.100017511163529,-0.0
3111,169.1424259937014,143.90480418259997,3.74295605518651,628.066105056511,-0.0,463.7308782823048,-0.0,838.3675000000003,17.448601932607858,-0.0
3112,178.43463262055926,175.38437150642224,2.94295605518651,717.4742962123487,-0.0,547.857971253496,-0.0,900.6725000000002,21.479636150890226,-0.0
3113,174.23484458446848,175.68042544831366,3.1121231476750126,704.4683324605417,-0.0,543.0289453574808,-0.0,869.4150000000002,21.602381148638482,-0.0
3114,159.00317242569554,156.9634846472603,2.312123147675013,620.6276966443647,-0.0,481.1289453574808,-0.0,792.0900000000001,17.726013409371973,-0.0
3115,141.5518584688465,134.61880922225328,1.8721231476750129,526.1878571781066,-0.0,403.52894535748084,-0.0,702.9150000000001,12.364260203488218,-0.0
3116,125.57093684473075,114.15079384108371,1.072123147675013,439.47070702980443,-0.0,331.82894535748085,-0.0,617.7650000000001,7.568343350589242,-0.0
3117,111.15213656863622,97.05777349279222,0.712123147675013,364.92379514838774,-0.0,269.12894535748086,-0.0,538.2900000000001,4.3870410310730215,-0.0
3118,97.20718665585078,80.77641815546008,0.36212314767501286,291.70755559646,-0.0,211.32894535748085,-0.0,458.31500000000005,1.4471859743425988,-0.0
3119,84.6185825461229,66.24720638485965,0.14212314767501286,233.46953732295083,-0.0,166.12894535748083,-0.0,388.46500000000003,-0.0,-0.0
3120,73.6788196792011,54.57847317003156,0.04212314767501277,190.36618288469714,-0.0,133.22894535748082,-0.0,324.365,-0.0,-0.0
3121,63.931356085661136,44.76640993328475,0.03212314767501276,152.18859867379146,-0.0,107.4289453574808,-0.0,266.14,-0.0,-0.0
3122,54.08522917467574,35.97292096346475,0.03212314767501276,121.46745701972279,-0.0,84.9289453574808,-0.0,210.04,-0.0,-0.0
3123,44.036018324841876,27.18586269383986,0.09212314767501281,93.4334302519801,-0.0,65.62894535748082,-0.0,154.29,0.1461124092919901,-0.0
3124,33.21026550558378,17.5771394132556,0.10212314767501282,63.90829709214492,-0.0,45.52894535748082,-0.0,97.03999999999999,0.8404209995767848,-0.0
3125,21.09720429244083,4.616751121711982,0.002123147675012732,22.65249160282073,-0.0,13.928945357480831,-0.0,31.690000000000005,0.33961686826969295,-0.0
3126,11.726278028642323,-0.0,-0.0,-0.0,-0.0,-0.0,-0.0,-0.0,-0.0,-0.0
3127,12.370862283668746,-0.0,-0.0,-0.0,-0.0,-0.0,-0.0,-0.0,-0.0,-0.0
3128,23.366606515564303,-0.0,0.560314256515074,-0.0,-0.0,-0.0,-0.0,-0.0,-0.0,-0.0
3129,45.09181267484565,-0.0,0.560314256515074,-0.0,-0.0,-0.0,-0.0,-0.0,-0.0,-0.0
3130,72.5010620712965,-0.0,1.3603142565150739,-0.0,-0.0,-0.0,-0.0,-0.0,-0.0,-0.0
3131,101.96280835870844,-0.0,1.0996601941747568,70.8836443279504,-0.0,-0.0,-0.0,167.96249999999986,-0.0,-0.0
3132,131.42455464612038,16.98152822939481,1.8996601941747566,294.06632053321357,-0.0,-0.0,-0.0,367.96249999999986,-0.0,-0.0
3133,157.67839296681888,86.43505075104741,2.4379611650485438,514.8415944670904,-0.0,180.03639517190663,-0.0,567.9624999999999,1.8748268501695762,-0.0
3134,178.38677348365837,151.21553715844186,2.4379611650485438,687.8645233672381,-0.0,365.13309309199894,-0.0,748.1299999999999,8.77363170106755,-0.0
3135,189.77948279329226,195.1153116699266,3.1095656617271334,796.1313401062446,-0.0,492.1448475952056,-0.0,856.3799999999999,13.65358381469916,-0.0
3136,189.24126060540476,212.17013317300078,3.353068472151252,822.3622235856675,-0.0,541.8861917641677,-0.0,885.5424999999999,15.601581601885153,-0.0
3137,176.7433612689565,201.33810133798156,3.1522355646397546,765.7253590114599,-0.0,513.5999999999999,-0.0,832.7124999999999,14.377850152914718,-0.0
3138,155.96416630892605,174.8040219373184,2.63,657.207412513239,-0.0,435.19999999999993,-0.0,743.1874999999999,10.74767504931734,1.445412108301312
3139,133.40495545909218,146.22958579019755,1.9599999999999997,539.3862708591703,-0.0,344.5999999999999,-0.0,642.0374999999999,6.2833362987047465,0.3013852884309216
3140,113.33191248695525,120.51157040902797,1.3499999999999999,439.7749334093836,-0.0,265.29999999999995,-0.0,550.9124999999999,2.7092229912759187,-0.0
3141,96.02849542309102,99.37450220515925,0.8999999999999999,359.2338342264824,-0.0,202.79999999999998,-0.0,467.4625,1.1790005858369454,-0.0
3142,80.94181649501768,81.01505115667265,0.49,287.3798499299072,-0.0,148.0,-0.0,391.2125,-0.0,-0.0
3143,68.10879176388676,65.89798295280393,0.18999999999999995,226.67341458226153,-0.0,106.29999999999998,-0.0,323.3375,-0.0,-0.0
3144,57.26922506333162,52.853536871439246,0.06000000000000005,181.82741329721935,-0.0,78.69999999999999,-0.0,266.5625,-0.0,-0.0
3145,47.28484540864012,42.25552149026967,-0.0,142.39828863161765,-0.0,60.0,-0.0,215.4125,-0.0,-0.0
3146,37.45199860286985,32.00774538698627,-0.0,111.32959802861947,-0.0,45.5,-0.0,167.0625,-0.0,-0.0
3147,28.171647236848074,22.559969283702863,0.040000000000000036,83.0955712608768,-0.0,32.80000000000001,-0.0,118.76249999999999,-0.0,-0.0
3148,18.274753901402065,13.200288891573926,-0.0,50.86154449313412,-0.0,19.100000000000023,-0.0,69.58749999999999,-0.0,-0.0
3149,7.631122430165162,2.2734698998351988,-0.0,13.52261562325043,-0.0,-0.0,-0.0,16.512499999999996,-0.0,-0.0
3150,-0.0,-0.0,0.12787685232498716,-0.0,-0.0,-0.0,-0.0,-0.0,-0.0,-0.0
3151,-0.0,-0.0,0.12787685232498716,-0.0,-0.0,-0.0,-0.0,-0.0,-0.0,-0.0
3152,-0.0,-0.0,0.12787685232498716,-0.0,-0.0,-0.0,-0.0,-0.0,-0.0,-0.0
3153,16.322948217833837,-0.0,0.265066428206439,-0.0,-0.0,-0.0,-0.0,-0.0,-0.0,-0.0
3154,45.78469450524578,-0.0,0.07394736842105298,-0.0,-0.0,-0.0,-0.0,-0.0,-0.0,-0.0
3155,75.24644079265772,-0.0,-0.0,-0.0,-0.0,-0.0,-0.0,77.68999999999994,-0.0,-0.0
3156,104.70818708006966,-0.0,0.5156566172713339,49.84840507324478,-0.0,-0.0,-0.0,277.68999999999994,-0.0,-0.0
3157,134.1699333674816,42.36915194829943,1.3156566172713338,273.03108127850794,-0.0,71.96867875575651,-0.0,477.68999999999994,-0.0,-0.0
3158,159.41753338788544,111.82267446995203,2.1156566172713336,496.21375748377113,-0.0,279.69021869088454,-0.0,677.6899999999999,7.865054629217365,-0.0
3159,175.79596822187008,166.46453815462579,2.9156566172713334,664.1269780711626,-0.0,438.63055612816754,-0.0,809.5925,14.52748229791538,-0.0
3160,180.8760553185351,193.85917352059883,2.9156566172713334,738.149532794056,-0.0,514.3576088300915,-0.0,854.8675,17.393919571381822,-0.0
3161,173.70496654852755,191.5008228604553,2.9122355646397544,715.4236115134165,-0.0,500.70000000000005,-0.0,811.6125,16.258064530074282,-0.0
3162,157.57215387356672,169.83220711419872,2.4999999999999996,619.3145586231032,-0.0,429.5,-0.0,727.9124999999999,12.53771128513473,-0.0
3163,139.366241369954,145.27014387745191,1.9099999999999997,509.3925063726599,-0.0,343.29999999999995,-0.0,637.1125,8.005139844174888,-0.0
3164,122.49706700213216,122.78688425127424,1.4,409.5406923891022,-0.0,263.79999999999995,-0.0,548.8625,4.114015666000842,-0.0
3165,106.94347201290728,102.91124178047872,0.99,325.41555922926705,-0.0,195.89999999999998,-0.0,468.88749999999993,1.7643387506125947,-0.0
3166,91.6769892512006,84.95988644314659,0.5900000000000001,246.3904260694319,-0.0,135.49999999999997,-0.0,392.73749999999995,-0.0,-0.0
3167,77.99915156593333,68.63520108389574,0.32000000000000006,183.3741865175042,-0.0,90.49999999999997,-0.0,324.63749999999993,-0.0,-0.0
3168,65.17707118462367,54.249089991571694,0.13000000000000012,131.897512902973,-0.0,59.49999999999997,-0.0,263.23749999999995,-0.0,-0.0
3169,52.90882292561707,41.623936010792335,0.040000000000000036,93.16439673160482,-0.0,37.99999999999997,-0.0,207.78749999999997,-0.0,-0.0
3170,40.88094875833778,30.24164343040319,-0.0,63.814403940796126,-0.0,24.599999999999994,-0.0,156.5125,-0.0,-0.0
3171,29.125570030806983,19.68744656116851,0.020000000000000018,42.882198365802424,-0.0,16.299999999999983,-0.0,107.86250000000001,-0.0,-0.0
3172,18.019228712448918,9.936818991738726,0.020000000000000018,23.549992790808716,-0.0,10.0,-0.0,59.91250000000001,-0.0,-0.0
3173,6.472120969630235,-0.0,-0.0,-0.0,-0.0,-0.0,-0.0,11.1875,-0.0,-0.0
3174,-0.0,-0.0,-0.0,-0.0,-0.0,-0.0,-0.0,-0.0,-0.0,-0.0
3175,-0.0,-0.0,0.5108022483392947,-0.0,-0.0,-0.0,-0.0,-0.0,-0.0,-0.0
3176,2.0497196947589664,-0.0,0.28099131323454274,-0.0,-0.0,-0.0,-0.0,-0.0,-0.0,-0.0
3177,28.989158113764372,-0.0,-0.0,-0.0,-0.0,-0.0,-0.0,-0.0,-0.0,-0.0
3178,58.45090440117632,-0.0,-0.0,-0.0,-0.0,-0.0,-0.0,14.692499999999995,-0.0,-0.0
3179,87.91265068858826,-0.0,0.42769289729177484,-0.0,-0.0,-0.0,-0.0,14.692499999999995,-0.0,-0.0
3180,117.3743969760002,-0.0,0.4497470618293318,-0.0,-0.0,-0.0,-0.0,214.6925,-0.0,-0.0
3181,146.83614326341214,-0.0,0.4030991313234553,57.12490430205631,-0.0,-0.0,-0.0,414.6925,-0.0,-0.0
3182,176.2978895508241,62.538069197407886,1.2030991313234551,280.30758050731947,-0.0,79.17620910871653,-0.0,614.6925,-0.0,-0.0
3183,197.65027087325876,122.4243743339962,2.003099131323455,471.53630338141,-0.0,252.17375268341937,-0.0,754.6750000000001,1.0527044327486026,-0.0
3184,207.05866907230464,156.68084927944784,2.6377797649463472,575.8676340904832,-0.0,344.2151371216487,-0.0,807.9150000000001,6.101955602504392,-0.0
3185,203.8061375916575,161.42938800678408,2.781770567194686,582.0304203960071,-0.0,352.143236824519,-0.0,775.44,7.281744092649369,-0.0
3186,190.16910046166026,146.5453375376752,2.4895350025549314,515.806426325458,-0.0,302.143236824519,-0.0,700.84,5.571118102684451,-0.0
3187,173.30415054887482,126.13136007783905,1.9895350025549312,428.10398248357876,-0.0,235.743236824519,-0.0,614.74,2.3921648186891034,-0.0
3188,157.03863037799542,105.9071433401167,1.5095350025549312,345.83221097118854,-0.0,176.443236824519,-0.0,534.24,0.2180515112602741,-0.0
3189,142.36792316125235,88.67673518008542,1.0895350025549313,275.15644795303183,-0.0,127.143236824519,-0.0,461.04,-0.0,-0.0
3190,129.24279532310624,73.12418345332244,0.7395350025549312,210.8420295938531,-0.0,87.24323682451899,-0.0,393.79,-0.0,-0.0
3191,118.00228427272982,60.10329673751883,0.4995350025549312,167.34140694472293,-0.0,64.24323682451899,-0.0,333.89000000000004,-0.0,-0.0
3192,108.358119025411,51.42407503267457,0.3895350025549311,143.89813744880428,-0.0,55.44323682451897,-0.0,284.21500000000003,-0.0,-0.0
3193,99.62010341478309,44.13104475013925,0.3695350025549311,130.39443389028213,-0.0,53.843236824518975,-0.0,238.44000000000003,-0.0,-0.0
3194,91.73631225919156,38.02849302337627,0.3795350025549311,119.83827928068948,-0.0,54.543236824518964,-0.0,194.54000000000002,-0.0,-0.0
3195,83.33136234640611,31.322611274694566,0.3795350025549311,105.09010768262979,-0.0,53.94323682451897,-0.0,150.49,-0.0,-0.0
3196,74.60814144890854,22.94339950409413,0.3495350025549311,87.00636165294011,-0.0,48.343236824518975,-0.0,100.59,1.6068021685068654,-0.0
3197,62.7439579605837,8.919192700615618,0.1595350025549311,36.503917811060916,-0.0,19.443236824518998,-0.0,36.34000000000001,3.40096885326688,-0.0
3198,52.41925376412595,-0.0,-0.0,-0.0,-0.0,-0.0,-0.0,-0.0,3.960181081402644,-0.0
3199,51.50830057605252,-0.0,0.16339039345937656,-0.0,-0.0,-0.0,-0.0,-0.0,6.721299981247855,-0.0
3200,61.313592018283565,-0.0,0.6726469085334694,-0.0,-0.0,-0.0,-0.0,-0.0,12.122042466373799,-0.0
3201,80.20784702708204,-0.0,1.4345963208993355,-0.0,-0.0,-0.0,-0.0,-0.0,19.760191131769467,-0.0
3202,105.76268724247424,-0.0,1.3673760858456827,-0.0,-0.0,-0.0,-0.0,200.0,29.052312231834282,-0.0
3203,133.79707864700913,-0.0,1.3673760858456827,150.26303660016075,-0.0,-0.0,-0.0,344.13499999999976,38.3444333318991,-0.0
3204,161.48922079877505,23.214631212296723,2.1673760858456825,373.4457128054239,-0.0,186.38663472610676,-0.0,544.1349999999998,47.12939476510314,-0.0
3205,185.7428926344573,92.66815373394932,2.9673760858456824,579.7961271083273,-0.0,394.1081746612348,-0.0,744.1349999999998,55.21458243250024,-0.0
3206,204.04994609125828,152.05291098390174,3.767376085845682,746.7816540031948,-0.0,567.3048725813271,-0.0,924.1574999999998,62.066027443520554,-0.0
3207,213.66435627222992,191.34616549501325,4.210158405723045,844.8290844456478,-0.0,679.9595014856483,-0.0,1024.0774999999999,65.98027483467725,-0.0
3208,212.2569406264718,205.66371067983803,4.357779764946346,867.5532382492796,-0.0,719.8151371216486,-0.0,1040.415,67.30980165783514,-0.0
3209,199.7135702907142,193.71917853162938,4.0417705671946855,808.1956197963208,-0.0,679.7432368245189,-0.0,975.86,65.18426992466587,-0.0
3210,178.4438233135958,164.91228653061796,3.389535002554931,686.9649024308817,-0.0,584.1432368245189,-0.0,870.66,59.519978475894874,-0.0
3211,156.69578946196188,134.26593616040776,2.589535002554931,554.6913097257425,-0.0,476.34323682451895,-0.0,759.785,52.48740703493503,-0.0
3212,136.84565250331278,108.60791084499436,1.8795350025549311,439.2057425033038,-0.0,378.443236824519,-0.0,655.36,46.33533378218432,-0.0
3213,119.88859948351214,87.97892841803628,1.3495350025549313,354.02108587723956,-0.0,301.843236824519,-0.0,562.61,41.86375871764274,-0.0
3214,105.3415464637115,69.96589813550096,0.9295350025549314,279.93243774540883,-0.0,238.74323682451902,-0.0,477.26,37.96779456290217,-0.0
3215,93.09237209588966,55.84334640873798,0.6595350025549314,223.9437896135781,-0.0,195.643236824519,-0.0,402.81,36.213277670947406,-0.0
3216,82.41915119839209,44.18365608236521,0.5395350025549313,185.0720181011879,-0.0,167.443236824519,-0.0,338.485,36.55142986138046,-0.0
3217,72.02111734675816,34.64444431176478,0.4795350025549312,151.4171232082382,-0.0,144.843236824519,-0.0,281.96,38.00908386360439,-0.0
3218,62.85770028289394,26.426897552123712,0.43953500255493116,123.327564480033,-0.0,125.84323682451901,-0.0,229.385,39.81307240702223,-0.0
3219,54.5910213548206,19.694345825360735,0.41953500255493115,100.54290785396879,-0.0,106.94323682451903,-0.0,175.51,42.339006401435,-0.0
3220,46.25935154725027,13.7884541424352,0.39953500255493113,72.92848949479009,-0.0,82.14323682451902,-0.0,117.30999999999997,43.96738403505182,-0.0
3221,34.8907656785284,3.6375574923877494,0.19953500255493115,25.122964743518907,-0.0,33.74323682451901,-0.0,45.33499999999999,43.27625985687777,-0.0
3222,26.207398697999448,-0.0,-0.0,-0.0,-0.0,-0.0,-0.0,-0.0,42.49407212406933,-0.0
3223,27.759135831587045,-0.0,-0.0,-0.0,-0.0,-0.0,-0.0,-0.0,43.353951615745686,-0.0
3224,40.772659207609905,-0.0,0.41855135411343847,-0.0,-0.0,-0.0,-0.0,5.647499999999894,46.41895270446461,-0.0
3225,63.41853410132873,-0.0,1.1097956055186502,-0.0,-0.0,-0.0,-0.0,175.45499999999993,51.15402835005193,-0.0
3226,91.69091172332776,-0.0,1.90979560551865,163.2419667382301,-0.0,185.7687995635581,-0.0,375.4549999999999,57.37766904001571,-0.0
3227,121.1526580107397,-0.0,2.70979560551865,386.42464294349327,-0.0,393.4903394986861,-0.0,575.4549999999999,63.40836526186401,-0.0
3228,150.61440429815164,64.23955603518054,3.50979560551865,609.6073191487565,-0.0,601.2118794338141,-0.0,775.4549999999999,68.57463977186183,-0.0
3229,177.90259968103948,133.69307855683314,3.4605646397547276,829.3999203069959,-0.0,791.9509685238149,-0.0,975.4549999999999,72.4500631574576,-0.0
3230,198.9081348942685,198.0160882338901,4.232393970362801,997.0050589856994,-0.0,939.7477067131745,-0.0,1129.685,74.33696880051852,-0.0
3231,209.86013613811656,241.1986110179366,4.232393970362801,1097.8841899757435,-0.0,1030.2452100186101,5.616117051558668,1220.4299999999998,73.79812373360701,-0.0
3232,210.0431469559012,257.3794477404624,4.327779764946347,1116.555667610665,-0.0,1044.9151371216485,22.367163906141826,1226.2499999999998,70.36534626760347,8.547554952422715
3233,197.18161166351652,243.26979875006106,4.02694685743485,1034.0469720697345,-0.0,976.8432368245188,25.230451866404707,1149.3924999999997,63.28882922404014,8.547554952422715
3234,174.8381922484497,211.06983587350476,3.354711292795095,887.7196847339558,-0.0,853.8432368245188,18.76856581532416,1034.5424999999998,53.996708123975324,9.569062677291242
3235,151.4699439894431,177.03113246140816,2.604711292795095,727.0446199563361,-0.0,720.9432368245189,9.187819253438114,912.4674999999999,44.704587023910506,6.9676773888603165
3236,130.29035904788194,146.57003627044986,1.9247112927950947,590.2713763714653,-0.0,601.6432368245189,2.541060903732813,796.1924999999999,35.41246592384569,4.536858226187235
3237,111.9065496512844,121.37512156755668,1.3647112927950946,474.0563965361805,-0.0,500.84323682451895,-0.0,686.1424999999999,27.862978215823816,2.079875619743344
3238,95.91389901188077,99.39758474215944,0.9147112927950947,380.4552124109443,-0.0,411.54323682451894,-0.0,584.3924999999999,21.459825048995853,-0.0
3239,82.35586516024685,82.4800479167622,0.6447112927950946,302.09359422310456,-0.0,338.64323682451897,-0.0,492.3425,16.62983915276485,-0.0
3240,70.83494353613112,68.18465465809668,0.48471129279509473,245.91509941582436,-0.0,280.443236824519,-0.0,412.8925,13.470576887926743,-0.0
3241,60.30382574564874,55.83164424404901,0.40471129279509466,198.61083438119616,-0.0,231.643236824519,-0.0,339.5675,11.482038254481537,-0.0
3242,50.21347437962696,44.90720809692816,0.41471129279509467,163.81546295447546,-0.0,189.343236824519,-0.0,268.9175,10.342277801434303,-0.0
3243,40.41292684723852,34.22110693884794,0.40471129279509466,133.11610002198827,-0.0,149.84323682451898,-0.0,200.0175,9.304960987591127,-0.0
3244,29.800257966828894,22.896910069613252,0.3547112927950946,96.8127455837346,-0.0,108.44323682451898,-0.0,130.5675,7.816422354145921,-0.0
3245,15.265271572031406,7.176282500183461,0.17471129279509465,38.400497537573415,-0.0,47.34323682451899,-0.0,50.417500000000004,6.2939364684166765,-0.0
3246,2.430066663552708,-0.0,-0.0,-0.0,-0.0,-0.0,-0.0,-0.0,2.2278391863678184,-0.0
3247,-0.0,-0.0,0.12044966785896771,-0.0,-0.0,-0.0,-0.0,-0.0,-0.0,-0.0
3248,-0.0,-0.0,-0.0,-0.0,-0.0,-0.0,-0.0,-0.0,1.0514313774998776,-0.0
3249,-0.0,-0.0,0.7471257026060292,-0.0,-0.0,-0.0,-0.0,167.9350000000001,4.6136939178071295,-0.0
3250,12.877700049674413,-0.0,1.547125702606029,-0.0,-0.0,-0.0,-0.0,332.5450000000001,9.708284473356853,-0.0
3251,42.33944633708636,-0.0,2.3471257026060286,-0.0,-0.0,-0.0,-0.0,532.5450000000001,15.882969900264216,-0.0
3252,71.8011926244983,-0.0,3.1471257026060284,-0.0,-0.0,32.86872314782963,-0.0,732.5450000000001,21.634295235042355,-0.0
3253,101.26293891191024,-0.0,3.9471257026060282,82.00982770643853,-0.0,239.23655624897546,-0.0,932.5450000000001,26.88092804785778,-0.0
3254,126.90944323620009,52.40783129543868,3.483610117526828,305.1925039117017,-0.0,416.20483231206015,-0.0,1077.1175,29.373899271693386,-0.0
3255,143.61263163413835,107.02966354304289,4.018275421563619,467.1361552042258,-0.0,541.8880844197248,-0.0,1143.0125,28.879013781786313,-0.0
3256,149.193263729524,135.30661183234656,4.14295605518651,547.5478647429328,-0.0,595.3580115227633,-0.0,1143.23,25.21968082180038,-0.0
3257,142.71588986633625,136.7536850896343,3.8965942769545228,540.4600148092342,-0.0,572.0718197585954,-0.0,1077.8325,19.831590786915,1.8920835697216525
3258,128.1214211401116,120.59959488355013,3.244358712314768,469.49393536800267,-0.0,497.3575282915573,-0.0,974.0325,12.74544849083226,4.482396269800443
3259,111.50346025250174,100.37343412000693,2.524358712314768,385.010750814419,-0.0,412.3575282915573,-0.0,861.2075,12.495866179127198,3.5514511718154615
3260,96.44473294043127,82.1210819341548,1.8243587123147678,310.74535347665034,-0.0,339.15752829155724,-0.0,755.7825,12.495866179127198,1.7435250224418333
3261,83.46965982530321,68.3527776038799,1.2643587123147677,251.67995613888172,-0.0,281.75752829155726,-0.0,657.3325,7.675512934187644,0.8078002140617251
3262,72.09631572546304,56.4809039738001,0.8343587123147678,209.7185503068796,-0.0,234.35752829155723,-0.0,571.9325,6.408797274701572,-0.0
3263,62.71181286842895,48.02784388853329,0.5443587123147677,178.78690620799196,-0.0,200.1575282915572,-0.0,498.6325,3.0543749864299894,-0.0
3264,55.585955087834265,42.48383662596562,0.43435871231476764,161.09790895589282,-0.0,176.8575282915572,-0.0,430.4825,-0.0,-0.0
3265,48.47316300508204,37.81721717513775,0.3943587123147676,148.49910749951167,-0.0,155.9575282915572,-0.0,362.5575,-0.0,-0.0
3266,41.60420304463288,33.2763205250903,0.3743587123147676,132.41627206619648,-0.0,132.8575282915572,-0.0,293.9075,4.901781413421748,-0.0
3267,33.77907520648679,26.94924238697774,0.3743587123147676,109.13651754227328,-0.0,105.3575282915572,-0.0,226.6325,3.795414065046266,-0.0
3268,24.642396278413447,18.721456349450502,0.3643587123147676,78.08652475146457,-0.0,74.4575282915572,-0.0,155.0575,1.1142536510548275,-0.0
3269,12.472633411491643,5.772244578850067,0.19435871231476762,30.59297451749285,-0.0,29.05752829155719,-0.0,73.20750000000001,1.1142536510548275,-0.0
3270,2.6237748394447493,-0.0,-0.0,-0.0,-0.0,-0.0,-0.0,7.597499999999997,1.1142536510548275,-0.0
3271,3.912177678173407,-0.0,0.14339039345937654,-0.0,-0.0,-0.0,-0.0,-0.0,-0.0,-0.0
3272,16.16006930378385,-0.0,-0.0,-0.0,-0.0,-0.0,-0.0,-0.0,1.6290511319058165,-0.0
3273,37.94086863320915,-0.0,0.7999999999999998,-0.0,-0.0,-0.0,-0.0,114.17250000000013,5.716987622729498,-0.0
3274,65.28566845050452,-0.0,1.5999999999999996,-0.0,-0.0,-0.0,-0.0,312.7550000000001,12.170209695082665,-0.0
3275,91.84734838031363,-0.0,2.3999999999999995,31.676464929667702,-0.0,61.96111225633513,-0.0,512.7550000000001,18.630487299320357,-0.0
3276,114.83610324182659,47.76943328093901,3.1999999999999993,254.85914113493087,-0.0,269.68265219146315,-0.0,712.7550000000001,23.684252573916538,-0.0
3277,132.98243321369011,109.58729749315506,3.1999999999999993,475.03611151964265,-0.0,454.0649378367158,-0.0,912.7550000000001,26.461828559335025,-0.0
3278,148.76082536109774,153.38606841787777,3.6458431272355636,628.7024693761248,-0.0,606.047585905373,-0.0,1070.1625000000001,26.739101551104486,4.780163956036599
3279,159.61266739124298,181.07198231829534,3.7399182422074606,702.7573003630881,-0.0,698.0595014856483,4.513203393445842,1162.5375000000001,24.288951479826547,19.998913556949617
3280,160.84452725652136,192.35568797795628,3.840720490546756,699.6547654835257,-0.0,724.4294285886868,20.4998986510313,1170.075,24.288951479826547,29.874294950751224
3281,149.64620198990457,177.28676675545725,3.5917705671946862,629.2702373442901,-0.0,669.543236824519,23.43477406679765,1094.7625,16.574249400652143,32.19460033214064
3282,128.77852217116356,140.48349372546988,2.959535002554931,500.3762398806682,-0.0,560.7289453574808,16.233202357563854,977.6875,14.054132664920557,28.886800118078916
3283,105.8489372296024,99.56816007226735,2.219535002554931,360.8483749317095,-0.0,439.4289453574808,5.593909626719061,855.3125,9.778496322138215,22.11510057451395
3284,85.87724918102606,64.32447156153648,1.539535002554931,244.9143481639668,-0.0,335.2289453574808,-0.0,739.8625,7.97539045715185,15.869690410031694
3285,69.38345802543452,42.37311622420436,1.019535002554931,167.8612744637661,-0.0,255.42894535748079,-0.0,637.9124999999999,8.87223729032389,9.691575940835932
3286,55.713339307791436,29.863635372986266,0.6195350025549311,108.12290706998846,-0.0,192.5289453574808,-0.0,544.0875,3.2763677392665116,3.839750850722872
3287,46.60382733025433,22.697005987914558,0.3395350025549311,69.82011410784082,-0.0,146.6289453574808,-0.0,461.8125,-0.0,0.43874336822765514
3288,40.4949038518172,18.37252016957455,0.249535002554931,56.069772196763665,-0.0,116.82894535748083,-0.0,388.41249999999997,-0.0,-0.0
3289,35.12213001007098,16.022321484697947,0.22953500255493098,50.75899622308302,-0.0,99.02894535748082,-0.0,321.2125,-0.0,-0.0
3290,29.992421866167223,14.08069706674815,0.259535002554931,51.935335135728366,-0.0,89.82894535748083,-0.0,258.3125,-0.0,-0.0
3291,24.00847102622107,12.277646915725171,0.29953500255493104,52.181001718884716,-0.0,79.22894535748084,-0.0,198.38750000000002,-0.0,-0.0
3292,17.489707232138567,9.232931753742832,0.29953500255493104,46.065323643063095,-0.0,65.02894535748082,-0.0,137.4875,-0.0,-0.0
3293,7.882672453343943,1.4486951475328311,0.1595350025549311,18.21806264137794,-0.0,29.42894535748083,-0.0,59.63749999999999,3.9103026167262955,-0.0
3294,-0.0,-0.0,-0.0,-0.0,-0.0,-0.0,-0.0,-0.0,3.9103026167262955,-0.0
3295,-0.0,-0.0,0.15562595809913127,-0.0,-0.0,-0.0,-0.0,-0.0,-0.0,-0.0
3296,-0.0,-0.0,0.6490010219724063,-0.0,-0.0,-0.0,-0.0,-0.0,-0.0,-0.0
3297,-0.0,-0.0,-0.0,-0.0,-0.0,-0.0,-0.0,-0.0,0.44959019664810995,-0.0
3298,29.461746287411945,-0.0,0.7999999999999998,-0.0,-0.0,-0.0,-0.0,168.45749999999975,3.348517429590901,21.486644303381915
3299,40.74465870373632,-0.0,0.40652529381706626,-0.0,-0.0,-0.0,-0.0,368.45749999999975,7.169758082806199,45.83230684263448
3300,70.20640499114826,-0.0,1.206525293817066,-0.0,-0.0,186.04315628598476,-0.0,568.4574999999998,10.9202751046286,68.74801291034277
3301,99.6681512785602,-0.0,2.0065252938170657,155.86343172570977,-0.0,393.7646962211128,-0.0,768.4574999999998,14.158638906059256,88.75867771066459
3302,123.15665214840597,50.697780810573704,2.6678410832907513,371.9961554436092,-0.0,579.704349080854,-0.0,931.6274999999997,14.704754615740539,102.28217555006948
3303,137.54115481886183,99.58858814928084,3.268035258048033,527.6471110194752,-0.0,705.2447670566712,-0.0,1033.4899999999998,19.014576230208426,110.63021397551796
3304,141.1048643328624,126.40056127419409,3.490832907511497,595.0514151598293,-0.0,755.1719002971296,7.454223968565806,1050.0774999999999,19.014576230208426,113.63270407910099
3305,133.1575021904471,126.80609692333783,3.32,568.241907131906,-0.0,727.8142914670381,7.454223968565806,981.4399999999999,10.67797600188069,110.15158099476548
3306,116.88622289778174,108.00845728593642,2.52,478.18016831670946,-0.0,643.8999999999999,9.02652259332023,874.4649999999999,7.560350207194755,98.10315227043567
3307,98.88573008841135,86.2908906578077,1.85,375.1488733380903,-0.0,543.3999999999999,3.9874263261296647,759.0899999999999,3.1817280360905613,82.36793120330317
3308,82.70005023317731,67.90665405159768,1.23,286.0095953479381,-0.0,450.0999999999999,0.4086444007858532,651.5649999999999,0.6616113003589756,66.55572908478203
3309,69.06071618100084,53.09384317846087,0.78,217.79699818150846,-0.0,367.2999999999999,0.3430255402750504,555.4899999999999,-0.0,51.32390438343279
3310,56.21407373493953,39.52698444974683,0.3500000000000001,158.9408435719158,-0.0,285.5999999999999,-0.0,461.93999999999994,0.4798359624268187,36.52654513734463
3311,45.44185191028126,29.96441285449619,0.1100000000000001,116.37978686018212,-0.0,216.79999999999993,-0.0,380.41499999999996,-0.0,23.770192207460248
3312,37.40481713148663,23.648511237326822,0.010000000000000009,85.60094293263344,-0.0,163.49999999999994,-0.0,313.59,-0.0,13.217109708047222
3313,29.958352610785965,19.225471020547673,-0.0,63.638975624525244,-0.0,120.09999999999997,-0.0,252.265,-0.0,5.988555437169325
3314,23.030729332891372,14.833387915313203,-0.0,44.98099982218355,-0.0,83.49999999999997,-0.0,195.43999999999997,1.442156790409701,1.1451582938584508
3315,16.75214346416951,9.961783365851069,-0.0,32.01013890616787,-0.0,52.599999999999994,-0.0,138.73999999999998,-0.0,-0.0
3316,10.196445367929456,5.948035249657231,0.020000000000000018,18.278843927548678,-0.0,26.80000000000001,-0.0,81.13999999999999,0.7446477314553501,-0.0
3317,2.9145976349984863,-0.0,-0.0,-0.0,-0.0,-0.0,-0.0,22.04,-0.0,-0.0
3318,-0.0,-0.0,0.13046499744506893,-0.0,-0.0,-0.0,-0.0,-0.0,-0.0,-0.0
3319,-0.0,-0.0,-0.0,-0.0,-0.0,-0.0,-0.0,-0.0,-0.0,-0.0
3320,-0.0,-0.0,-0.0,-0.0,-0.0,-0.0,-0.0,-0.0,-0.0,-0.0
3321,-0.0,-0.0,0.7999999999999998,-0.0,-0.0,-0.0,-0.0,-0.0,-0.0,-0.0
3322,-0.0,-0.0,0.5890010219724062,-0.0,-0.0,-0.0,-0.0,-0.0,-0.0,-0.0
3323,4.3697579859861655,-0.0,0.45517373530914584,-0.0,-0.0,-0.0,-0.0,110.68750000000006,-0.0,-0.0
3324,33.83150427339811,-0.0,0.39463975472662116,-0.0,-0.0,-0.0,-0.0,310.68750000000006,3.6168941287984673,-0.0
3325,63.29325056081005,-0.0,0.2557562595809897,89.67090534697766,-0.0,65.87906822668532,-0.0,510.68750000000006,12.909015228863282,-0.0
3326,92.75499684822199,32.234960492789824,1.0557562595809895,312.8535815522408,-0.0,267.90442961938834,-0.0,705.6025000000001,20.463429577983966,-0.0
3327,115.45534567646295,94.05618803456396,1.8557562595809893,495.1746607788939,-0.0,412.2733902600149,-0.0,831.9050000000001,25.43984239946045,-0.0
3328,126.3380571843727,128.1530831830826,2.345965763924372,589.868018250408,-0.0,477.88619176416785,-0.0,867.6650000000001,26.88584346674945,-0.0
3329,123.87106966705893,132.24190005410313,2.3725447112927927,589.6189442850882,-0.0,458.71429146703815,-0.0,818.3100000000001,24.43161021540399,-0.0
3330,111.64057503986018,117.54473897247405,1.9828972917731198,518.5087459245876,-0.0,388.1,-0.0,731.61,18.84307158195878,-0.0
3331,97.1575867907413,98.99765090011766,1.45289729177312,433.489425463268,-0.0,304.50000000000006,-0.0,637.21,12.842314752493287,-0.0
3332,83.24921532939211,82.74032354987511,1.01289729177312,355.8225560530188,-0.0,229.30000000000004,-0.0,549.385,7.426896087803446,-0.0
3333,70.86815226192778,69.03085263290086,0.6200000000000001,288.0428015290956,-0.0,166.30000000000004,-0.0,465.885,4.021204678088239,-0.0
3334,59.24612660363616,56.5135252826583,0.32000000000000006,227.41948956200937,-0.0,109.90000000000003,-0.0,388.735,1.1789059821537577,-0.0
3335,49.07197959732335,46.03882005491979,0.09000000000000008,180.97439887334167,-0.0,68.40000000000003,-0.0,318.76,-0.0,-0.0
3336,40.14551507662269,38.19316764988043,-0.0,143.37685713360347,-0.0,42.80000000000004,-0.0,257.985,-0.0,-0.0
3337,32.791153662937205,31.66514233446702,0.030000000000000027,115.02196224065378,-0.0,29.200000000000017,-0.0,205.785,-0.0,-0.0
3338,25.14620375015175,25.090696253102344,0.10000000000000009,88.4137057002591,-0.0,20.100000000000023,-0.0,157.01,-0.0,-0.0
3339,17.720095080172367,17.411494416745747,0.17000000000000015,61.069874728234396,-0.0,14.0,-0.0,110.08500000000001,-0.0,-0.0
3340,10.569565788789951,8.684675425007022,0.27000000000000024,31.269601199372687,-0.0,8.900000000000006,-0.0,64.51,-0.0,-0.0
3341,3.273849451543885,-0.0,0.3300000000000003,-0.0,-0.0,-0.0,-0.0,15.135000000000005,-0.0,-0.0
3342,-0.0,-0.0,-0.0,-0.0,-0.0,-0.0,-0.0,-0.0,-0.0,-0.0
3343,-0.0,-0.0,0.5352733776188041,-0.0,-0.0,-0.0,-0.0,-0.0,1.9229516214144784,-0.0
3344,1.8266276685326162,-0.0,1.335273377618804,-0.0,-0.0,-0.0,-0.0,-0.0,9.443516756207526,-0.0
3345,1.8266276685326162,-0.0,1.0520464997445065,-0.0,-0.0,-0.0,-0.0,-0.0,18.73563785627234,-0.0
3346,31.28837395594456,-0.0,1.0224578436382212,-0.0,-0.0,-0.0,-0.0,34.069999999999936,28.027758956337156,-0.0
3347,60.750120243356506,-0.0,1.05710015329586,-0.0,-0.0,65.71162957259958,-0.0,234.06999999999994,37.31988005640197,-0.0
3348,90.21186653076845,-0.0,1.8571001532958598,82.32504441195695,-0.0,273.4331695077276,-0.0,434.06999999999994,46.61200115646679,-0.0
3349,119.67361281818039,-0.0,2.6571001532958594,305.5077206172201,-0.0,481.1547094428556,-0.0,634.0699999999999,55.90412225653161,-0.0
3350,149.13535910559233,54.33015592261299,3.457100153295859,528.6903968224833,-0.0,688.8762493779836,-0.0,822.2175,65.19624335659643,-0.0
3351,170.72862877037608,113.30613015631242,3.1124706182933037,709.2295048893078,-0.0,844.2595014856483,-0.0,940.5525,71.4701319095866,-0.0
3352,180.58953829897388,146.14473005276574,3.1124706182933037,798.9183127542212,-0.0,922.643720055725,-0.0,977.7575,74.33696880051852,-0.0
3353,177.33137325008596,149.801731171958,3.099647419519673,793.3727830650178,-0.0,915.7718197585954,0.2897838899803489,934.3525000000001,73.49598274326311,-0.0
3354,164.61524452127222,134.56507844883276,2.9299999999999997,719.8926955579001,-0.0,854.7575282915572,7.733595284872294,849.0775000000001,69.6489386744453,-0.0
3355,149.17239771550194,114.50587661247617,2.59,627.9955029384304,-0.0,774.8575282915572,9.74911591355599,752.7025000000001,63.87506187622445,0.3412620744656998
3356,134.58263484858014,95.58762195342042,2.2199999999999998,543.0121060290091,-0.0,696.3575282915572,11.249508840864436,660.7025000000001,57.632905085814755,1.18100903755046
3357,120.80403073885228,79.53460160512893,1.8899999999999997,465.3989473864734,-0.0,622.0575282915572,11.70451866404715,574.0025,51.681021040430416,0.7470453797179282
3358,107.24908082606683,63.13753340126021,1.5999999999999996,391.80756746551924,-0.0,545.1575282915572,9.246168958742636,487.6775,44.853573387086655,-0.0
3359,95.07662635302987,50.410704475277655,0.7999999999999998,332.6637364934945,-0.0,473.6575282915572,6.902750491159139,411.52750000000003,38.15300576498753,-0.0
3360,84.39032151668383,40.042210538335745,-0.0,282.44567574881785,-0.0,404.8575282915572,4.479960707269157,339.42750000000007,31.923209076122905,-0.0
3361,74.86016631702871,30.57229086832064,-0.0,238.5880490667446,-0.0,337.3575282915572,2.0646365422396897,273.62750000000005,26.425132395069436,-0.0
3362,66.47443173877663,22.38856262061447,0.08000000000000007,201.00864366308986,-0.0,268.8575282915572,0.7153241650294717,211.10250000000002,21.646557525806834,-0.0
3363,58.1213887666397,15.434834372908295,0.16000000000000014,169.32923825943513,-0.0,197.65752829155718,-0.0,147.9025,17.231375370324958,-0.0
3364,49.743729006733076,7.843010414047658,-0.0,135.5756030831284,-0.0,124.55752829155718,-0.0,87.1025,13.45764047762888,-0.0
3365,40.27202271715071,-0.0,0.08000000000000007,88.45081904356167,-0.0,48.85752829155716,-0.0,25.3525,9.808294675131787,-0.0
3366,33.91508879338413,-0.0,0.29046499744506904,63.25831427369418,-0.0,-0.0,-0.0,-0.0,6.598190684677157,-0.0
3367,37.702314100538615,-0.0,0.8435028104241185,102.93458540591672,-0.0,-0.0,-0.0,-0.0,5.548595254680783,-0.0
3368,51.86957839383446,-0.0,0.27910832907511507,200.71349655029422,-0.0,-0.0,-0.0,-0.0,7.018141751639113,-0.0
3369,75.23684074180062,-0.0,-0.0,359.38273008051715,-0.0,54.9936457013994,-0.0,-0.0,10.175255772651784,-0.0
3370,104.69858702921256,18.969784889386375,-0.0,555.5726114721499,-0.0,232.31868493996507,-0.0,62.264999999999816,14.927366538400182,15.66063455744984
3371,134.1603333166245,88.42330741103898,0.06393714869698486,760.0272615411626,-0.0,424.0577740299659,-0.0,262.2649999999998,19.705182732412656,15.66063455744984
3372,163.62207960403646,157.87682993269158,0.8639371486969847,967.7351623864365,-0.0,609.4397375210813,-0.0,462.2649999999998,22.96256456994069,36.15352713435616
3373,193.0838258914484,227.33035245434417,0.919524782830863,1176.4431771085235,-0.0,782.0933596937233,19.259519072788823,657.1824999999999,25.77988230806958,53.1025294235295
3374,217.88505089809607,285.74632443589337,0.9753193663771083,1343.0725087125263,-0.0,922.9760077623805,45.55809023240093,805.4074999999999,27.301864960239804,68.17180231146442
3375,233.25131511452656,322.77019331351465,1.775319366377108,1439.1882607557204,-0.0,1002.0022550789612,60.98514477530033,886.765,27.301864960239804,81.07551783576363
3376,235.69397029929556,333.75911553938704,2.459647419519673,1439.7507493093392,-0.0,1002.4151371216485,63.240898665619945,887.7175,29.838229847291586,89.87234044156244
3377,224.18530347163824,318.2846140650871,2.459647419519673,1356.1962342837473,-0.0,924.257528291557,51.99548133595283,833.1175,20.67837810491875,93.68969468643361
3378,202.3073180404945,285.1140028945791,2.25,1211.9509473763162,-0.0,800.4432368245189,33.98919449901767,748.3425,16.82438153322151,92.25422174867731
3379,177.71876416908515,247.8425076217991,1.45,1051.1192276860218,-0.0,666.9432368245189,15.81709233791748,654.8675,7.532260433156694,85.5254156071756
3380,154.56598584263944,214.16505027035248,0.6500000000000001,900.1884185921019,-0.0,547.6432368245189,4.303732809430251,566.9925,5.226900136332642,75.49510018575013
3381,132.6045624397543,183.85996582927993,0.41000000000000014,761.2020775377196,-0.0,444.64323682451897,-0.0,488.4675,-0.0,64.42063395296142
3382,112.28987717266004,154.22225926570334,0.16000000000000014,631.1424173070598,-0.0,349.943236824519,-0.0,412.0175,1.3530505348653712,51.254469731662994
3383,93.59711708722034,127.71240913539503,0.040000000000000036,510.64410173537794,-0.0,271.143236824519,-0.0,343.7175,-0.0,37.96541249706512
3384,81.98577995348015,103.99470257181844,-0.0,410.06357337951107,-0.0,208.343236824519,-0.0,282.99249999999995,1.1909349708076729,26.066543971053186
3385,66.25205727721317,82.11318743055078,0.07000000000000006,320.24838118838875,-0.0,155.64323682451902,-0.0,226.34249999999997,-0.0,15.723398698366116
3386,51.42737201011893,61.85357657812865,0.18000000000000016,234.6291974914999,-0.0,110.04323682451903,-0.0,172.09249999999997,-0.0,7.904781654214176
3387,36.76999513690953,42.685630736665885,0.29000000000000026,159.3020307830781,-0.0,69.443236824519,-0.0,117.29249999999999,-0.0,2.47786259857196
3388,22.399160233124363,23.357206339430775,0.39000000000000035,87.8411108357753,-0.0,34.143236824519,-0.0,65.41749999999999,0.13198604668414005,-0.0
3389,8.559680252899781,5.181633408342051,-0.0,21.489995092754512,-0.0,0.5432368245190062,-0.0,12.467499999999994,1.6555710055760353,-0.0
3390,-0.0,-0.0,-0.0,-0.0,-0.0,-0.0,-0.0,-0.0,4.4524334924017746,-0.0
3391,2.740634601571516,-0.0,0.6293919264179867,-0.0,-0.0,-0.0,-0.0,-0.0,8.97967625566735,-0.0
3392,16.384111810343903,-0.0,1.4293919264179866,-0.0,-0.0,-0.0,-0.0,-0.0,15.256543395222934,-0.0
3393,39.551459313758414,-0.0,2.2293919264179864,-0.0,-0.0,143.79305403080957,-0.0,-0.0,23.2639678938768,-0.0
3394,69.01320560117036,-0.0,2.1688656106285125,174.20791615270903,-0.0,351.5145939659376,-0.0,124.80749999999989,32.33865534091742,-0.0
3395,98.4749518885823,-0.0,2.2180991313234535,397.3905923579722,-0.0,559.2361339010656,-0.0,324.8074999999999,41.45096139846012,-0.0
3396,127.93669817599424,-0.0,2.243214103219212,620.5732685632354,-0.0,766.9576738361936,-0.0,524.8074999999999,50.32820274204168,-0.0
3397,157.39844446340618,69.4535225216526,2.958995912110373,843.7559447684986,-0.0,974.6792137713217,-0.0,724.8074999999999,59.39460905298961,-0.0
3398,184.70605774198276,104.7255260441147,3.7589959121103727,1066.9386209737618,-0.0,1168.1760727684828,-0.0,892.5774999999999,67.2034778208324,-0.0
3399,204.55550073794853,160.85196254268104,3.3003679100664276,1226.3117036521924,-0.0,1304.0022395465292,-0.0,1001.5399999999998,72.45727035856109,-0.0
3400,214.073276307085,193.7653709533309,3.3003679100664276,1310.981578461461,-0.0,1366.086498385873,-0.0,1036.4424999999999,74.33696880051852,-0.0
3401,211.02566380865923,199.23259148192167,3.46953500255493,1309.4902067696212,-0.0,1346.1003066217052,-0.0,995.54,72.3295030352731,-0.0
3402,198.56662959973187,185.54145121324495,2.6695350025549303,1242.0732851142307,-0.0,1270.986015154667,-0.0,913.3149999999999,67.49120452520177,-0.0
3403,183.7013055952191,167.608899486482,2.2395350025549305,1153.4045945112325,-0.0,1177.986015154667,-0.0,819.165,60.63927317797584,0.11232999765210394
3404,169.17002812038209,149.83372563721497,1.7995350025549308,1068.7754698456308,-0.0,1088.786015154667,-0.0,725.165,54.87512363472962,0.01270585976875438
3405,155.4024048424875,133.44069535467966,1.409535002554931,995.1681239016106,-0.0,1009.5860151546669,-0.0,637.515,49.60608681307528,-0.0
3406,142.02073503491715,117.14481360599795,1.0595350025549308,923.1687609691234,-0.0,934.8860151546669,-0.0,552.365,44.51754817963007,-0.0
3407,129.53635538022564,102.35108535829178,0.259535002554931,859.7378151107727,-0.0,870.5860151546668,-0.0,474.31499999999994,40.93389682459298,-0.0
3408,118.01368649981602,89.0676063227156,0.1595350025549309,802.922835275488,-0.0,814.6860151546668,-0.0,402.28999999999996,37.96246366557617,-0.0
3409,106.52927036311249,75.7403286436922,0.13953500255493087,745.4278129690357,-0.0,759.9860151546669,-0.0,333.28999999999996,35.50569234178372,-0.0
3410,94.86446189367565,60.790678054294744,0.1795350025549309,681.183420520905,-0.0,702.4860151546669,-0.0,265.16499999999996,32.62213559042982,-0.0
3411,82.96869083341154,45.60579315413304,0.21953500255493094,613.7687898058887,-0.0,643.4860151546669,-0.0,196.94,28.88007340370331,-0.0
3412,70.9167701364565,29.38281254281687,0.24953500255493097,546.6848314203614,-0.0,584.186015154667,-0.0,126.91499999999999,24.942898495384917,-0.0
3413,56.99062498446509,10.829353375728356,0.08953500255493105,463.2662091995786,-0.0,512.686015154667,-0.0,46.33999999999998,19.991061751842174,-0.0
3414,45.97172993040617,-0.0,-0.0,400.5747292725414,-0.0,462.242778330148,-0.0,-0.0,15.41883778321634,-0.0
3415,43.822699572784686,-0.0,0.1856259580991313,422.82122891547647,-0.0,479.5271579772933,-0.0,-0.0,13.700129798659525,-0.0
3416,53.47091056710438,-0.0,0.7764128768523249,531.9383189027069,-0.0,580.639154096103,-0.0,84.11249999999993,16.425885375949967,-0.0
3417,69.99413055442575,-0.0,0.006951967296882522,700.9039953950115,-0.0,725.3789277636456,-0.0,226.40249999999995,20.210606941440524,-0.0
3418,92.48939851781485,37.463325323264854,0.8069519672968823,917.2138087918725,-0.0,912.2895547273715,-0.0,408.24499999999995,24.8542315396359,-0.0
3419,116.8367691175673,106.91684784491746,1.6069519672968822,1129.8215728727155,-0.0,1106.9142315425327,-0.0,605.2825,29.578641666035736,-0.0
3420,142.44609902978374,176.37037036657006,2.406951967296882,1353.0042490779786,-0.0,1301.5245363521212,-0.0,805.2825,33.34325964705251,-0.0
3421,165.96103928640167,245.82389288822264,3.1051405212059286,1554.4047220069244,-0.0,1473.7922083761985,2.937201146962998,988.6650000000001,35.39405205460256,0.2978974339819782
3422,184.31128634579287,304.5837523238004,3.9051405212059285,1707.1875171126685,-0.0,1602.5889868348252,31.556378173241036,1128.2025,35.57801445867197,10.838575151108508
3423,193.66304268711554,342.49053726891873,4.384982115482883,1785.4614096421053,-0.0,1661.7723194810242,50.01552766059601,1198.1275,32.777801346678615,19.30693820777835
3424,192.58520057781465,353.9433953672812,4.5600153295861015,1785.4614096421053,-0.0,1647.9852015237116,58.00769630805611,1198.6975,27.193896664756227,25.114081569764057
3425,178.8635050677011,336.8573355451724,4.269182422074604,1687.5908079660908,-0.0,1559.3418841606583,53.325343811394895,1122.5875,24.90106827762198,27.0349769717849
3426,156.7590329235254,301.19030273753594,3.6195350025549313,1523.5403840827057,-0.0,1421.32759269362,38.41218074656189,1007.0375,20.63852258287643,25.309063454818848
3427,131.5669160602037,260.2547198722034,2.8195350025549315,1329.1491409261823,-0.0,1267.12759269362,19.985854616895878,880.0625,11.346401482811615,19.77006821596739
3428,107.41845339382445,222.5348498734074,2.1195350025549313,1141.5183318322624,-0.0,1126.12759269362,6.257760314341844,759.1125,2.0542803827468,13.40163910287378
3429,96.08902813661791,187.2676019971155,1.5695350025549313,969.5697355225276,-0.0,1007.02759269362,1.1090373280943027,652.6875,-0.0,7.448052862213146
3430,75.98767769775684,154.86345479909994,1.1395350025549313,815.0340243264667,-0.0,900.92759269362,-0.0,554.2875,0.5407850370034861,2.9240264311065722
3431,58.50882269864425,125.04978615685674,0.8495350025549313,684.1992237267804,-0.0,810.72759269362,-0.0,469.1875,3.3080404452360774,-0.0
3432,42.55707992704986,99.66754324768674,0.6495350025549314,576.366244319843,-0.0,737.92759269362,-0.0,396.2875,-0.0,-0.0
3433,37.97321580743427,77.97196038235418,0.5395350025549313,496.51421798044765,-0.0,677.1275926936199,-0.0,327.38750000000005,-0.0,-0.0
3434,33.3926135520278,59.51803259373716,0.4795350025549312,438.8698255323169,-0.0,624.4275926936199,-0.0,262.9875,-0.0,-0.0
3435,28.548927357772854,44.12004701529908,0.43953500255493116,398.67172231647265,-0.0,577.9275926936199,-0.0,198.4875,-0.0,-0.0
3436,22.931390800208828,29.5403864916578,0.3695350025549311,367.26255517970344,-0.0,534.1275926936199,-0.0,132.5625,2.791867685941482,-0.0
3437,15.49116263652965,11.671673145317374,0.17953500255493113,322.10184758823823,-0.0,476.22759269361995,-0.0,53.86250000000001,2.791867685941482,-0.0
3438,5.715124520214452,-0.0,-0.0,291.58025680781805,-0.0,430.88435586910094,-0.0,-0.0,-0.0,-0.0
3439,-0.0,-0.0,-0.0,335.02150860361553,-0.0,446.8973184503226,-0.0,-0.0,-0.0,-0.0
3440,6.08236900556556,-0.0,0.07394225855902059,456.5602668108862,-0.0,535.0521487009796,-0.0,24.774999999999835,1.2377966906522868,-0.0
3441,32.567643897117605,32.193005478247045,0.8063643331630059,641.3682507858837,-0.0,681.8347565003696,-0.0,191.29499999999985,3.810522594929582,-0.0
3442,55.04655380330242,101.64652799989965,0.8063643331630059,864.5509269911469,-0.0,861.2025493322483,-0.0,391.29499999999985,6.239755194549234,-0.0
3443,80.28886526193901,171.10005052155225,1.6063643331630058,1087.73360319641,-0.0,1048.8986834826003,-0.0,591.2949999999998,8.43318142213332,-0.0
3444,105.1816532047312,240.55357304320484,2.4063643331630056,1310.9162794016731,-0.0,1233.7233602977615,-0.0,791.2949999999998,10.334967565399342,0.8278040113852327
3445,134.64339949214315,309.3860355686342,3.2063643331630054,1515.2758188110247,-0.0,1406.7624896570296,-0.0,990.1199999999999,11.755244196173427,22.899539493842223
3446,161.29508926217397,364.60423992749645,3.9919596320899338,1671.3312476143115,-0.0,1541.1878510497327,12.027174069870696,1142.4775,11.560894339297079,39.92274034151026
3447,178.63659524748616,400.05664013906744,4.410038323965253,1759.5171112857759,-0.0,1618.8996860914735,34.59796200574722,1229.3325,10.883493941212869,50.719119009745405
3448,186.0839219430429,410.44958118094644,4.505544200306591,1766.0299854373732,-0.0,1625.9410705297028,48.00181619465119,1237.7475,14.547725934376235,56.15224584773024
3449,180.6599266261733,392.42281345942297,4.209182422074604,1677.88993846912,-0.0,1552.769170232573,48.597053045186634,1161.365,14.547725934376235,54.54627498256622
3450,158.0601638617049,354.11102489679456,3.549535002554931,1524.7767959636583,-0.0,1419.0548787655348,36.70667976424361,1041.665,11.366612822226392,44.948560491098874
3451,140.1924311377742,312.68092555435624,2.7695350025549312,1354.34563774947,-0.0,1273.7548787655348,21.744597249508843,917.865,2.074491722161577,33.13937693242528
3452,124.74489458021019,273.7689219230724,2.109535002554931,1197.423373143189,-0.0,1139.354878765535,9.835363457760316,802.615,0.2787167747873802,21.567929259484117
3453,101.5992832043007,239.3669182917886,1.5795350025549313,1059.566444701653,-0.0,1020.1548787655349,3.7412573673870355,695.9150000000001,-0.0,12.096481586542957
3454,89.87885887425487,206.97515393839095,1.1195350025549313,933.1441800953721,-0.0,909.854878765535,-0.0,595.69,-0.0,4.936480420251524
3455,79.24880863593634,178.43362886287946,0.8195350025549313,830.4357111991399,-0.0,817.854878765535,-0.0,505.4150000000001,2.7115086683963856,1.1879257606098186
3456,60.33547829240267,152.46067805429476,0.6495350025549314,745.4628167345376,-0.0,742.1548787655349,-0.0,424.81500000000005,-0.0,-0.0
3457,41.93617623753873,127.06106720187263,0.5395350025549313,669.0592499404463,-0.0,674.754878765535,-0.0,351.44000000000005,-0.0,-0.0
3458,33.55840703159602,102.02860488330411,0.4995350025549312,595.7032320952845,-0.0,612.254878765535,-0.0,280.46500000000003,-0.0,-0.0
3459,25.503329431768464,76.230429698199,0.43953500255493116,520.0600993637968,-0.0,551.0548787655349,-0.0,211.64000000000001,4.657890511431894,-0.0
3460,17.589410589134832,50.76391952405326,0.3695350025549311,443.104081518635,-0.0,489.45487876553494,-0.0,139.365,5.4664985787670926,0.6115101502728439
3461,7.459538276176939,21.012882938557937,0.17953500255493113,351.3480636734732,-0.0,410.854878765535,-0.0,54.964999999999996,-0.0,0.34811261819815975
3462,-0.0,-0.0,-0.0,280.14872136225983,-0.0,344.02593340805413,-0.0,-0.0,-0.0,-0.0
3463,-0.0,-0.0,-0.0,276.14722482661523,-0.0,333.938936258543,-0.0,-0.0,-0.0,-0.0
3464,3.839707361228893,-0.0,0.4059632089933569,361.64904740095926,-0.0,395.8938470477343,-0.0,60.86250000000007,-0.0,-0.0
3465,25.47083223486383,-0.0,0.7826647930505892,522.1409608626079,-0.0,510.36240499568913,-0.0,204.99500000000012,2.436634041939403,-0.0
3466,54.932578522275776,63.85597125827637,1.582664793050589,731.8291195405161,-0.0,681.5731527672167,-0.0,391.77750000000015,6.746270226084999,-0.0
3467,84.39432480968772,133.30949377992897,1.582664793050589,955.0117957457793,-0.0,855.812362665019,-0.0,591.7775000000001,10.354263685210245,-0.0
3468,107.69119287959086,202.76301630158156,1.582664793050589,1177.9885586284959,-0.0,1039.479994419829,-0.0,791.7775000000001,13.337529712913566,0.17638753202223612
3469,128.42905450612582,272.21653882323415,2.382664793050589,1386.9005524641898,-0.0,1206.9335360539367,-0.0,982.5100000000002,17.333326645507857,19.990868179014335
3470,144.6348785929114,329.57269287470547,3.1826647930505887,1554.2824369735592,-0.0,1338.5303950510977,12.131717938653459,1128.9475000000002,17.153252980791322,37.49361794346858
3471,161.79363878246463,365.80269596667165,3.6976826775677063,1649.416420826232,-0.0,1415.8279386258005,34.80791267100359,1214.4025000000001,22.809534609872646,51.468000555480344
3472,169.3228005213943,376.0043775440909,3.8678921819110887,1660.6521019175132,-0.0,1420.512157195877,46.05294383767176,1221.525,22.809534609872646,59.94848121197046
3473,154.84146086200207,358.66666264526657,3.6470592743995915,1575.6655342184326,-0.0,1342.9259654317093,44.172495088408645,1143.79,22.534912454191335,61.0051485625077
3474,142.4367743104537,323.4410655049471,3.1100000000000003,1438.3396208457527,-0.0,1216.5116739646712,32.33673870333988,1033.19,13.24279135412652,56.41548421190682
3475,126.8054056305866,285.41429618442754,2.4400000000000004,1280.37870089845,-0.0,1076.0116739646712,18.087819253438113,911.1150000000001,3.9506702540617056,48.40290428744997
3476,102.53134534460436,248.58704830813562,1.8000000000000003,1136.1226830532883,-0.0,943.1116739646712,7.912573673870334,794.3400000000001,0.8793316987280928,39.25762005827961
3477,90.02266827085242,215.267656865112,1.2600000000000002,1006.2844524239415,-0.0,827.7116739646713,2.6675834970530445,686.2650000000001,0.19333130817013178,30.436989992956292
3478,67.97648663684897,184.08421756651114,0.7900000000000003,881.6333366809207,-0.0,720.7116739646713,-0.0,584.6650000000001,-0.0,21.150825382894055
3479,58.23260427622738,156.61887397906474,0.4600000000000002,779.1693358242259,-0.0,631.1116739646712,-0.0,492.01500000000004,0.13793173778389267,13.605667089035602
3480,49.727170825678535,130.71424822527686,0.29000000000000026,686.7222115869715,-0.0,553.7116739646713,-0.0,408.84000000000003,3.7299385943894094,8.006420757087962
3481,32.11403664851153,107.0167710053426,0.17000000000000015,602.6346108159462,-0.0,480.5116739646713,-0.0,334.99,-0.0,4.4612624632295095
3482,25.212631486632404,84.18786805233516,0.15000000000000013,517.5847547895684,-0.0,404.3116739646713,-0.0,264.59,-0.0,2.176733068402946
3483,18.56564694615632,60.91086938817324,0.1200000000000001,429.41312004160903,-0.0,323.4116739646713,-0.0,194.58999999999997,4.4871668800389966,0.8561030030796246
3484,11.732886860716617,38.737679301702386,0.07000000000000006,345.7552810036982,-0.0,242.1116739646713,-0.0,122.51499999999999,1.003610128685093,0.7485546596417052
3485,3.991855790564795,14.879494182353444,-0.0,258.5321058010429,-0.0,157.5116739646713,-0.0,42.81499999999999,1.003610128685093,-0.0
3486,-0.0,-0.0,-0.0,202.56081827665088,-0.0,103.38272860719049,-0.0,-0.0,1.003610128685093,-0.0
3487,-0.0,1.2179912971436693,-0.0,221.77289533904423,-0.0,117.0386058587938,-0.0,-0.0,-0.0,-0.0
3488,7.216661188846587,35.82151210979346,0.7004343382728664,319.5450768076306,-0.0,193.90788865355762,-0.0,-0.0,1.2889045535314132,-0.0
3489,25.464069149192305,92.70669199565383,1.5004343382728662,487.0926394818268,-0.0,333.8192404640927,-0.0,147.72499999999974,5.617530995412764,-0.0
3490,50.579426717488786,162.16021451730643,2.300434338272866,701.9226482869622,-0.0,527.4083704465761,-0.0,339.16499999999974,11.89922482280331,-0.0
3491,79.08060938070993,231.61373703895902,2.086254471129278,925.1053244922253,-0.0,732.6188766025007,-0.0,539.1649999999997,18.850981252794572,-0.0
3492,106.9324665122817,301.0672595606116,2.086254471129278,1148.2880006974885,-0.0,940.3404165376287,-0.0,739.1649999999997,25.33381433559176,20.33915988203142
3493,136.39421279969366,370.5207820822642,2.886254471129278,1371.4706769027516,-0.0,1123.979626435431,-0.0,932.7924999999998,30.957774013738764,37.62001644833713
3494,154.60314216861622,430.81854598799134,2.886254471129278,1560.3611085357468,-0.0,1263.8479024985159,24.636028730532587,1091.7849999999999,34.422492317958,49.4080165120657
3495,174.28846567088218,469.52351316536283,3.226857434849259,1681.970003894892,-0.0,1341.9883607436004,45.412154481773676,1187.3625,34.78276200819453,56.089317015935066
3496,172.70123105276718,482.7806964998259,3.5556566172713335,1706.0029464465058,-0.0,1341.9883607436004,52.80612459882232,1199.8899999999999,32.05239485395439,56.657422220115585
3497,159.50495417014753,469.2409598435845,3.477059274399591,1638.4728213042622,-0.0,1280.4828193089215,48.09528487229863,1135.0299999999997,26.000699845496175,51.603656011683285
3498,147.46602492255676,437.6732092022895,3.01,1499.7895547783708,-0.0,1143.9685278418833,35.67445972495089,1029.0049999999997,17.560004998062368,42.76994422447456
3499,122.62715168243815,403.5797599694448,2.34,1342.1406093483674,-0.0,993.5685278418833,20.323575638506888,915.2049999999997,8.34468093705571,31.344408513444204
3500,108.54385782091651,369.19845430333186,1.7500000000000002,1197.5965660205052,-0.0,853.6685278418834,11.014341846758363,806.7549999999998,0.4098077624165892,20.676231270974398
3501,96.22844261137368,337.55239288222697,1.2700000000000002,1058.2871865278985,-0.0,725.8685278418834,4.79194499017683,707.2299999999998,0.4098077624165892,12.165412497065123
3502,84.29243890273088,305.22253281767485,0.8200000000000003,925.4244453878466,-0.0,604.3685278418834,0.2601178781925384,617.0299999999997,-0.0,5.111952191716391
3503,73.21853830110327,273.8064912650576,0.4900000000000002,802.5696872593278,-0.0,518.5348867043342,-0.0,534.4549999999997,-0.0,0.6191207853995486
3504,63.89424536674233,244.80521540167615,0.3100000000000003,692.6753631934124,-0.0,422.83488670433417,-0.0,459.27999999999963,-0.0,-0.0
3505,54.97513947824505,217.78393953829465,0.2100000000000002,588.6414731901006,-0.0,354.001245566785,-0.0,386.25499999999965,0.5532557987905502,-0.0
3506,46.24872263901734,193.30623297471806,0.13000000000000012,486.6640257436257,-0.0,288.36760442923577,-0.0,314.7299999999997,5.930600820171719,-0.0
3507,38.48134576580794,169.95399999979188,0.10000000000000009,388.93013574031386,-0.0,203.66760442923575,-0.0,245.10499999999968,3.346996766976222,-0.0
3508,31.163202468137925,146.82080991332103,0.08000000000000007,292.76158190174647,-0.0,140.73396329168654,0.9113948919449939,174.10499999999968,-0.0,-0.0
3509,23.27140497352549,123.76261485972825,-0.0,194.17524084736414,-0.0,71.60032215413733,-0.0,99.42999999999968,-0.0,-0.0
3510,17.436294590065028,108.39881725300597,-0.0,112.79266692039391,-0.0,-0.0,-0.0,59.57249999999968,-0.0,-0.0
3511,16.538349149088702,104.79774058628726,0.12198773633111903,97.72058365550669,-0.0,-0.0,-0.0,97.10999999999967,-0.0,-0.0
3512,21.03328455243123,113.07363350881786,0.12198773633111903,98.39104883975745,-0.0,35.91239881148134,-0.0,207.1049999999997,2.4112374972838833,-0.0
3513,31.868771031558055,133.67912210226447,0.12198773633111903,174.0376835902031,-0.0,128.08123864430635,-0.0,375.3099999999997,7.687229328121916,-0.0
3514,47.34633099907206,163.57890696491546,0.792301992846193,255.37099135067152,-0.0,261.26384644369637,-0.0,575.3099999999997,15.035709726977762,-0.0
3515,63.32994501151029,198.3049447632405,1.4721435871231474,347.183663223759,-0.0,412.80333822636885,-0.0,775.3099999999997,22.88224238703097,-0.0
3516,78.17249767634965,230.65708430211595,2.19986969851814,440.46326696705773,-0.0,574.9999153386597,-0.0,975.3099999999997,30.31390280176074,-0.0
3517,93.0713929792417,259.85238481521725,2.19986969851814,523.1031864119469,-0.0,736.1681511324772,-0.0,1175.3099999999997,38.33032300188948,-0.0
3518,104.50485915559909,283.302265678956,2.8625472662238116,579.3192662148504,-0.0,871.0082469541571,-0.0,1364.3774999999998,44.977469559333535,-0.0
3519,113.25970260283165,301.40377859026285,3.3807613694430243,635.9127490861899,-0.0,982.5439288806389,-0.0,1487.8674999999998,49.014251226317,-0.0
3520,116.72680903165775,307.27636920501334,3.4808993357179365,643.681711081228,-0.0,1013.1855146652041,-0.0,1525.2024999999999,50.100170958534605,-0.0
3521,114.33256019377278,299.94192753706614,3.4808993357179365,621.467535085691,-0.0,983.7136546373416,-0.0,1477.1174999999998,47.77873401491166,-0.0
3522,104.53696470766671,277.6323844819964,3.1960756259581,584.4008932992062,-0.0,910.8993631703034,-0.0,1388.2924999999998,43.00871549702916,-0.0
3523,91.63960607546333,247.2565524045338,2.7060756259581003,492.42456880494353,-0.0,846.0657220327543,-0.0,1286.8924999999997,36.664067765573805,-0.0
3524,77.56570547383572,214.69906525035572,2.1860756259581002,411.88085121022743,-0.0,757.4657220327542,-0.0,1183.8174999999997,30.821816371480917,-0.0
3525,63.35775834253236,180.67801873061657,1.6860756259581,319.67396776378433,-0.0,693.232080895205,-0.0,1089.2674999999997,26.138070412760637,-0.0
3526,48.54287690907145,144.722934289544,1.2460756259581,223.3563695166847,-0.0,628.0984397576557,-0.0,996.3174999999998,21.651880814836304,-0.0
3527,35.96434127866813,114.08284488134956,0.9560756259581,140.45655848540008,-0.0,552.2984397576556,-0.0,913.6174999999997,18.66569121691197,-0.0
3528,26.394468965710235,89.22774057178935,0.7760756259581001,90.22481540798351,-0.0,514.5647986201064,-0.0,839.7424999999997,20.325360220831268,-0.0
3529,19.09614774267958,69.37738208297722,0.6660756259581,68.54335306861994,-0.0,484.3311574825572,-0.0,769.2424999999997,18.790439744350557,-0.0
3530,13.256882169827671,54.222247970685515,0.6160756259581,55.43304129104155,-0.0,458.99751634500797,-0.0,700.7674999999997,18.790439744350557,-0.0
3531,9.109560019636318,41.30115177972722,0.5660756259580999,54.14541713289404,-0.0,414.49751634500797,-0.0,631.4924999999997,18.790439744350557,-0.0
3532,5.765143882932787,28.526715632606365,0.47607562595809977,48.43601425316501,-0.0,367.597516345008,-0.0,558.3924999999997,15.262944789165202,-0.0
3533,1.8807459872352719,11.811800929713172,0.2560756259580998,18.79103694180597,-0.0,319.0682532438322,-0.0,475.81749999999977,9.6793880378113,-0.0
3534,-0.0,-0.0,0.04618804292284162,-0.0,-0.0,264.39647375450403,-0.0,418.65749999999974,2.8427896591765727,-0.0
3535,-0.0,-0.0,0.05899335717935683,14.598950324362917,-0.0,256.3667230116799,-0.0,431.1574999999998,5.029754213557881,-0.0
3536,6.505536815408245,9.353108683533726,0.3359018906489528,91.50144788198345,-0.0,326.07386227335246,-0.0,514.4174999999998,5.029754213557881,-0.0
3537,22.45591877043259,34.879734278971284,0.8558559018906493,228.5907299302342,-0.0,427.6852543531546,-0.0,647.5574999999999,5.029754213557881,-0.0
3538,44.77287171535602,103.86341972788686,1.6327414409810936,416.99917838088396,-0.0,589.7910244597435,13.342807198792698,831.0349999999999,11.252716541823014,-0.0
3539,70.7622417452412,173.31694224953947,2.4327414409810935,619.1727419931957,-0.0,762.3965529507294,42.658947859828764,1031.0349999999999,16.696931814543248,5.391672092160604
3540,100.22398803265314,242.77046477119208,3.2327414409810933,815.9920337313306,-0.0,926.059247309868,71.9728275305668,1231.0349999999999,21.75568099136399,28.788765078559237
3541,129.68573432006508,308.94611525915747,4.032741440981093,1013.3666175724109,-0.0,1071.6078515483043,97.67209181781831,1412.3449999999998,26.20132857900548,49.878965404797725
3542,145.19966970720813,361.52305417847884,4.706101175268267,1139.2992424416432,-0.0,1174.9141048860993,114.69590451101575,1539.9424999999999,28.326193364364922,65.21112622459732
3543,152.8467733121233,395.2407414600187,5.105590189064895,1232.4089302759307,-0.0,1219.9639574718178,122.15047537402029,1600.0,28.04648160461781,74.84147056968821
3544,152.8467733121233,405.15590341864515,5.122858967807868,1230.9002541988582,-0.0,1205.7718215802995,121.53955101248401,1576.9125,25.97063384472833,78.1408707272521
3545,148.64215408089018,390.2929244063251,4.804614205416453,1169.814589846104,-0.0,1125.9948630796969,113.35723181252331,1485.4824999999998,23.120369301498357,74.15659001522788
3546,125.18037354282963,356.75658956385945,4.127554931016862,1009.2668977518424,-0.0,993.6469304751096,94.34774066797642,1360.4824999999998,18.227132597011405,63.239252940932424
3547,98.48440631619886,318.19384823042947,3.3275549310168624,833.2961736002576,-0.0,844.2132893375604,70.74577603143419,1226.9574999999998,12.185117712126488,48.853088330870186
3548,83.14285971097112,281.46539403046285,2.587554931016862,665.0165558407652,-0.0,703.2796482000111,48.6286836935167,1101.1574999999998,6.974822835052727,34.701389176069036
3549,70.04380854549188,249.11956195300027,2.0175549310168623,544.5327108325466,-0.0,578.446007062462,32.22102161100196,986.8074999999998,2.988917048177955,22.2415139450895
3550,58.8553276381066,218.18302197612303,1.5075549310168628,407.4659781867283,-0.0,466.8123659249127,18.366208251473466,881.9824999999997,0.722513073094051,11.335726752199161
3551,39.11741698881528,190.369343399636,1.1875549310168627,291.4111386485451,-0.0,373.4787247873635,8.764243614931232,786.1574999999997,-0.0,3.7954741040477344
3552,26.292331194511377,165.95161696757174,0.9775549310168629,218.09354040144547,-0.0,297.0450836498143,2.843418467583497,699.3074999999997,-0.0,0.38138489966711475
3553,19.929999923817018,143.5772205574262,0.7975549310168629,167.86487823342088,-0.0,232.71144251226505,-0.0,615.8574999999996,-0.0,-0.0
3554,15.504406788913547,123.84329276880915,0.6875549310168628,134.06870958763434,-0.0,182.77780137471584,-0.0,537.5324999999996,-0.0,-0.0
3555,11.739402153110047,105.60578574614341,0.6175549310168628,112.20013236194478,-0.0,140.94416023716664,-0.0,461.4074999999996,-0.0,-0.0
3556,8.728640213348942,88.58041235596554,0.5175549310168627,93.04535084630373,-0.0,101.7105190996174,-0.0,382.55749999999955,3.5627777898400126,0.9277494998469646
3557,3.6582706063211488,69.36169900962511,0.2775549310168627,54.00345444433668,-0.0,46.47687796206818,0.5858222490362124,292.55749999999955,-0.0,0.32498086680417204
3558,-0.0,56.53251624325331,0.008019928461931669,-0.0,-0.0,-0.0,-0.0,227.4749999999995,-0.0,-0.0
3559,-0.0,65.41353864862548,-0.0,9.401235253478902,-0.0,-0.0,-0.0,232.6349999999995,-0.0,-0.0
3560,14.454838119192287,94.90382936426501,0.3190240163515582,89.85972550229965,-0.0,49.79774492103866,-0.0,309.92749999999955,-0.0,-0.0
3561,27.17853741252368,142.94928537789113,0.8778002043944811,222.98219667733886,-0.0,157.56610152265762,-0.0,442.04999999999956,-0.0,-0.0
3562,45.86866935468804,206.5611978999392,1.5504241185487988,395.12120996156557,-0.0,307.791060222689,-0.0,609.7574999999995,8.720197851184842,-0.0
3563,68.31665578368828,276.0147204215918,2.3504241185487986,598.2395877280542,-0.0,500.72497030141545,-0.0,798.5299999999995,9.948352301200131,-0.0
3564,92.07773658785533,345.4682429432444,3.1504241185487984,803.1115556348993,-0.0,668.0925215176911,-0.0,985.5649999999996,10.88018794889533,13.875283506862118
3565,121.53948287526727,410.0524656822181,3.909777721001532,990.4412153197661,-0.0,838.0409646790588,16.125684476729703,1145.9074999999996,18.763263089979514,28.07746555290119
3566,138.25217535379412,464.9405505565903,4.56431527848748,1140.9549041277244,-0.0,969.0184740057088,41.312885020291574,1254.5799999999995,17.52293702714973,39.33798306375492
3567,146.45384754369448,499.6166156521316,4.945334695963208,1224.3481728278991,-0.0,1019.344640783755,56.41924667380445,1307.8649999999996,13.155907715636431,46.69319775023086
3568,155.00495687431567,512.1811228521284,5.004839039345937,1229.7016343844514,-0.0,1003.6003166890225,61.17926996733778,1296.7599999999995,14.396954849636005,48.6917014673992
3569,150.2280121030333,499.7592128264238,4.71400613183444,1154.6968161028315,-0.0,941.7804837873055,55.94027504911592,1217.8724999999995,12.916416417476817,44.615835569647885
3570,138.2374085631727,468.47238949394193,4.036946857434849,1017.3745451156497,-0.0,807.8661923202674,42.0196463654224,1153.1474553571422,9.024547052282571,35.534473230537294
3571,113.38550610722368,431.97511181491853,3.236946857434849,859.730152667519,-0.0,682.9325511827182,24.78212180746562,1023.9974553571423,4.494655759734757,24.669440483226936
3572,90.15552883292919,398.8178341358951,2.476946857434849,721.8035474352032,-0.0,572.6989100451689,12.103143418467589,900.9224553571423,1.530600820171724,15.458495774005765
3573,79.78920575557714,368.1727000236034,1.9069468574348494,633.4687234483946,-0.0,477.64600706246193,4.248722986247543,790.8974553571423,0.33238223359347074,8.949186280020271
3574,70.8536491026857,339.24637945612466,1.4069468574348494,526.1687990398013,-0.0,394.01236592491273,-0.0,743.4224107142852,-0.0,3.9349711403277468
3575,64.1203917231761,313.7331595669223,1.0469468574348493,436.23421079595255,-0.0,332.0787247873635,-0.0,648.4974107142853,1.68956321740146,0.8666679625460354
3576,57.89731226902714,290.55684893368743,0.8369468574348493,364.6085161600113,-0.0,286.1450836498143,-0.0,560.6724107142852,-0.0,-0.0
3577,51.5886351952752,268.84530398968826,0.6969468574348494,330.1172496163657,-0.0,246.61144251226509,-0.0,480.1974107142852,-0.0,-0.0
3578,35.0172482744021,248.5666204460793,0.6269468574348493,269.54309543512045,-0.0,208.27780137471586,0.7403782557663305,401.0474107142852,-0.0,-0.0
3579,27.741422491119945,227.3669897251695,0.5369468574348493,208.0204817085712,-0.0,166.54416023716666,4.972598295059065,322.5974107142852,-0.0,-0.0
3580,19.754241784277202,204.41022040464992,0.4069468574348494,138.81873610722891,-0.0,118.61051909961745,6.16513267619856,244.52241071428523,-0.0,-0.0
3581,8.758593926355685,177.5660732066344,0.18694685743484937,73.82473777445982,-0.0,52.47687796206821,3.1519696113655513,187.02008928571385,-0.0,-0.0
3582,-0.0,157.156881377196,-0.0,1.0125103495725085,-0.0,-0.0,-0.0,121.90508928571387,0.15817600173421287,-0.0
3583,0.27040013536447205,157.0761709742564,-0.0,-0.0,-0.0,4.72219584478696,-0.0,117.68008928571388,-0.0,-0.0
3584,10.33225200573143,177.7346356222434,0.10112161471640602,66.43226978619329,-0.0,65.10063136458174,-0.0,181.0050892857139,0.3807151700287523,-0.0
3585,29.93654734990432,222.48248007398814,0.6957792539601462,207.44345529793964,-0.0,183.39259323533852,-0.0,315.8100892857139,-0.0,-0.0
3586,55.67716931482512,281.83696157775523,1.495779253960146,420.57710261379657,-0.0,322.903341006866,-0.0,500.7300892857139,0.8200207685264012,-0.0
3587,73.78434866832177,345.2020906849875,2.295779253960146,624.3112182800821,-0.0,482.08518369017986,-0.0,692.227589285714,1.8369368690565615,1.6921941727821768
3588,102.53635504792983,410.35434411684264,3.0957792539601456,833.0114698363027,-0.0,674.3190132303719,-0.0,866.280089285714,3.000958796909705,21.59320612226618
3589,125.34244882456115,470.4957067081838,3.8957792539601455,1046.7119385208296,-0.0,853.8959587872814,-0.0,996.937589285714,3.591573416012155,40.58900574793877
3590,147.14032728220317,519.7638658445863,4.621021972406747,1197.0175401966146,-0.0,994.1020107787406,21.92167879180934,1089.555089285714,10.683638023822814,56.73849623302979
3591,160.2962569912009,549.5009035794169,5.050158405723047,1280.380828796579,-0.0,1051.4710519579014,40.09038031285534,1127.792589285714,14.938295895351432,67.34490262855726
3592,163.3543154470346,555.6281801732208,5.15742718446602,1309.020037157755,-0.0,1035.6838937313216,48.144888827848575,1104.587589285714,17.695452833150306,72.32313523028348
3593,154.76044386588183,536.2088002634371,4.846594276954523,1216.0118049835487,-0.0,970.6640608296046,44.732416502946954,1077.400044642857,9.511008818811172,70.87155882297276
3594,138.42149637728505,497.6351661462489,4.199535002554931,1064.1987767245428,-0.0,858.5161282250173,33.36090373280943,962.825044642857,7.394703061576349,63.30654863621892
3595,119.58433391144833,453.5857846374691,3.399535002554931,916.3198338184652,-0.0,708.3161282250173,17.547937131630654,841.5250446428571,3.6233172044011397,51.77434612893397
3596,102.15660118751764,412.27616385080313,2.669535002554931,778.6151206850396,-0.0,592.6824870874681,6.6746561886051055,724.6750446428571,0.8933786100117302,39.10616888646416
3597,87.10175623606877,375.7222559306738,2.089535002554931,659.9410798811031,-0.0,471.1824870874681,2.012770137524555,620.4250446428571,-0.0,27.205287339280844
3598,74.30864029990778,341.4483480105444,1.609535002554931,555.6452603555849,-0.0,385.04884594991887,-0.0,581.8999999999999,-0.0,15.337236032122938
3599,63.229748818783165,310.58087079061016,1.2195350025549312,445.0108659888306,-0.0,306.85014185328714,-0.0,496.19999999999993,-0.0,6.426543193525568
3600,53.79873598963736,281.97791998202547,0.9895350025549312,371.52394007121995,-0.0,252.51650071573795,-0.0,422.4749999999999,-0.0,1.292831406316843
3601,45.4829102063552,255.93163915152206,0.8095350025549313,311.02412903993536,-0.0,207.38285957818874,-0.0,354.44999999999993,1.6568659274756392,-0.0
3602,37.55323405976396,229.965836876791,0.6995350025549312,253.51542440074326,-0.0,170.14921844063952,-0.0,292.12499999999994,-0.0,-0.0
3603,29.35797853457576,203.61646530225505,0.5895350025549311,200.69782615364363,-0.0,135.2155773030903,-0.0,226.24999999999994,2.5397604530472364,-0.0
3604,21.09445202467544,176.8213808611825,0.489535002554931,143.049555577055,-0.0,97.68193616554109,-0.0,156.49999999999994,-0.0,-0.0
3605,10.028804166753922,146.01487068703676,0.23953500255493096,61.805276506232886,-0.0,43.74829502799188,-0.0,74.72499999999997,3.6187922841669664,-0.0
3606,0.5107804984921955,121.68985411599095,-0.0,-0.0,-0.0,-0.0,-0.0,7.964999999999975,1.4173955163179919,-0.0
3607,-0.0,119.9703806026184,0.05527337761880413,-0.0,-0.0,-0.0,-0.0,-0.0,1.4173955163179919,-0.0
3608,0.1876915079185011,143.23299869726617,0.42864844149207904,55.2938459437121,-0.0,61.92628758584786,-0.0,72.99750000000002,-0.0,-0.0
3609,16.34757478880303,187.45017179056975,1.0543638221768004,176.59294907260423,-0.0,176.1375185885814,-0.0,206.9275,1.0316661342490399,-0.0
3610,40.704678546644956,244.73712109838974,1.8543638221768002,337.5270670052337,-0.0,324.2053919589944,-0.0,367.44000000000005,3.698231854068455,-0.0
3611,68.16112325528785,305.5272020319589,2.6543638221768,523.2704253996953,-0.0,488.80156637861364,-0.0,523.0975000000001,6.302158472449257,-0.0
3612,97.62286954269979,370.18044275967065,2.6010219724067447,724.1410358501583,-0.0,662.7262834630419,-0.0,689.8600000000001,9.26090747882975,-0.0
3613,125.69269358398122,431.30546356941437,3.4010219724067445,910.4520078486513,-0.0,833.6934851037267,-0.0,854.6975000000002,11.624947080469848,-0.0
3614,148.59217315216335,479.5029937907561,4.201021972406744,1056.6814443125795,-0.0,960.533178232735,4.055058112548686,1040.287455357143,12.123057745575235,14.627187550218824
3615,162.18531929893595,508.30667295369403,4.7175702606029635,1134.694905785042,-0.0,1029.6593450107814,25.595576849452904,1151.0874107142859,16.761554467288065,28.071181077270026
3616,164.7066737497882,512.9198386168919,4.8222508942258555,1156.6942054694543,-0.0,1022.515061185316,35.57101849386036,1122.5649107142858,11.293808740699573,35.67592840530394
3617,156.75217772089766,493.59480457485733,4.56400613183444,1096.3503978063322,-0.0,974.4952282835989,36.56057169464511,1042.6649107142857,11.293808740699573,38.302274610890464
3618,140.0018753087403,455.8387876130513,3.906946857434849,986.570537922979,-0.0,852.9809368165606,27.28349705304518,929.7149107142857,8.65800117167388,35.56818501774603
3619,120.8623953285157,415.1255875923366,3.106946857434849,841.1003752475003,-0.0,716.8809368165606,15.944204322200385,866.4898660714285,4.476888059524036,28.6538439427416
3620,103.2113824993699,378.1376218823862,2.396946857434849,736.7744448685993,-0.0,589.4809368165606,6.476620825147343,751.5148660714285,1.6177203983691193,21.049440094463133
3621,87.88325744270591,343.8096561724358,1.8269468574348495,645.9178421602093,-0.0,498.3472956790114,2.052455795677794,650.6648660714285,-0.0,13.31396715670683
3622,74.7197491738116,312.28812116268045,1.3769468574348496,565.3949926907002,-0.0,415.7136545414621,-0.0,558.0648660714285,-0.0,6.211324458975934
3623,63.66335313243549,283.78730398658365,1.0369468574348495,465.91411521456484,-0.0,348.08001340391286,-0.0,476.0148660714285,-0.0,1.8611345840985543
3624,54.92579833386545,257.86149177760876,0.8469468574348495,404.97564884225824,-0.0,292.44637226636365,-0.0,460.9648214285713,2.242204092251292,0.022391215870900538
3625,46.98977638421664,232.16449311344684,0.7069468574348496,348.45405908939216,-0.0,240.61273112881443,-0.0,392.8398214285713,2.242204092251292,-0.0
3626,38.84624987431632,208.4577337271711,0.6269468574348496,295.2235757286185,-0.0,193.07908999126522,-0.0,329.9648214285713,-0.0,-0.0
3627,31.35176077358873,184.2171657632043,0.5269468574348495,214.43198345182674,-0.0,147.845448853716,-0.0,266.26482142857134,6.330963178345666,-0.0
3628,22.85554265757326,158.89469351039196,0.4469468574348494,156.27082776156414,-0.0,103.01180771616679,-0.0,201.53982142857134,6.330963178345666,-0.0
3629,12.385866510982023,129.9803169687341,0.18694685743484937,82.63145079288304,-0.0,45.478166578617554,-0.0,123.08982142857134,2.2424245449004587,-0.0
3630,5.141479332030933,107.9882006638766,-0.0,29.821954287972105,-0.0,3.60128861654934,-0.0,66.08232142857133,2.7987713781668067,-0.0
3631,7.4907371333791275,108.58214445668239,0.06750894225855897,31.767202731647345,-0.0,-0.0,-0.0,69.65531249999992,-0.0,-0.0
3632,20.02444047029666,132.2096924932609,0.06750894225855897,115.87153073868538,-0.0,63.95491078919132,-0.0,108.40781249999992,-0.0,-0.0
3633,41.712850605764174,177.07034558619125,0.7147547266223807,270.3340239677972,-0.0,181.83763939638283,-0.0,247.4077678571428,1.497649941837631,-0.0
3634,69.13905013145359,236.00316805408013,1.5147547266223804,461.9872890787484,-0.0,357.3862033655519,-0.0,362.6327678571428,4.866968014029405,-0.0
3635,98.60079641886553,299.4307831995149,2.3147547266223802,678.5715733731133,-0.0,523.3538753896291,-0.0,480.03276785714286,8.83927477736126,-0.0
3636,128.06254270627747,362.31094745818103,3.11475472662238,888.7780933748828,-0.0,687.49296447963,-0.0,587.9927678571429,11.920118539033494,-0.0
3637,155.15932656203591,418.9206891162812,3.3181195707715907,1080.1543939184294,-0.0,838.7894207841193,-0.0,685.6752678571429,13.647283037938953,-0.0
3638,175.92703436563073,457.86450124019325,4.020894225855903,1228.604005409139,-0.0,955.3006517868529,-0.0,807.0602232142858,12.659531859505641,-0.0
3639,188.49951149753775,478.7872264875883,4.405327031170159,1312.659649122876,-0.0,1016.0269393727008,-0.0,825.5777232142858,8.965708865549228,-0.0
3640,189.8349538801886,477.41432177463093,4.458244762391415,1320.623830991839,-0.0,1008.9827360857698,9.991303730875778,854.3851785714287,3.3841097871323846,-0.0
3641,180.3732932519644,453.29093808698843,4.167059274399591,1248.5568708321753,-0.0,932.682293123831,12.40785854616896,777.8001785714287,3.3841097871323846,-0.0
3642,162.06623446301015,412.5565572045875,3.5700000000000003,1117.1417856374605,-0.0,810.5680016567928,8.725343811394893,730.0251339285714,3.3841097871323846,-0.0
3643,141.6869141671402,367.1214826977588,2.83,969.9432343228189,-0.0,696.2343605192436,2.8768172888015684,617.7751339285714,3.3841097871323846,-0.0
3644,122.22951905292479,323.4902167686211,2.16,832.4317978945032,-0.0,569.3343605192437,-0.0,510.77513392857145,3.3841097871323846,-0.0
3645,105.13212393870937,283.3991901173696,1.5999999999999999,710.2856976309321,-0.0,479.10071938169443,-0.0,414.1251339285715,4.347185974342597,-0.0
3646,88.88818685506972,243.19316843324,1.07,589.8782527083829,-0.0,395.8670782441452,-0.0,376.9250892857143,-0.0,-0.0
3647,74.74674521117856,206.2561995718096,0.6800000000000002,481.3005695189482,-0.0,326.633437106596,-0.0,293.1750892857143,3.328440992017221,-0.0
3648,62.21241579480561,172.29209211076937,0.4500000000000002,386.5050991136985,-0.0,272.59979596904674,-0.0,222.02508928571433,1.5934732136949137,-0.0
3649,51.06596503041145,139.28441534992427,0.3100000000000003,302.58784998686735,-0.0,225.8661548314975,-0.0,154.57508928571434,-0.0,-0.0
3650,40.35643032716882,107.88459502234747,0.2200000000000002,226.4230519111067,-0.0,182.03251369394832,-0.0,88.57508928571433,3.4063536354975152,-0.0
3651,29.44304526061711,78.53215257226663,0.17000000000000015,156.49382826697607,-0.0,116.4298285008613,-0.0,23.600089285714333,1.4422040922512949,-0.0
3652,18.65235180018056,49.263040144104494,0.1200000000000001,96.56551521921992,-0.0,72.49618736331209,-0.0,12.950044642857165,-0.0,-0.0
3653,7.020891915283395,19.24535344901556,-0.0,31.811431944115782,-0.0,23.86254622576287,-0.0,-0.0,3.5378268881439014,-0.0
3654,-0.0,-0.0,0.0578768523249871,-0.0,-0.0,-0.0,-0.0,19.444955357142838,1.946876093242282,-0.0
3655,-0.0,-0.0,0.3162110373019925,-0.0,-0.0,-0.0,-0.0,94.25491071428567,0.6962767377351406,-0.0
3656,3.0676426208958993,10.53650154120902,0.3162110373019925,63.654165390217145,-0.0,-0.0,-0.0,191.84486607142853,-0.0,-0.0
3657,13.319781139061618,57.50415475194866,0.38640776699029145,208.34004029642523,-0.0,-0.0,-0.0,264.84236607142856,0.5504080989493962,-0.0
3658,41.23196873653655,121.75299601687139,-0.0,415.350780057092,-0.0,122.67524676911043,-0.0,393.372723214286,2.856939099869626,-0.0
3659,63.88400608194915,191.206518538524,0.7999999999999998,637.465626917658,-0.0,320.57162253506544,-0.0,498.227723214286,5.503146707431457,-0.0
3660,93.3457523693611,260.6600410601766,1.5999999999999996,860.6483031229212,-0.0,511.72512389990595,-0.0,597.520223214286,7.473613624375423,-0.0
3661,122.80749865677303,328.2216528636477,2.3999999999999995,1082.02814243083,-0.0,690.7359924792349,-0.0,688.425223214286,9.11922517877362,-0.0
3662,148.8425508028905,384.10735576457927,3.1999999999999993,1260.1342007227956,-0.0,838.8044698886555,-0.0,812.6651785714289,11.181912579545585,-0.0
3663,166.3030308558674,420.14788940836155,3.8996090955544194,1367.7974889531172,-0.0,934.5736318756178,-0.0,896.5676339285717,11.975873239261897,-0.0
3664,173.52344641038349,431.1846870648127,3.6682447623914154,1391.8294066619007,-0.0,965.0722627205341,-0.0,933.3400892857145,11.685770489945332,-0.0
3665,168.69176807452752,415.4223481545549,3.567059274399591,1324.3427247163643,-0.0,922.3860709563663,-0.0,862.4950892857145,9.675945414164122,-0.0
3666,145.15335489538688,381.2796711489114,3.11,1199.4910411163364,-0.0,830.35748802229,-0.0,824.4700446428573,5.28731217703573,-0.0
3667,128.8506130509532,343.3067203403267,2.46,1054.1607934985227,-0.0,721.25748802229,-0.0,775.2950000000001,-0.0,-0.0
3668,114.2728803270225,307.0851952648152,1.8800000000000001,916.8354479828499,-0.0,618.35748802229,-0.0,671.6700000000001,-0.0,-0.0
3669,91.28976439086152,272.89557447814923,1.3900000000000001,789.9407747966661,-0.0,526.05748802229,-0.0,578.095,-0.0,-0.0
3670,78.30087290973691,239.9423843916784,0.9400000000000002,667.1936505594118,-0.0,436.7574880222901,-0.0,488.87000000000006,2.8691314253375246,-0.0
3671,56.670626505051715,208.61562500540265,0.6000000000000001,560.768305043739,-0.0,357.85748802229006,-0.0,406.5450000000001,-0.0,-0.0
3672,46.662679373748354,179.96529631932202,0.3800000000000001,465.8865169712292,-0.0,291.35748802229006,-0.0,333.02000000000004,1.3698882548030191,-0.0
3673,37.94068571276926,152.82354190016818,0.2500000000000002,382.9176140123934,-0.0,234.35748802229006,-0.0,267.94500000000005,1.3698882548030191,-0.0
3674,29.90753329459624,127.50393104774605,0.18000000000000016,303.9051536103946,-0.0,182.05748802229004,-0.0,207.12000000000006,0.498360492103032,-0.0
3675,21.345147300883834,103.01027233974668,0.1200000000000001,231.25802937314032,-0.0,131.25748802229003,-0.0,147.27000000000004,-0.0,-0.0
3676,13.354490322459313,78.4644700650156,0.07000000000000006,156.05446257904902,-0.0,81.95748802229004,-0.0,88.49500000000002,-0.0,-0.0
3677,4.79190816238025,53.017002779325175,-0.0,80.56777240439821,-0.0,28.757488022290023,-0.0,27.12000000000001,-0.0,-0.0
3678,-0.0,37.641233849565836,0.08046499744506888,32.00606059137658,-0.0,-0.0,-0.0,-0.0,0.2767173200296398,-0.0
3679,-0.0,42.49507368562614,-0.0,55.895559206997845,-0.0,-0.0,-0.0,-0.0,2.765808375124789,-0.0
3680,1.987334780672505,70.25732193891258,0.685850792028615,156.96705482720677,-0.0,-0.0,-0.0,-0.0,8.14965226697566,-0.0
3681,15.712339194657297,118.09709808473539,0.685850792028615,319.8758471746398,-0.0,-0.0,-0.0,61.10499999999894,15.784407245126996,-0.0
3682,36.101710916926024,180.27368151035668,0.32297649463464406,520.6510083891193,-0.0,177.48319630596552,-0.0,250.44249999999897,25.07652834519181,-0.0
3683,65.56345720433796,247.85292436261642,1.10919519672969,743.8336845943825,-0.0,385.20473624109354,-0.0,450.442499999999,34.36864944525662,-0.0
3684,95.0252034917499,317.306446884269,1.9091951967296898,967.0163607996457,-0.0,592.9262761762216,-0.0,650.442499999999,43.66077054532144,-0.0
3685,124.48694977916185,386.7599694059216,2.7091951967296897,1190.1990370049089,-0.0,800.1942300851689,-0.0,850.442499999999,52.95289164538626,-0.0
3686,153.9321780328116,444.2748080730688,3.5091951967296895,1388.0430685344336,-0.0,988.005380549368,-0.0,1046.034999999999,61.12304597933566,-0.0
3687,164.82187342032188,483.9141651959079,3.5091951967296895,1524.484238679078,-0.0,1109.0031254704068,-0.0,1174.284999999999,66.54614750732294,-0.0
3688,164.5786524855273,497.65317508762035,4.089877363311191,1576.146603599711,-0.0,1165.101716046056,-0.0,1215.204999999999,68.8730815574202,-0.0
3689,162.0073300003926,484.6235269683962,4.2438681655595305,1536.7156821075487,-0.0,1144.3298157489264,-0.0,1175.519999999999,67.83976475899992,-0.0
3690,149.81734749031872,453.29253484219976,4.036808891159939,1427.876087271276,-0.0,1071.8155242818882,-0.0,1093.519999999999,64.34286620987278,-0.0
3691,134.69572792106692,415.42531676863933,3.586808891159939,1299.079592892343,-0.0,979.1155242818882,-0.0,998.994999999999,59.47622572558091,-0.0
3692,109.2546968509151,377.383093727957,3.0768088911599394,1164.0315580587142,-0.0,887.4155242818881,-0.0,900.944999999999,54.44614522566672,-0.0
3693,89.53438735095506,342.7253871643804,2.6068088911599396,1038.1844338214598,-0.0,805.8155242818882,-0.0,809.494999999999,50.10873380814036,-0.0
3694,77.09529970346378,309.450292789064,2.17680889115994,929.6599989021616,-0.0,731.3155242818882,-0.0,722.194999999999,46.27132239061399,-0.0
3695,66.99833340399371,281.04590631316233,1.86680889115994,843.0542617950529,-0.0,672.8155242818882,-0.0,646.044999999999,44.13391097308762,-0.0
3696,59.63521746783272,257.92437130340704,1.7068088911599402,773.8712140059001,-0.0,630.1155242818883,-0.0,579.194999999999,43.174554104566326,-0.0
3697,53.824793137786884,236.4885491601883,1.63680889115994,718.2406172678178,-0.0,595.5155242818882,-0.0,516.044999999999,42.69569542425416,-0.0
3698,47.915135232201656,216.34296629485576,1.60680889115994,664.1664630865725,-0.0,564.3155242818882,-0.0,452.194999999999,42.54366947334504,-0.0
3699,42.60989794801947,196.01976627414106,1.57680889115994,613.7923089053273,-0.0,532.6155242818882,-0.0,387.09499999999906,42.3989744400481,-0.0
3700,36.57908128524032,174.54061410900363,1.52680889115994,560.0834908888265,-0.0,497.71552428188807,-0.0,320.8949999999991,41.50794486555724,-0.0
3701,27.256143274439975,149.13741408828895,1.33680889115994,489.1400090370703,-0.0,445.91552428188805,-0.0,246.04499999999905,39.04863529887754,-0.0
3702,20.206408831896375,131.78184035869737,1.1272738886050089,440.8181961446396,-0.0,408.7008703914454,-0.0,193.47499999999906,35.86466125627121,-0.0
3703,20.951285596136053,134.0035028661318,1.14890137966275,457.12638281627744,-0.0,431.9138732419342,-0.0,208.48999999999904,33.846389916006544,-0.0
3704,32.049609356480005,159.84144053988496,1.4705135411343901,548.5925065867201,-0.0,521.1830754981637,-0.0,290.15499999999906,33.090734283874255,-0.0
3705,52.63771911532418,206.62276103209382,2.087054164537558,697.6669650764628,-0.0,670.5228894349735,-0.0,431.9199999999991,35.056664217900725,-0.0
3706,80.35384674373799,271.4069651553375,2.887054164537558,901.789666592627,-0.0,857.4193054701957,-0.0,618.4174999999991,37.11159399090279,-0.0
3707,109.81559303114993,340.8604876769901,3.6870541645375576,1124.9723427978902,-0.0,1063.4725652194331,-0.0,818.4174999999991,39.90838629780983,-0.0
3708,139.27733931856187,409.7149925914851,4.4870541645375575,1347.074869157411,-0.0,1260.0972420345943,-0.0,1018.4174999999991,41.63209011370915,-0.0
3709,167.50775602797424,472.40078871641543,5.287054164537557,1550.1341766985793,-0.0,1433.5507433994349,-0.0,1206.927499999999,42.649765546100696,14.506515897682412
3710,190.51344540935042,521.9074919354329,5.944179867143586,1695.4895983816796,-0.0,1569.8190194625195,-0.0,1344.3049999999992,41.51149515917986,32.90072465421157
3711,203.75014752966806,550.9349677258996,6.359317833418497,1782.5768225151553,-0.0,1650.359477707604,4.3228106120241065,1417.7574999999993,38.44035170508052,46.71461347219034
3712,207.15539609715486,555.6281801732208,6.399999999999999,1785.4614096421053,-0.0,1661.7723194810242,17.704085276914135,1414.0049999999992,33.20728504938864,54.59461665249138
3713,200.2869277870668,537.7728766689881,6.0762263668880925,1718.2390292623102,-0.0,1601.9861277168563,21.152259332023576,1337.1149999999993,26.669513917466354,55.74476570264244
3714,184.79371989479583,503.52726959442487,5.439167092488502,1621.8827692932875,-0.0,1494.45754478278,18.035756385068765,1223.7149999999992,18.2141099329666,49.54365484539184
3715,166.61425815557726,463.58716031774276,4.659167092488502,1501.955928318012,-0.0,1365.95754478278,10.690962671905694,1102.0149999999992,8.993851291710236,39.71962841428527
3716,149.84960937049505,423.95133817452404,3.9091670924885022,1360.3026422619737,-0.0,1240.7575447827799,3.936738703339877,986.2399999999991,8.439429003438654,28.56453289370086
3717,135.91053996400979,387.88409029823214,3.3191670924885024,1228.7137817743055,-0.0,1128.3575447827798,0.9636542239685681,881.289999999999,1.277675797554899,17.88981479028835
3718,123.3631995728124,353.73375167790766,2.7891670924885026,1098.4933383607736,-0.0,1022.1575447827797,-0.0,783.6399999999991,-0.0,7.9610086487866525
3719,113.10027980301807,323.2855566243149,2.4691670924885027,1016.7419868747929,-0.0,932.8575447827797,-0.0,698.2649999999991,-0.0,2.1944666215525146
3720,105.58908904851162,298.7647394482181,2.299167092488503,955.9906353888123,-0.0,858.0575447827797,-0.0,624.189999999999,5.028519539141605,-0.0
3721,98.59962730929306,275.59177870538963,2.1991670924885027,871.9910601004874,-0.0,787.1575447827797,-0.0,554.064999999999,1.9985336429106013,-0.0
3722,92.42554878230479,253.03500938487005,2.089167092488503,794.0366584185166,-0.0,717.3575447827798,-0.0,484.71499999999907,-0.0,-0.0
3723,85.97492828589229,230.03062290896835,2.009167092488503,707.0579512553987,-0.0,646.3575447827798,-0.0,411.66499999999905,2.9499666163973357,-0.0
3724,78.59122385063132,206.13695426672516,1.8991670924885027,642.8790083493211,-0.0,570.9575447827798,0.2715127701375195,337.214999999999,2.9499666163973357,-0.0
3725,68.13347288569463,176.77424273602665,1.6391670924885027,535.4518416408993,-0.0,476.5575447827798,-0.0,249.41499999999903,4.7590789474312585,-0.0
3726,59.688925489014686,154.461252263141,1.6900255036864003,444.27667685719655,-0.0,396.028599425299,-0.0,183.19249999999903,4.7590789474312585,-0.0
3727,58.753179623344955,150.42713844742957,1.71906484962406,410.57803574366153,-0.0,369.241642545055,-0.0,180.67999999999904,-0.0,-0.0
3728,66.64633768111376,167.805647173135,2.009619269654719,472.35750712535526,-0.0,402.5251765375898,-0.0,250.1274999999991,-0.0,-0.0
3729,82.64743027083222,201.739838236817,2.5469851357763336,549.5429243064548,-0.0,483.87944301850644,-0.0,380.6849999999991,-0.0,-0.0
3730,104.74262574084908,251.6994902131586,3.2317551919848153,666.1532059723704,-0.0,608.9188542626446,-0.0,558.5324999999991,1.6726590789557338,-0.0
3731,130.20603571745406,309.3128075277253,4.010756213957222,818.2802431308651,-0.0,754.3294006878363,-0.0,758.5324999999991,3.1657506647028946,-0.0
3732,157.40214228300744,367.632052777484,4.810756213957222,970.7817385549233,-0.0,897.639947113028,-0.0,958.5324999999991,4.411220999245689,-0.0
3733,182.09674878327252,419.03993259011895,5.535053607927584,1109.6030701411719,-0.0,1024.407860752708,-0.0,1140.1474999999991,4.2818693839034925,7.924475497873608
3734,200.55539730103186,459.517352879634,6.151801226366887,1225.3825467463507,-0.0,1114.8762978928614,23.612970185330475,1278.8599999999992,10.68247283974754,22.605796149498843
3735,210.87186495514246,480.7035200240186,6.399999999999999,1288.2678274512882,-0.0,1168.5090795691951,40.09537468154181,1348.4824999999992,7.71840659080302,32.28615164569787
3736,211.40115588327404,480.43066845184626,6.352565150740928,1299.0586833934296,-0.0,1143.7220421504169,47.267285684430135,1342.0349999999992,9.339776680046292,37.07803342938439
3737,202.7617049235243,459.3122599285942,5.988791517629022,1235.551236943822,-0.0,1058.6644333203253,46.00399016222863,1263.4224999999992,9.179336112841607,36.82765988223333
3738,185.5698337138079,422.87885515504837,5.311732243229431,1119.5318111230722,-0.0,924.4501418532872,34.730648330058955,1145.6974999999993,6.960586716402727,32.923152659199474
3739,166.28479259599237,380.89874587836624,4.511732243229432,987.7467063982106,-0.0,792.716500715738,19.951669941060914,1021.3474999999993,3.184313580819401,25.66126440704856
3740,149.38764837116167,342.92411019033455,3.7317322432294318,861.5704952812565,-0.0,648.016500715738,8.050098231827114,903.5724999999993,0.4982658884198443,17.719124673037655
3741,135.83627969129458,308.5913787911484,3.121732243229432,754.3942841643025,-0.0,544.5828595781887,1.859921414538313,797.5724999999993,-0.0,10.95572714096297
3742,123.08587360225475,276.628408114076,2.849537511862179,657.2269666552559,-0.0,433.58285957818873,-0.0,696.2724999999994,0.9139050057588509,4.580883102238559
3743,113.21527134684827,248.10948529258093,2.429537511862179,580.7774363620243,-0.0,343.98285957818877,-0.0,608.1974999999994,-0.0,0.5584918863676585
3744,104.8079309556509,222.20318459358987,2.1695375118621794,520.4803571198632,-0.0,296.34921844063956,-0.0,530.8474999999994,-0.0,-0.0
3745,97.60846921643234,197.7221281396069,2.247342780494926,471.16948216765365,-0.0,260.01557730309037,-0.0,457.39749999999935,-0.0,-0.0
3746,90.35688612919257,173.75943028352452,2.1173427804949263,418.42303278381405,-0.0,205.21557730309036,-0.0,385.04749999999933,-0.0,-0.0
3747,83.18510687558616,149.54718737435454,2.265148049127673,372.5508131726265,-0.0,146.81557730309032,-0.0,314.67249999999933,-0.0,-0.0
3748,74.71774824338277,125.63422663152603,2.38295331776042,322.37460205567237,-0.0,104.18193616554112,-0.0,243.0724999999993,4.956818625634046,-0.0
3749,64.13192246010061,126.12807593533368,2.09295331776042,251.0588250013218,-0.0,43.94829502799188,-0.0,162.3224999999993,-0.0,-0.0
3750,54.86684257179287,104.66258514925863,1.8456538798452435,199.28980503018187,-0.0,-0.0,-0.0,109.3899999999993,-0.0,-0.0
3751,51.649895199629796,97.79629720092314,1.7351658880210228,198.35797128472473,-0.0,-0.0,-0.0,122.30499999999932,-0.0,-0.0
3752,56.480948803206886,107.32091162634158,1.8118419227680849,257.6014078736934,-0.0,49.44069986068749,-0.0,214.68749999999937,0.1175745939599615,-0.0
3753,68.11448546488444,134.9597584474327,2.4169006405577047,364.6465667582561,-0.0,158.52346873714615,-0.0,370.60999999999945,2.9023471606781275,-0.0
3754,84.89843849693689,175.60468043967688,2.949675295642017,510.44646610720514,-0.0,314.6342165086736,-0.0,570.6099999999994,7.455315220476619,-0.0
3755,99.4678721508147,222.09897032085843,3.4949180140886185,672.8912942264294,-0.0,508.2539156588962,-0.0,770.6099999999994,12.171062267105247,-0.0
3756,112.60501380262411,266.04999683273235,4.0258096850135034,828.1952996972434,-0.0,698.5307404080044,-0.0,970.6099999999994,15.88274062329642,-0.0
3757,124.08375158214037,296.9913443485933,4.433295632892911,972.0510666258359,-0.0,845.1557796465701,-0.0,1159.9449999999995,18.70986977462797,-0.0
3758,134.78198420017665,313.12698771474584,4.742199567486677,1066.903401306912,-0.0,958.6670106493036,-0.0,1300.0924999999995,19.715474465603037,-0.0
3759,139.93321209345766,315.8317068954126,4.877817860792757,1094.430067663424,-0.0,1015.0647555703423,0.5536221090367235,1372.7449999999994,19.715474465603037,3.312077901415761
3760,137.72755636606954,305.4474204544261,4.745446884809109,1069.4499953757454,-0.0,1026.3869514151293,13.016083356043588,1362.8174999999994,19.715474465603037,3.312077901415761
3761,129.15897340940643,311.0538871230723,4.3924984944156495,992.6675190586525,-0.0,951.6224823318585,16.17943220545061,1282.2999999999995,12.695404861272795,10.240262367246693
3762,114.83278995757463,278.19827011426514,3.9906563435287237,885.42711086624,-0.0,837.0081908648203,13.174263261296652,1168.9999999999995,11.69610997478319,13.08793353588603
3763,98.47758915540447,241.79194954678644,3.190656343528724,769.6754102599909,-0.0,729.9745497272711,5.1314341846758325,1050.6999999999996,2.403988874718374,12.215982121697259
3764,83.57470586762217,206.13467186776302,2.390656343528724,662.0166372385834,-0.0,629.9409085897219,-0.0,935.2249999999997,0.2837302334620109,8.406420757087957
3765,71.5408599890126,175.34358561104855,1.9166480217534128,581.1756514329909,-0.0,529.2409085897218,-0.0,833.7999999999997,-0.0,5.562519872529474
3766,59.67662177766972,146.31560003261046,1.3766480217534127,507.54264863893127,-0.0,439.84090858972183,-0.0,740.1749999999997,3.157701304065519,2.5416379365823474
3767,49.88179506722687,118.71309797706664,0.9866480217534128,446.7562841974267,-0.0,386.00726745217264,-0.0,657.3749999999998,-0.0,0.5011334178071181
3768,41.86830503933858,122.1752723356711,0.9744532903861598,388.7463198415916,-0.0,340.67362631462345,-0.0,582.0249999999997,-0.0,-0.0
3769,34.09249749706244,97.61874229303768,0.8044532903861599,334.012755571426,-0.0,295.33998517707425,-0.0,511.9999999999998,-0.0,-0.0
3770,26.9420731670166,72.94078651733108,0.9422585590189066,272.56448499483736,-0.0,244.30634403952507,-0.0,442.72499999999974,-0.0,-0.0
3771,20.623770184991958,49.518782886047234,0.8222585590189065,210.7370825434557,-0.0,188.97270290197585,-0.0,373.14999999999975,-0.0,-0.0
3772,14.77220533875821,26.077965709950426,0.6922585590189066,145.4967949784001,-0.0,130.83906176442662,-0.0,300.7499999999998,-0.0,-0.0
3773,6.366416037488083,-0.0,0.3922585590189066,67.60496695864846,-0.0,56.60542062687738,-0.0,218.2249999999998,-0.0,-0.0
3774,-0.0,-0.0,0.09719468574348511,1.6627416880441643,-0.0,-0.0,-0.0,159.80499999999978,-0.0,-0.0
3775,-0.0,-0.0,-0.0,-0.0,-0.0,-0.0,-0.0,161.74749999999977,-0.0,-0.0
3776,1.7913996140766635,-0.0,0.21984925907000497,38.09725572174135,-0.0,51.38357426180198,-0.0,231.7649999999998,0.033651070318601484,-0.0
3777,23.05588303950046,-0.0,0.754626980071538,144.42245794661875,-0.0,163.39496634160415,-0.0,365.9299999999998,1.8516547393584197,-0.0
3778,40.03690514184226,6.463122417738802,1.5133955033214102,298.7269145218593,-0.0,320.02008611870417,-0.0,541.3324999999998,4.058915959314529,-0.0
3779,58.560704348898064,72.20946653013193,2.31339550332141,478.1373055319003,-0.0,488.1878386813156,-0.0,728.3449999999998,6.647379828287276,-0.0
3780,77.58872619316188,135.6482176963737,3.11339550332141,653.6288848529387,-0.0,650.1127168428126,-0.0,915.6374999999998,15.939500928352091,-0.0
3781,94.8322505359138,195.20398325541169,3.91339550332141,815.98830627092,-0.0,790.0807110210271,-0.0,1079.3449999999998,16.09978055272304,-0.0
3782,108.6904718390505,247.64972974446488,4.535344915687276,956.0227493272722,-0.0,890.3921031008292,-0.0,1202.2949999999998,16.09978055272304,6.017653727398237
3783,114.37667431409567,282.06658568293733,4.856011752682677,1039.7515928287196,-0.0,937.3042602967075,3.7080506332216814,1264.0974999999999,17.18864223579566,21.57135542944839
3784,119.9464683054508,294.6462196593707,4.849987225344915,1050.0755181394397,-0.0,929.7601375483108,12.734882977704949,1254.425,17.18864223579566,32.795338364687716
3785,115.3713507133993,280.96518380169425,4.481742462953499,978.0313560324339,-0.0,868.6168201852574,15.273734759478117,1173.96,15.448136425287974,39.48114259773025
3786,101.4176090450464,248.84603635888033,3.8172713336739896,854.6990459671573,-0.0,761.5882372511811,10.421414538310408,1055.6100000000001,11.258710699297787,41.122272905426875
3787,85.42010896949441,210.9185293362146,3.01727133367399,695.9564747117755,-0.0,658.2545961136319,3.2502946954813297,928.2350000000001,5.389815783168229,37.735604554117025
3788,70.53799210617272,174.7393573025895,2.3765126104095184,555.9703460132307,-0.0,540.3545961136319,-0.0,811.5100000000001,1.5062590318143272,33.4080558219153
3789,46.7693332734268,141.94970671319203,1.7065126104095187,435.31979174631596,-0.0,435.45459611363196,-0.0,704.5350000000001,0.025098617822887803,27.785538670732496
3790,35.26971184985361,112.37981684590842,1.1165126104095189,333.1959183031237,-0.0,340.95459611363196,-0.0,602.6600000000001,-0.0,21.679499607218347
3791,26.821249183474343,87.88896986708012,0.974317879042266,255.22050440523546,-0.0,265.254596113632,-0.0,513.3100000000001,2.9797413587436345,17.601385138022582
3792,12.87788784740282,67.93835223189416,0.714317879042266,190.3558172043092,-0.0,217.79622763257933,-0.0,433.81000000000006,-0.0,13.849560047909524
3793,9.572331194511378,52.94772466246437,0.544317879042266,145.01688833442552,-0.0,167.59622763257934,-0.0,358.61000000000007,-0.0,10.678112374968364
3794,7.170821071295674,41.33351785898586,0.434317879042266,115.15709133933484,-0.0,125.79622763257933,-0.0,285.63500000000005,-0.0,6.8886773344347745
3795,6.097011674698133,30.80216252165372,0.3243178790422659,89.24575388954815,-0.0,88.19622763257931,-0.0,212.38500000000005,-0.0,4.309053585315237
3796,4.848977823064211,20.38604149508584,0.45212314767501294,61.29576109873943,-0.0,71.96258649503008,-0.0,137.98500000000004,-0.0,2.7506876342594775
3797,1.524598168372715,6.447776901786263,0.2021231476750129,21.311104472675225,-0.0,17.362586495030065,-0.0,54.53500000000002,4.2309631783456645,0.21848512697452405
3798,-0.0,-0.0,-0.0,-0.0,-0.0,-0.0,-0.0,-0.0,2.731827247523026,-0.0
3799,-0.0,-0.0,-0.0,-0.0,-0.0,-0.0,-0.0,-0.0,-0.0,-0.0
3800,7.166129763967252,-0.0,0.3881987736331116,-0.0,-0.0,-0.0,-0.0,68.9474999999999,-0.0,-0.0
3801,22.497998996758998,-0.0,-0.0,13.62984498516741,-0.0,6.179555580697297,-0.0,218.90999999999997,1.2895282146164213,-0.0
3802,44.497229338401525,-0.0,0.7999999999999998,218.78743582386946,-0.0,178.84746922037743,-0.0,413.89,4.267493542485463,-0.0
3803,69.1252103139167,7.550523240545715,1.5999999999999996,430.5535812760262,-0.0,361.81518151372177,-0.0,613.89,10.551572194450245,-0.0
3804,95.081370318034,77.00404576219832,2.3999999999999995,653.7362574812894,-0.0,557.3542303344555,3.6008873425662955,813.89,19.84369329451506,-0.0
3805,119.14390709101342,146.45756828385092,3.1999999999999993,864.8485839305351,-0.0,733.9791890344868,39.386020706763205,986.15,21.555787092265653,-0.0
3806,138.44586727588907,206.0073729443056,3.2296039856923873,1027.5076547496774,-0.0,864.2332541690677,68.76767887934136,1117.155,29.02621126286367,17.043766476939087
3807,149.74857031823558,246.37010405876546,3.72838783852836,1125.4680841826175,-0.0,933.945169749343,85.92870452165081,1189.2075,32.67937257029505,33.39628787938611
3808,150.20582746771933,261.97470451810307,3.8727158916709254,1136.9189218156012,-0.0,930.4580115227632,88.69052928477268,1184.2675,32.68827887628527,43.705963672023856
3809,138.96680585608917,252.01843434966236,3.60447112927951,1065.572595776479,-0.0,851.3575282915572,77.73051275554886,1098.4299999999998,23.396157776220452,47.53799941927058
3810,129.3205869889938,224.24618622857204,3.0400000000000005,942.2522602285018,-0.0,727.7289453574808,57.57367387033399,976.2049999999999,17.687372143964176,45.19082810424074
3811,106.78349748718114,193.35771216011779,2.3200000000000003,797.291901757305,-0.0,593.6289453574809,34.52632612966602,850.93,10.396673682364472,39.51585813020442
3812,86.38391254561998,164.14875953589117,1.6900000000000002,662.6404368940158,-0.0,476.42894535748087,16.071512770137524,737.43,5.437647926734334,33.26063667430812
3813,67.62509402851943,138.88195047839628,1.1900000000000002,544.28498052496,-0.0,383.2289453574808,5.424361493123769,635.4549999999999,2.2639603358798475,26.579251774641
3814,48.81645343677952,112.94609853244606,0.7300000000000002,438.4037539285562,-0.0,303.82894535748085,-0.0,540.03,-0.0,19.319250608349567
3815,40.59059807291495,90.49549083150393,0.42000000000000015,350.874978383223,-0.0,246.42894535748084,-0.0,456.73,-0.0,12.531450783051653
3816,34.48135074106906,71.17798380883818,0.2400000000000002,280.3679815594712,-0.0,205.42894535748084,-0.0,380.305,-0.0,7.271575552072122
3817,29.169215636741356,52.86309890867648,0.1200000000000001,213.22141879832296,-0.0,165.72894535748082,-0.0,309.255,-0.0,2.76088271347475
3818,25.169201880434848,36.03344831927903,0.07000000000000006,156.6966347587562,-0.0,125.32894535748083,-0.0,239.48,3.838126494229298,0.06654202723413505
3819,13.03419724463135,23.057596373328813,0.06000000000000005,105.84208898607497,-0.0,86.22894535748081,-0.0,171.20499999999998,1.6520788018297412,-0.0
3820,11.31170628958236,11.283399504094128,0.030000000000000027,60.96667508818675,-0.0,48.22894535748084,-0.0,104.67999999999998,1.6520788018297412,-0.0
3821,-0.0,0.08395838985136095,-0.0,11.93972073560252,-0.0,9.428945357480831,-0.0,34.57999999999999,1.6520788018297412,-0.0
3822,-0.0,-0.0,-0.0,-0.0,-0.0,-0.0,-0.0,-0.0,-0.0,-0.0
3823,4.6772818480008915,-0.0,0.42527337761880424,-0.0,-0.0,-0.0,-0.0,-0.0,-0.0,-0.0
3824,20.464390625973067,-0.0,1.183119570771589,-0.0,-0.0,-0.0,-0.0,-0.0,-0.0,-0.0
3825,45.021321351083266,-0.0,0.7029535002554925,-0.0,-0.0,-0.0,-0.0,-0.0,4.253709713964662,-0.0
3826,74.48306763849521,-0.0,0.7029535002554925,55.23860978532721,-0.0,-0.0,-0.0,192.12000000000003,11.33231654714592,-0.0
3827,103.94481392590716,-0.0,1.5029535002554923,278.4212859905904,-0.0,189.90772757649017,-0.0,194.65499999999975,18.984200908261023,-0.0
3828,133.4065602133191,24.117114966072705,1.5029535002554923,501.60396219585357,-0.0,397.6292675116182,-0.0,394.65499999999975,26.36124564570418,-0.0
3829,162.86830650073105,93.5706374877253,1.3249897802759332,724.7866384011168,-0.0,605.3508074467462,-0.0,594.6549999999997,32.98850087846656,-0.0
3830,189.02223016710164,163.0241600093779,2.124989780275933,940.550951056138,-0.0,785.4905005757546,-0.0,783.7299999999998,38.218492809947605,-0.0
3831,206.73181567316448,215.21423485785917,2.902715891670925,1090.3810478933274,-0.0,909.2166270845338,-0.0,907.4724999999999,41.202283850877855,0.41464722145707
3832,213.49625748081624,240.09678935054896,2.902715891670925,1145.6517258030583,-0.0,951.443720055725,-0.0,944.9925,40.37863758668531,12.240755980650409
3833,207.24130063986783,236.0619937152234,2.834471129279509,1096.0222763833765,-0.0,907.043236824519,-0.0,894.8575,35.950255368514725,15.907428239583176
3834,191.8416419832027,214.34259706027947,2.4899999999999993,990.9752600116769,-0.0,817.8146538904426,-0.0,809.9575,29.7753495722241,13.61610611319011
3835,173.20629973768393,187.55316588028055,1.9199999999999997,862.6237951483877,-0.0,714.5146538904427,-0.0,715.0825,23.386763636937303,8.521513556325694
3836,154.93268650745304,161.9894475668182,1.39,743.1296834383099,-0.0,621.6146538904427,-0.0,624.9075,18.71274493319166,4.225285784225601
3837,138.13502674754642,138.66596853124202,0.96,636.8969163872102,-0.0,544.4146538904427,-0.0,541.2325000000001,15.621620755017616,1.4323284425968588
3838,120.65677848853983,115.93130304047884,0.5800000000000001,537.342370614529,-0.0,471.5146538904427,-0.0,457.2325,12.759772945450674,-0.0
3839,104.87255851820295,96.25902039433352,0.29000000000000004,455.64426739868486,-0.0,404.1146538904427,-0.0,383.1575,10.668696069118223,-0.0
3840,90.2977500487661,79.72864203703372,0.13000000000000012,385.1808280180961,-0.0,339.6146538904427,-0.0,312.6825,8.504499224030411,-0.0
3841,76.58889504965353,63.71493365781521,0.06000000000000005,320.10359292745886,-0.0,277.1146538904427,-0.0,251.0075,6.686684221978103,-0.0
3842,63.24465683831065,48.83789525667797,-0.0,250.92054513830612,-0.0,213.41465389044268,-0.0,190.6575,4.905476506145071,-0.0
3843,50.70676443002534,34.76442615534562,-0.0,176.57524209380085,-0.0,150.41465389044268,-0.0,130.9075,3.4267124295160936,-0.0
3844,37.65751709817945,21.15500490959051,0.020000000000000018,108.38638160613257,-0.0,89.31465389044267,-0.0,75.38250000000001,2.418671984280017,-0.0
3845,23.480372873348735,6.094875764420724,0.010000000000000009,37.84997216953481,-0.0,28.614653890442668,-0.0,19.1325,0.8618533586459693,-0.0
3846,13.563972725664076,-0.0,0.1578768523249872,-0.0,-0.0,-0.0,-0.0,-0.0,-0.0,-0.0
3847,14.303839084946622,-0.0,0.6605620848237095,-0.0,-0.0,-0.0,-0.0,-0.0,-0.0,-0.0
3848,27.181395136375833,-0.0,1.4605620848237093,-0.0,-0.0,-0.0,-0.0,-0.0,-0.0,-0.0
3849,50.552943933709855,-0.0,1.1233367399080219,-0.0,-0.0,-0.0,-0.0,-0.0,-0.0,-0.0
3850,80.0146902211218,-0.0,1.1233367399080219,-0.0,-0.0,-0.0,-0.0,74.56499999999994,-0.0,-0.0
3851,109.47643650853374,-0.0,1.9233367399080217,-0.0,-0.0,-0.0,-0.0,74.56499999999994,-0.0,-0.0
3852,138.9381827959457,-0.0,2.7233367399080217,-0.0,-0.0,-0.0,-0.0,274.56499999999994,-0.0,-0.0
3853,168.39992908335765,2.4305139663421897,3.5233367399080215,129.8113472107349,-0.0,-0.0,-0.0,474.56499999999994,-0.0,-0.0
3854,197.74349454780437,71.88403648799479,4.085242718446604,352.9940234159981,-0.0,175.9618371031441,-0.0,674.5649999999999,-0.0,-0.0
3855,217.89860524282037,131.5826657349152,4.885242718446603,534.293323551427,-0.0,348.31658681526676,-0.0,814.9399999999999,3.2743817632227117,-0.0
3856,226.69269066637662,163.41985851402535,5.4366300459887595,632.885541933655,-0.0,441.45801152276323,-0.0,871.525,9.631254889972027,-0.0
3857,222.85926667434944,166.3171377769019,4.63663004598876,639.526778010509,-0.0,452.7575282915572,-0.0,844.8375,11.738214450742992,-0.0
3858,208.80768283602978,150.0108219317467,4.32215891670925,570.407003938638,-0.0,403.92894535748087,-0.0,772.8625,10.227588460778078,-0.0
3859,191.232340590511,128.4823279948048,3.83215891670925,478.8561005514548,-0.0,332.32894535748085,-0.0,690.1374999999999,6.8827988237979465,-0.0
3860,174.0425777235892,106.87335550209052,3.31215891670925,387.5012056585051,-0.0,263.9289453574808,-0.0,607.7125,4.120903712389412,-0.0
3861,157.9303194169189,86.72628729822179,2.82215891670925,304.92054053820743,-0.0,201.52894535748084,-0.0,531.3125,1.8248449539656573,-0.0
3862,142.5419114735577,67.47088410531242,2.4321589167092497,233.0794413553062,-0.0,147.52894535748084,-0.0,456.0125,0.7214552779297296,-0.0
3863,129.40831648433283,52.072380234126676,2.1421589167092496,177.8392527687795,-0.0,111.22894535748081,-0.0,390.9375,1.1619565038836566,-0.0
3864,119.08953444924431,41.35863211793284,1.9521589167092497,139.27819605704582,-0.0,93.52894535748082,-0.0,333.0875,3.2195159024243925,-0.0
3865,109.79536920192548,34.0741661680805,1.8321589167092496,115.25670528270865,-0.0,86.0289453574808,-0.0,278.0125,6.34535529315397,-0.0
3866,101.12293296989453,27.975652362650926,1.7721589167092495,95.600550673116,-0.0,81.0289453574808,-0.0,222.7875,9.329747421097752,-0.0
3867,92.32760896538178,21.84952140183922,1.7221589167092495,80.85728117719734,-0.0,74.22894535748078,-0.0,169.8125,12.231245023469937,-0.0
3868,82.9986307639266,15.043629718913678,1.6421589167092494,61.805118073371176,-0.0,58.528945357480794,-0.0,112.88750000000002,14.096182641464443,-0.0
3869,71.90081131966535,3.373690180410911,1.4121589167092494,20.078725196893004,-0.0,21.62894535748082,-0.0,40.212500000000006,14.146505726076198,-0.0
3870,63.274092336645666,-0.0,1.2126239141543182,-0.0,-0.0,-0.0,-0.0,-0.0,13.954157793386992,-0.0
3871,63.848826906456836,-0.0,1.2949565661727138,-0.0,-0.0,-0.0,-0.0,-0.0,15.899810244438134,-0.0
3872,74.81192927242202,-0.0,1.6395094532447627,-0.0,-0.0,-0.0,-0.0,-0.0,19.60656545941815,-0.0
3873,94.20120120641117,-0.0,2.273461931527849,-0.0,-0.0,-0.0,-0.0,143.31249999999898,24.662736490282086,-0.0
3874,118.86075797037071,-0.0,3.0734619315278486,36.9972745119708,-0.0,-0.0,-0.0,332.33499999999896,30.527537103036334,-0.0
3875,145.76029602267243,8.292423658045863,3.8734619315278485,260.17995071723396,-0.0,168.57520237703739,-0.0,531.464999999999,35.72190142439301,-0.0
3876,171.77346639525385,77.74594617969846,4.673461931527848,483.36262692249716,-0.0,376.2967423121654,-0.0,721.919999999999,40.349994598165765,-0.0
3877,194.76554492508367,147.19946870135107,5.467286663260091,686.1549924676386,-0.0,560.1503242155402,-0.0,894.0299999999991,44.006787610861956,-0.0
3878,211.40416272998465,201.7162294018966,6.0530020439448124,843.777796995515,-0.0,699.261595487541,-0.0,1030.667499999999,46.39395281555657,-0.0
3879,218.4835971074604,235.94528166630536,6.379317833418496,933.618151277895,-0.0,781.0878830733888,-0.0,1110.8249999999991,46.515415317909515,13.520013614253823
3880,216.61583288229446,248.27121855853804,6.399999999999999,951.5542728482826,-0.0,797.7865139183051,-0.0,1115.5774999999992,43.99810615039305,28.701206522185256
3881,204.44966491233666,238.23792166555836,6.066578947368419,896.5638117528174,-0.0,749.4289050882136,2.2872298624754492,1049.8724999999993,39.234436683454305,37.436238268723
3882,183.52480096880186,211.64184509828934,5.43210781808891,788.1311525672725,-0.0,651.7146136211754,2.7577603143418514,942.3474999999992,31.8179890206947,38.61346924691639
3883,160.6802251477437,183.4897719272987,4.64210781808891,669.9425044354417,-0.0,539.4146136211754,-0.0,827.1224999999991,23.04646125799471,34.249819844217896
3884,140.75354621967037,158.59602381110486,3.9521078180889098,568.0725541158006,-0.0,442.1146136211754,-0.0,721.7474999999991,15.31638075808052,29.19610766824536
3885,123.4899512304455,138.07370142798422,3.3521078180889097,487.22928461988187,-0.0,362.71461362117543,-0.0,628.6974999999992,9.405802069957197,24.553967934234453
3886,107.01366463510547,119.14137904486358,2.8521078180889097,417.1513512887077,-0.0,296.11461362117547,-0.0,543.1974999999992,5.036670644619672,18.167677388860312
3887,92.80967731314729,103.51596591771039,2.4821078180889096,363.66452434962605,-0.0,245.51461362117547,-0.0,468.4474999999992,2.2919283094811327,11.740506462594286
3888,79.74779309820428,89.02056272480102,2.2721078180889096,320.28967192784387,-0.0,208.31461362117548,-0.0,401.6724999999992,1.0715750645415802,6.1428953458823194
3889,67.18186235358554,74.31326517728996,2.1021078180889097,273.6179004154536,-0.0,175.51461362117547,-0.0,338.52249999999924,-0.0,1.6042779129665696
3890,54.960352230369836,60.03311616363251,2.0021078180889096,226.8581034203629,-0.0,147.41461362117548,-0.0,277.99749999999926,-0.0,-0.0
3891,43.09249630409656,45.5270150055523,1.9021078180889095,176.6627319936422,-0.0,117.51461362117549,-0.0,220.2474999999993,0.19594568686859049,-0.0
3892,31.071948771708122,31.706865991894848,1.7821078180889094,124.99313079426952,-0.0,83.11461362117548,-0.0,159.7224999999993,0.8999342302864299,-0.0
3893,19.30046178289995,13.323626234204845,1.5321078180889094,51.77997215173383,-0.0,32.514613621175485,-0.0,91.7724999999993,0.050257314898182415,-0.0
3894,6.1588050432786385,-0.0,1.3048083801737331,-0.0,-0.0,-0.0,-0.0,49.207499999999314,-0.0,-0.0
3895,-0.0,-0.0,1.2753781297904934,-0.0,-0.0,-0.0,-0.0,73.22999999999934,-0.0,-0.0
3896,3.1294585426186963,-0.0,1.4800510986203346,-0.0,-0.0,-0.0,-0.0,161.29999999999933,-0.0,-0.0
3897,15.799131365108732,-0.0,2.0318880940214585,7.213753622250607,-0.0,-0.0,-0.0,310.09999999999934,-0.0,-0.0
3898,36.44718025909228,-0.0,2.754775166070513,201.1965363358352,-0.0,-0.0,-0.0,487.6799999999994,-0.0,-0.0
3899,59.73642338825574,-0.0,3.549657639243737,424.37921254109835,-0.0,89.5151257120223,-0.0,687.6799999999994,-0.0,-0.0
3900,85.07323933928959,44.0447589411515,4.349657639243737,647.5618887463615,-0.0,89.5151257120223,-0.0,887.6799999999994,4.9145717953635355,-0.0
3901,107.52828716139285,113.4982814628041,5.104307613694426,863.2596066289235,-0.0,280.5688284231986,-0.0,1077.9399999999994,11.006980123035909,-0.0
3902,123.80435088744248,171.2874475828602,5.677907511497185,1037.2167221268724,-0.0,429.280260772268,-0.0,1230.6424999999995,16.29186664647698,-0.0
3903,131.9888040079373,209.88840250177645,5.9531655595298885,1145.8757640956262,-0.0,528.8209606329555,-0.0,1320.4424999999994,19.855584724571468,-0.0
3904,130.02217403167185,225.7472479601032,5.937261113949919,1190.1924892436448,-0.0,568.105380549368,-0.0,1335.8799999999994,20.804099785331857,-0.0
3905,117.99392483136161,218.93425776078163,5.573134900357687,1160.1150177521363,-0.0,546.1763546533527,-0.0,1279.4424999999994,20.13741182875814,-0.0
3906,108.82123642549183,195.11763396921066,4.886075625958095,1072.076993097726,-0.0,478.3620631863145,-0.0,1187.5174999999995,16.74027677042303,-0.0
3907,87.48667884543968,166.92293867571598,4.086075625958095,956.6248299938998,-0.0,394.6620631863145,-0.0,1083.2674999999995,11.914894341550578,-0.0
3908,77.7498219920057,140.92586053760343,3.3560756259580953,854.7904541058886,-0.0,320.06206318631456,-0.0,987.0174999999996,8.355348265662915,-0.0
3909,70.00970327436261,119.27401671025513,2.7260756259580954,772.795644155274,-0.0,260.56206318631456,-0.0,901.2424999999996,6.212860362362061,-0.0
3910,63.89978072308618,98.9059814605979,2.1560756259580955,700.9443916478223,-0.0,208.46206318631457,-0.0,821.5674999999997,5.243539729658163,-0.0
3911,49.932549777924905,81.72961122190003,1.7060756259580956,645.5544837993486,-0.0,169.76206318631458,-0.0,749.1174999999996,5.671775457750211,-0.0
3912,38.18531883276363,68.82490599416153,1.4260756259580956,605.3041418882715,-0.0,147.26206318631458,-0.0,686.1424999999996,7.329287554449358,-0.0
3913,31.324643222230197,57.956392188731954,1.1960756259580956,574.3191361419389,-0.0,131.26206318631458,-0.0,627.0924999999996,10.284356011944446,-0.0
3914,31.57798253516287,48.22050050580641,1.0660756259580957,550.2638921287207,-0.0,120.56206318631459,-0.0,571.9674999999996,13.739424469439534,-0.0
3915,20.83535013676527,38.26961379000279,0.9360756259580958,521.5819672917801,-0.0,109.26206318631458,-0.0,515.3174999999997,16.87743475434781,-0.0
3916,19.67770861786466,26.05968418574385,0.7660756259580959,490.88225523902435,-0.0,93.86206318631457,-0.0,458.5174999999997,19.769110498062176,-0.0
3917,5.706020569288314,9.547142393224703,0.48607562595809584,445.6776410841277,-0.0,64.06206318631456,-0.0,392.56749999999965,21.165673520184654,-0.0
3918,4.184810352044128,-0.0,0.2787761880429194,414.2541051083298,-0.0,50.833158098100895,-0.0,354.19249999999965,22.380433970300594,-0.0
3919,-0.0,-0.0,0.23864077669902578,443.1409569127645,-0.0,87.28915615750574,-0.0,379.1574999999997,25.257633045890465,-0.0
3920,3.8016559569464476,-0.0,0.4248441492079678,534.6493716591834,-0.0,186.25847922153676,-0.0,463.8424999999997,28.6579306318426,-0.0
3921,17.37290174602646,-0.0,0.8759759836484375,687.4920055987063,-0.0,344.7127054331863,-0.0,595.0649999999997,34.72717732321717,-0.0
3922,36.8758933167225,3.5345201106339346,1.6066274910577372,884.6444553468974,-0.0,541.0521569465916,-0.0,777.5924999999997,43.28198269404116,-0.0
3923,60.44561105781648,72.98804263228654,2.406627491057737,1097.101014961868,-0.0,748.7736968817196,-0.0,977.5924999999997,51.80574104011386,-0.0
3924,89.90735734522842,142.44156515393914,3.206627491057737,1313.2385343949245,-0.0,956.4952368168476,-0.0,1177.5924999999997,59.870767716620904,-0.0
3925,119.36910363264036,210.6647863220693,3.973865610628508,1516.689391812921,-0.0,1142.7918139291385,-0.0,1355.8624999999997,66.82299781773098,-0.0
3926,135.3415772543355,266.50226485627337,4.618875830352575,1672.3792390821925,-0.0,1287.5032060089407,-0.0,1492.3774999999998,71.7077545603552,-0.0
3927,142.23509592795318,301.8692322882362,4.970015329586095,1767.5921094403875,-0.0,1377.543865600361,-0.0,1571.61,74.33696880051852,-0.0
3928,142.23509592795318,314.00858214590414,4.97481604496678,1785.4614096421053,-0.0,1400.185411115659,-0.0,1574.6374999999998,73.4358992176182,-0.0
3929,138.98081900884048,302.1817401623503,4.896259535367539,1729.5620549387324,-0.0,1356.7420937526058,2.2098231827111974,1510.3274999999999,69.54290608023075,-0.0
3930,118.05941309588145,274.1656735293251,4.219200260967948,1612.8016900866346,-0.0,1263.5278022855678,6.922003929273089,1404.2024999999999,63.15324384503259,-0.0
3931,94.43348235126271,241.8395723712449,3.4192002609679486,1475.3925229498655,-0.0,1147.7278022855678,5.722789783889979,1287.2524999999998,54.693886976511294,-0.0
3932,82.4033271516076,210.09108836854682,2.659200260967949,1338.5220111541182,-0.0,1034.5278022855678,2.1064833005893817,1174.1024999999997,46.019915574607246,-0.0
3933,72.22778873972217,183.08212581007638,2.049200260967949,1220.407941915208,-0.0,931.1278022855679,0.6730844793713118,1066.8024999999998,38.833773278524504,-0.0
3934,63.20839996452767,157.2555460962238,1.479200260967949,1107.2414216252273,-0.0,835.0278022855679,-0.0,968.3524999999997,31.808627358860022,-0.0
3935,56.610544038254396,134.383732071607,1.0592002609679492,1003.5957694604535,-0.0,754.4278022855679,-0.0,879.2774999999998,26.368866905812787,-0.0
3936,42.08498738536296,115.48239660276253,0.8092002609679492,920.7976662446093,-0.0,693.8278022855679,-0.0,800.7774999999998,22.626662813561495,-0.0
3937,28.399038399738203,97.72011395661721,0.6769060241623472,848.4866779150911,-0.0,644.7278022855679,-0.0,732.2524999999998,19.979571442902085,-0.0
3938,24.678080293610442,79.63331483336614,0.5369060241623473,798.5281406366435,-0.0,603.3278022855679,-0.0,667.0774999999999,18.339763688013257,-0.0
3939,19.624038248634214,60.467712099545935,0.6247112927950944,733.0042671934513,-0.0,562.2278022855679,-0.0,601.7774999999999,17.009683188099064,-0.0
3940,14.257678689270133,40.822827199384236,0.4847112927950945,668.0328448013295,-0.0,526.2278022855679,-0.0,538.7024999999999,16.399104499975742,-0.0
3941,6.228235191057579,17.932468710572106,0.23471129279509448,603.3267585739522,-0.0,477.4278022855679,-0.0,463.0774999999999,13.98852581185242,-0.0
3942,-0.0,-0.0,-0.0,539.3974162805399,-0.0,443.7274398621634,-0.0,417.3749999999999,11.738363100637425,-0.0
3943,2.1101940660536993,-0.0,0.016098620337250957,539.3974162805399,-0.0,467.5976085808049,-0.0,436.1874999999999,11.058436204855315,-0.0
3944,14.690251010716484,17.45004829498194,0.3447700562084821,585.2165582197748,-0.0,556.7811023040725,-0.0,530.7324999999998,12.93704050267419,-0.0
3945,35.77282150863245,64.85932282054296,0.8980173735309143,721.7171259313184,-0.0,700.2352479771877,-0.0,677.0524999999999,16.512296224516817,-0.0
3946,54.21710002169827,127.68229998846341,1.698017373530914,909.3088086337116,-0.0,887.0031213476007,-0.0,872.0724999999999,21.80287094054971,-0.0
3947,76.10032351717504,197.13582251011601,2.4980173735309137,1111.395022116242,-0.0,1088.9992957672198,-0.0,1065.6825,26.550308366934857,-0.0
3948,98.00169009261614,265.86678667478,3.2980173735309135,1316.4561706059362,-0.0,1288.5668872527626,-0.0,1254.6125,31.175493478849784,-0.0
3949,127.46343638002809,329.44219152819755,4.098017373530913,1512.1297270980615,-0.0,1462.7919264913282,0.4857583135356762,1415.44,34.448541900256075,-0.0
3950,148.0133664616436,382.09664402773603,4.335252938170671,1677.4028221201638,-0.0,1593.8460318951763,36.270891677732585,1542.0225,34.708168065047126,-0.0
3951,154.10017514342053,415.7147408149382,4.711921308124682,1774.081038768919,-0.0,1661.7723194810242,61.0855908986026,1600.0,34.708168065047126,13.186588974346499
3952,154.10017514342053,423.50921908338074,4.740015329586102,1785.4614096421053,-0.0,1653.3424076611313,70.83486148833282,1587.2175,29.627737870091565,24.966511340448687
3953,148.27849734093877,405.3916017846403,4.446594276954523,1716.9490653347757,-0.0,1576.599090298078,68.66207482158444,1501.655,21.62379204396156,30.34760354476567
3954,135.16988852880573,371.9058629665185,3.822123147675013,1597.5624830256795,-0.0,1455.8705073640017,57.63961707585876,1379.105,12.331670943896746,31.510117585837982
3955,118.8687160153053,334.79003088905597,3.022123147675013,1454.7536650091788,-0.0,1318.1705073640017,42.86437149629097,1243.38,8.845670553338788,28.60873229740706
3956,103.46485189568972,299.5627631442764,2.3121231476750133,1324.6279703732375,-0.0,1188.7705073640016,31.904253618098437,1116.255,2.2981806533425377,25.523825096644785
3957,91.1198290188802,270.56072971026106,1.7721231476750132,1218.9071778394373,-0.0,1077.6705073640017,25.39698446289215,1002.5050000000001,1.3950747883561707,21.39476708451928
3958,78.74979702156767,243.16322268759532,1.3021231476750132,1118.2903768114036,-0.0,976.9705073640016,21.199145563088614,895.6550000000001,1.3950747883561707,15.818287830559195
3959,68.56552232821275,217.22119918782383,0.9921231476750132,1025.4291077438322,-0.0,890.4705073640016,20.05788819570158,795.7800000000001,2.794412562573859,10.309104271885596
3960,59.91969654493059,192.60728133345063,0.7921231476750132,945.396689813001,-0.0,818.0705073640016,22.748654403953054,710.3050000000001,5.208412172015899,6.181933345619571
3961,51.79231967172119,168.5159955358253,0.6721231476750131,864.9099996383502,-0.0,749.0705073640016,25.584607252676044,627.0050000000001,7.55417909111069,3.607215242207064
3962,42.760896268836056,143.3268632391755,0.6021231476750131,777.5739393220209,-0.0,674.1705073640017,26.022328274287048,544.6550000000001,9.129269680654177,1.9423084302086004
3963,34.098314108756995,116.99321446541997,0.512123147675013,683.6369684093171,-0.0,593.0705073640016,23.752387213383308,463.5050000000001,9.129269680654177,1.4429361629490587
3964,24.260918994541584,89.07647494763188,0.4321231476750129,585.0604315592168,-0.0,503.7705073640016,18.871051260534585,379.85500000000013,8.670291226865633,2.0123688708997833
3965,12.038710926189818,56.49450111907954,0.2021231476750129,469.11365644223093,-0.0,397.4705073640016,9.912308627921618,285.58000000000015,6.128418247505493,2.1046945921499636
3966,1.7426301472144132,29.93820049276283,-0.0,366.81774416067805,-0.0,302.55585347355895,1.9205039876709193,212.95500000000015,2.9831828882084213,3.0694023971861455
3967,-0.0,25.554425189359527,0.0897445068983137,321.15913235126374,-0.0,256.3403539285058,-0.0,200.25750000000016,0.5893425613455534,7.48534780740772
3968,8.654739109474537,44.37404937689778,0.45464997445068944,338.9523022027713,-0.0,265.89542579476586,-0.0,249.57250000000016,-0.0,15.138381604108794
3969,26.577141051599746,84.96252997154215,-0.0,417.62951800524183,-0.0,329.564064281255,-0.0,362.19000000000017,-0.0,25.477334638794357
3970,50.713143877548276,138.50035702497252,0.7999999999999998,546.3662624974265,-0.0,423.8180488773015,-0.0,524.7375000000002,-0.0,37.20107147463406
3971,69.25882216173055,200.760999839411,1.5999999999999996,697.2386997822543,-0.0,518.0863249403862,-0.0,716.5250000000002,-0.0,48.09949670266599
3972,98.34569515174456,266.2815212261153,1.2592514052120594,861.6471684845353,-0.0,625.5403095364328,-0.0,912.4150000000002,-0.0,58.93020727120495
3973,121.25228221774563,328.62098550369205,2.059251405212059,1029.827128419801,-0.0,724.4003397000317,-0.0,1096.6050000000002,-0.0,68.99259008238243
3974,143.6957760026224,379.39825223791684,2.859251405212059,1161.3562251499911,-0.0,815.5214885438724,13.324916926147857,1239.3300000000002,4.1836770842073445,74.22411946493958
3975,158.41528982911532,411.46214646951023,3.4357996934082777,1226.3978519108161,-0.0,865.3718646300639,25.81627690196349,1318.4900000000002,7.962338048565314,74.72425000267742
3976,163.74639809298804,419.2518503672308,3.602715891670925,1220.4530331754638,-0.0,851.9565261620794,33.41123265383214,1324.9450000000002,10.587019516517907,69.62097371324367
3977,156.88710735096717,399.3309229150593,3.3844711292795093,1135.2396704062048,-0.0,787.9704149364459,31.23463849228756,1256.2025,10.15705954895552,59.70099269721492
3978,141.88942464764935,361.3761610769699,2.8,997.6107903705887,-0.0,704.9224823318585,22.268762278978393,1145.4025000000001,7.157906567990695,45.860888544931925
3979,124.30629047048234,321.28607166877543,2.09,857.1783724397574,-0.0,609.3888411943093,11.168958742632626,1029.5775,2.8036734870854865,32.258371782512924
3980,108.80777308108502,283.12764727154035,1.49,731.4646523211156,-0.0,521.1552000567601,3.5465618860510872,921.2275000000001,0.31038948075694606,21.58201846386474
3981,94.8217511314362,248.62517501872804,1.03,623.7558343046148,-0.0,447.22155891921085,0.7015717092337965,827.4275000000001,-0.0,13.667929259484119
3982,81.10783228880257,214.80722917726527,0.6200000000000001,529.33413117444,-0.0,356.8215589192109,-0.0,738.0525000000001,-0.0,6.857110485574847
3983,68.69851199293261,183.56190545830654,0.3400000000000001,447.35598548742826,-0.0,304.68791778166167,-0.0,654.9775000000001,-0.0,2.3003797497547644
3984,56.86571542548087,155.51491672838844,0.18000000000000016,384.0085121299055,-0.0,261.75427664411245,-0.0,580.0025,2.189721179485039,0.5977370520238701
3985,45.60060134364129,130.29792799847036,0.09000000000000008,327.71748132921977,-0.0,223.3206355065632,-0.0,511.1775,2.189721179485039,-0.0
3986,35.06432850460777,105.4649871241295,0.08000000000000007,277.4175569206265,-0.0,162.9206355065632,-0.0,441.97749999999996,6.603720788927079,-0.0
3987,25.231709862516674,82.48132841613014,0.08000000000000007,226.99984529621827,-0.0,122.686994369014,-0.0,374.10249999999996,3.3640549395630313,-0.0
3988,15.629483553158893,60.14266474100886,0.050000000000000044,174.8861251775765,-0.0,79.55335323146477,-0.0,302.85249999999996,-0.0,-0.0
3989,5.593228955131391,36.20161822126971,-0.0,112.09327318414172,-0.0,28.819712093915548,-0.0,227.10249999999996,-0.0,-0.0
3990,-0.0,22.32920390424029,0.040464997445068845,72.57249151544241,-0.0,-0.0,-0.0,188.51999999999998,-0.0,-0.0
3991,-0.0,30.02717530255522,0.32915176290240133,84.76779908466462,-0.0,9.9559175208705,-0.0,271.96749999999986,-0.0,-0.0
3992,3.739896193559698,59.27815453871855,0.8886484414920793,151.3724695912892,-0.0,84.22520031563432,-0.0,381.9124999999999,0.7363172443296904,-0.0
3993,25.789211565205765,105.54457683497233,0.15648696985181332,278.381029700896,-0.0,211.72230092839834,-0.0,581.9124999999999,3.629719563378414,-0.0
3994,54.84877581818442,169.40188483249418,0.9564869698518131,453.6600681746862,-0.0,387.4760036395747,-0.0,781.9124999999999,8.98184783247352,-0.0
3995,75.00652408259849,236.70920554333924,0.9564869698518131,643.1914509429203,-0.0,578.1865500647664,-0.0,981.9124999999999,14.82345988667796,-0.0
3996,104.46827037001043,304.9999495354438,0.8755978538579461,834.9798475002704,-0.0,769.2685135558818,-0.0,1181.9125,20.584701683797107,-0.0
3997,133.93001665742239,368.28603259356095,1.675597853857946,1012.2991407654638,-0.0,947.3792613274093,-0.0,1381.9125,25.739015880155577,13.640446122175913
3998,159.8200456110618,418.92926296811606,2.4755978538579457,1157.2354170370818,-0.0,1094.1762008631047,-0.0,1531.5874999999999,30.05534349673439,28.83379309803423
3999,167.1144698012861,452.670317611051,3.1334440470107308,1247.179550099748,-0.0,1187.673865245609,-0.0,1600.0,32.231516280057136,37.502781868421295
4000,164.7330161816198,464.0131201711295,3.4430684721512517,1263.3918560246955,-0.0,1210.5867472882965,-0.0,1587.6275,31.365316825112806,41.35070568270525
4001,161.1243858359745,452.22867655993815,3.354471129279509,1205.6846486933196,-0.0,1184.5526229195411,3.7683693516699392,1578.377455357143,27.84499135853488,41.31835493789214
4002,138.83848633758836,422.71764469676634,2.9299999999999997,1092.4655728619855,-0.0,1090.1240399854648,5.589587426326126,1483.6024553571428,22.02717635648257,37.40577501343529
4003,124.1265291586213,388.8218126193038,2.34,960.6251719196212,-0.0,978.3240399854649,1.7353634577603145,1377.9774553571428,14.187415903435337,29.730930974710873
4004,110.71573073684816,356.4074062749144,1.77,843.1856815736314,-0.0,873.1240399854648,-0.0,1277.0274553571428,7.085732636067208,22.300363682661597
4005,98.59569873953564,326.599191352834,1.29,736.5421997218751,-0.0,780.5240399854648,-0.0,1181.177455357143,8.080135830035191,16.928790074408536
4006,86.89989119725949,297.0738378311438,0.8500000000000001,633.0027093758854,-0.0,693.7240399854649,-0.0,1087.627455357143,1.45748085141636,13.781744694690605
4007,76.84830811001973,270.8172978542666,0.56,544.9454318140806,-0.0,641.0903988479156,-0.0,1001.7524553571429,4.088491331603615,13.908409935889964
4008,68.73652885641332,245.84981070008848,0.3500000000000001,463.63080109906434,-0.0,599.8567577103664,-0.0,925.827455357143,-0.0,17.50224493706391
4009,61.241861830325085,221.71780706880463,0.2200000000000002,388.175693850277,-0.0,562.3231165728172,-0.0,853.602455357143,-0.0,23.615702521065963
4010,54.62161542563989,198.28699982695164,0.15000000000000013,310.4672249540447,-0.0,501.1231165728172,-0.0,783.1774553571429,4.255446872227834,31.79960029551396
4011,48.06117285458804,174.07905398548888,0.1100000000000001,226.43606673985636,-0.0,433.6231165728172,1.1944990176817356,711.2274553571428,4.255446872227834,40.39003893090466
4012,37.07903578968654,149.6296824109529,0.08000000000000007,142.8518158802589,-0.0,361.77466526171605,2.069941060903737,636.3024553571429,7.398770152118566,49.8378360348559
4013,29.24896731036199,124.45126794796164,-0.0,55.380181132299555,-0.0,280.77466526171605,-0.0,560.8024553571429,9.834809816238717,59.344626822603345
4014,25.48479400540934,109.06524546532921,0.1004649974450689,-0.0,-0.0,250.29782756891498,-0.0,566.5410267857152,13.066458102352176,70.60254189607302
4015,30.886928609546775,115.09029200664463,0.1004649974450689,24.70648948151755,-0.0,268.06803655682364,-0.0,574.1910267857152,10.510737835471836,85.71655509932206
4016,45.359824057158406,143.4969694527772,0.7806668369954008,127.9357952407612,-0.0,356.53735962085466,-0.0,692.638482142858,10.570944570213072,103.83964185250612
4017,68.01988943008743,190.76463655692334,1.5806668369954007,295.4567875927761,-0.0,529.6436934971839,-0.0,798.6559821428581,19.863065670277887,124.89078933836852
4018,95.61489236939434,251.74253422212746,1.7752069494123655,507.5650173066872,-0.0,737.3652334323119,-0.0,967.290937500001,29.155186770342702,149.32242781920627
4019,125.07663865680628,320.75630984239837,2.5752069494123653,730.7476935119504,-0.0,937.1044030608471,-0.0,1064.120937500001,35.045226422973016,175.09021260833438
4020,154.53838494421822,388.13436228030844,3.375206949412365,946.2767950959831,-0.0,1144.825942995975,31.212083005051667,1137.783437500001,44.337347523037835,200.02069386680608
4021,184.00013123163018,453.41768077495834,4.175206949412365,1142.9586859862536,-0.0,1351.6602960366404,66.99721636924858,1194.6984375000009,53.62946862310265,223.46872045142666
4022,209.3210794934232,505.68066117422256,4.975206949412365,1298.5658818889347,-0.0,1525.0665896437024,100.66409599138649,1294.7383928571437,62.92158972316747,242.70435819286809
4023,227.85240695727813,540.9215003669217,5.775206949412365,1408.3011175987788,-0.0,1638.2593568998025,123.33296399593507,1307.6608928571436,70.44502421373892,255.8324899179406
4024,235.69397029929556,555.6281801732208,6.301890648952477,1451.1942653504418,-0.0,1661.7723194810242,133.17599484165248,1336.1083482142865,74.33696880051852,262.1930541876872
4025,232.50700017394502,545.1910267736853,6.399999999999999,1417.1505696157894,-0.0,1632.6667780463454,128.2252121041772,1266.6958482142866,74.25764857379546,262.1930541876872
4026,220.7922047097348,515.5435940130499,6.192940725600407,1315.033549851017,-0.0,1547.018845441758,111.0945028849741,1228.1958035714295,70.39040480800817,257.2232588067757
4027,205.36673477717392,478.1411316944814,5.702940725600407,1180.6588341936656,-0.0,1475.9852043042088,88.48644787515093,1175.6457589285724,64.29980095009165,261.28518632393224
4028,189.40531137428877,442.04747298648203,5.212940725600407,1048.623684473711,-0.0,1362.7515631666595,64.90295082210574,1067.4707589285724,57.93358618237412,249.35815840977207
4029,174.0602337744612,407.032857166938,4.7329407256004075,927.3201176796197,-0.0,1258.4179220291103,44.215720959630296,961.1457589285724,51.69176050485558,250.2087653555908
4030,159.72881037157606,374.6580020695078,4.342940725600408,815.4174614819028,-0.0,1162.384280891561,26.177607010710844,916.2457142857152,46.615771180321815,250.79056732619927
4031,148.1195083167121,346.0243334272646,4.052940725600408,720.6890350568381,-0.0,1083.5506397540119,14.494306421319884,827.1957142857152,43.498287291160665,252.61664604348286
4032,139.66156118540874,321.86589909578566,3.902940725600408,642.3823873533548,-0.0,1022.2169986164627,9.009237659040906,747.6707142857152,42.68319973936198,242.2848384189276
4033,132.8715109470902,301.08222051929863,3.8029407256004077,603.6932911227267,-0.0,971.8833574789135,8.212970468471163,729.745669642858,43.5266176229359,247.20601149050415
4034,127.28935760175648,282.81638844183607,3.7429407256004077,545.0835625098514,-0.0,931.2497163413643,12.201772040180401,716.5456250000009,45.79193365566316,237.80866932120995
4035,123.01221337692577,266.7988814191703,3.6829407256004076,496.07565508972516,-0.0,939.8160752038151,21.25678186336311,648.3456250000008,49.15720238654882,227.394974999559
4036,118.63642407565564,250.65041728495987,3.637933106431126,478.0773161309211,-0.0,911.1824340662658,33.50629070422755,637.3205803571436,52.99559108618984,215.81247570269778
4037,112.15448513769459,230.923857439595,3.447933106431126,447.4443133368615,-0.0,871.1487929287166,43.057764181634234,620.1955357142864,56.221761589810576,201.0152594687155
4038,106.40381415001741,215.2558746402363,3.2362826209942326,425.2516803199462,-0.0,832.2292419118697,50.94276064625529,566.0330357142864,58.27723993978606,198.54876631765035
4039,107.01528989517955,212.5144661994515,3.1115636634060873,425.2516803199462,-0.0,813.8663735319695,60.498286633901884,548.4780357142863,60.29964474661836,197.11497798797924
4040,112.86060725765947,229.5306995421924,3.1018932495072624,455.55063850378093,-0.0,819.174438986787,72.53546018324195,627.8054910714291,61.54876630599755,183.6715315314941
4041,124.71863299258267,258.7245028392696,3.569547777210014,536.4887176132179,-0.0,851.4963126774365,87.04299438439696,680.945491071429,62.9958909750395,187.1279423717973
4042,141.18138969119877,301.9047626447687,4.004092999489012,671.1060455925186,-0.0,910.0463263402237,99.8800281138372,808.0729464285719,64.54757838522731,178.62060653051674
4043,160.51183204043193,357.1333665750494,4.642043944813489,806.7135785929513,-0.0,1025.7675959918658,113.83180470930915,886.0104464285719,67.27845959982685,171.66771000986225
4044,180.35557718534523,414.05983329526003,5.283288196218701,957.0579317410651,-0.0,1081.831901121691,124.0517461008319,1008.1654017857147,69.29863371291658,180.77688926247006
4045,199.89032450538033,465.4924644494695,5.850301481859988,1082.5807268010371,-0.0,1122.6679052023103,132.59833756822007,1089.0378571428575,70.47861579548334,177.7785448652243
4046,216.16327320133215,502.42451823040705,6.248027593254981,1175.078657745836,-0.0,1137.3900205085629,137.3060658453213,1120.9903125000003,70.04687945225749,188.42720776324256
4047,225.4822164265806,522.3840736767413,6.399999999999999,1236.9382678598656,-0.0,1124.4125787767543,136.9261860577013,1117.3627678571431,67.57270219574998,197.4814694440144
4048,227.04422365934448,522.5373849042297,6.292925396014306,1252.169817963589,-0.0,1087.6355397376174,132.22470999317932,1083.140223214286,64.3607942217105,203.2434651595211
4049,220.07690367013197,505.293730120051,6.224136387692531,1221.2061473242402,-0.0,1067.973154588923,123.66761614287412,972.9477232142858,60.41967670438549,190.9848909380343
4050,205.80013171920018,474.29971938791743,5.631900823052776,1140.1218325683963,-0.0,984.4395134513738,110.15072026861085,903.4226785714287,55.21187276835738,186.9978879334325
4051,188.97567910048463,439.43387737621106,4.901900823052776,1044.7461829275483,-0.0,891.5058723138246,96.47547468904307,771.0476785714287,48.694294275513045,164.05639495277507
4052,174.0962356022721,407.1349346862283,4.251900823052775,965.1496651614932,-0.0,816.2722311762755,91.11555327450475,649.4476785714287,44.55472302983218,139.47565680646142
4053,163.49276381538982,381.1607477512374,3.7519008230527753,912.8282877644647,-0.0,769.8385900387262,96.45582832362066,595.6976339285716,43.24193721171277,130.9315472039229
4054,155.07506757347116,387.7321744734519,3.341900823052775,883.2256081796257,-0.0,778.004948901177,104.49237056330632,492.09763392857155,43.24193721171277,109.43118647478116
4055,148.9041094673434,369.7372597705587,3.091900823052775,870.0634051285577,-0.0,755.5713077636278,113.25897174208825,450.1475892857144,43.04625686802176,104.6887120874783
4056,145.76450628477622,356.86495725592573,3.1997060916855222,877.8972105717232,-0.0,739.8376666260787,119.26683028825721,361.79758928571437,42.87261657900886,86.77690485168682
4057,143.97529543494235,347.04836760782933,3.159706091685522,892.8261139127477,-0.0,757.8569449624567,121.26683028825721,275.94758928571434,41.37468180348017,70.3093743625705
4058,143.5218601300721,337.76201723761915,3.407511360318269,907.2976641005607,-0.0,731.4233038249075,117.192959954269,194.34758928571432,46.04366320265632,55.209013633428754
4059,143.3203500068564,328.3763847010674,3.6753166289510157,915.7811888056733,-0.0,693.6896626873584,108.22832341202931,113.42258928571432,43.2409357524027,56.50741962701777
4060,142.4988398836407,323.54005307968197,3.8931218975837627,914.9549093065039,-0.0,642.7560215498091,96.15229197784463,36.32258928571433,40.96988100811865,48.16907114151979
4061,152.52002641311594,308.82728194352046,3.9369063891524916,896.9277192109598,-0.0,613.2223804122599,80.17056309768745,7.597544642857159,37.937829887416335,43.46820667113044
4062,148.75177270062426,293.50172877290305,3.6534930013139633,869.2486496662669,-0.0,536.6599952635656,61.11455384346294,-0.0,33.60383102791138,55.38279031448951
4063,146.35565393747703,284.8136701498503,3.357956465800422,859.0733476186289,-0.0,478.3971671529326,46.15500970232956,-0.0,29.642608076419577,66.22515679208107
4064,146.4517383852931,285.52449332321765,3.0958256533323585,873.2861931596188,-0.0,490.06243874516986,36.49584615114996,54.692500000000024,27.800318491476386,82.36277036212039
4065,148.14138642111817,295.3418396576181,3.1471413971822746,907.9780641884178,-0.0,504.96998069951417,35.020261501505566,163.01000000000005,28.100629228686326,86.16371104229236
4066,152.8055283227984,313.5568991858208,3.342688106796115,982.570853673063,-0.0,598.491411428225,44.153062971007806,320.60000000000014,30.54158059497908,104.83258861049235
4067,158.0679516455091,363.723141616719,3.3032501916198247,1076.389645992525,-0.0,663.7983493435618,58.830270001780704,485.0575000000002,33.845698440859515,109.42073220300733
4068,162.6716520076455,384.1576722274437,3.560792302357835,1171.4851815066663,-0.0,726.6195384566696,76.40676254675378,628.2700000000002,36.49800026366729,113.16998217074327
4069,178.06065412596308,400.70707568015143,3.5317069676618718,1246.5058047750501,-0.0,786.0550190368156,92.88729805113468,737.1600000000003,39.15741743880816,129.1860105124398
4070,177.4839102542025,407.6264759721994,3.400626231841739,1283.4776246498348,-0.0,873.2906606940302,102.01426079589743,847.2199553571431,38.63665416391446,127.44482308878744
4071,171.816938373746,401.5140699924081,3.4465331867289573,1265.8887804905335,-0.0,929.2267050439165,104.36535381456207,900.9249107142859,36.237454566777416,133.76866550439684
4072,162.68947223877973,384.0237048026863,3.3912699832104525,1205.9689164085332,-0.0,942.0919363668866,97.73735661558702,849.669910714286,32.10512419052119,135.51813856342685
4073,149.55685911289612,354.93694819548995,2.992207642893641,1113.106400625902,-0.0,863.6007266685131,84.85114143924235,756.972410714286,26.053634213523296,118.72236444437928
4074,131.63481126227322,316.181433998687,2.344795788013723,982.0910869382758,-0.0,740.6527940639257,64.29999999999998,637.797410714286,18.472757610581418,110.8765162518497
4075,111.59126651136688,273.9751531681836,1.6147957880137234,834.1281100552642,-0.0,644.9191529263766,42.17347740667976,567.6973660714289,10.272331894007076,86.3121302578928
4076,93.65907668402113,233.94315947114362,1.2326010566464702,695.8215757290895,-0.0,521.3855117888273,24.96777996070727,502.8473214285717,4.018193416785055,75.17292630106128
4077,79.1722883099117,196.83569218545318,0.7226010566464705,575.9883605791924,-0.0,414.7518706512781,13.920628683693515,451.57227678571456,0.9103421789153536,64.40755890045897
4078,67.65013496457799,160.5429905889985,0.5504063252792174,459.3888986681763,-0.0,357.4182295137289,5.588605108055006,408.2972321428574,-0.0,53.92420413226422
4079,72.09723848236548,128.74624113696657,0.25040632527921736,351.7231899960411,-0.0,272.5845883761797,0.6660117878192509,374.77218750000026,-0.0,45.23103807265542
4080,67.61704680069833,102.259721028577,0.11040632527921745,263.657481323906,-0.0,242.85094723863048,-0.0,294.29718750000023,-0.0,38.78541919019311
4081,64.42705128539784,81.2336596074721,0.2682115939119643,189.67979813447133,-0.0,179.71730610108128,-0.0,275.87214285714305,-0.0,20.293360472541654
4082,62.28128022513373,64.8902004403836,0.2682115939119643,134.5217233536007,-0.0,125.28366496353206,-0.0,204.82214285714304,-0.0,3.270106730100462
4083,59.567808438251454,50.683401317132535,0.5160168625447112,97.44460164027207,-0.0,77.05002382598285,-0.0,191.02209821428588,3.561611300358974,2.2243619123262466
4084,55.76856110640556,35.463032894076576,0.47601686254471115,68.1435308923445,-0.0,73.91638268843363,-0.0,118.89709821428588,-0.0,2.0555981459406745
4085,49.340650457114236,15.597908716028702,0.3060168625447112,28.734477132883953,-0.0,19.682741550884437,-0.0,40.79709821428588,1.262632560475783,2.7752619375934717
4086,42.67172619235673,0.5782081465060251,0.134718957588145,-0.0,-0.0,13.120275863655884,-0.0,-0.0,4.169797152707069,6.1160352897818875
4087,39.40973475507889,-0.0,-0.0,2.8169576741133397,-0.0,-0.0,-0.0,66.92245535714285,4.169797152707069,-0.0
4088,41.59517087044237,40.63719839061303,0.07432805314256496,55.8371194724742,-0.0,44.67883821246645,-0.0,143.19495535714287,8.942562274384544,-0.0
4089,61.55202148873654,77.00847126286322,0.4209964230965759,169.08249260957564,-0.0,156.87108196809342,-0.0,283.3424553571429,8.374856109985114,3.892008752359512
4090,71.28820801125588,127.26606889997691,1.0035385794583538,330.51179708154166,-0.0,318.87697288248387,26.94967852006274,462.8849553571429,17.254348356458593,13.999460600831501
4091,82.66410095781349,185.16733187531565,1.6813694430250372,490.2934534676423,-0.0,526.5985128176119,62.241086648853305,662.8849553571429,25.953194960119134,29.94297794339499
4092,93.04398806223139,242.35052334873066,2.3873173224322928,671.7765954273109,-0.0,731.2806104437375,96.40962460413105,862.8849553571429,26.316719137877847,48.80888852085261
4093,100.42214226938334,290.7887554944059,3.0404445579969326,877.5262050213192,-0.0,910.0719280062195,127.6918379421305,1046.3274553571428,34.55993873996898,68.38570044710131
4094,105.2116447830332,326.93408219731447,3.577577925396012,1042.2167432810793,-0.0,1057.0493970636023,153.88096173356917,1190.0474553571428,41.160540346120015,86.67114284848039
4095,104.48506140942956,346.3253836548805,3.9051916198262626,1144.352311844256,-0.0,1144.2847568359468,170.24578107445302,1265.8024553571427,45.62021398319291,100.26839565489482
4096,110.83903475633919,345.22375664053243,3.9534057230454756,1144.352311844256,-0.0,1157.4782086695889,172.87553516901406,1265.8024553571427,47.24535987379928,107.12007757888726
4097,110.83903475633919,323.22400532772366,3.931908487845826,1083.93084456696,-0.0,1134.786918432681,162.9438232022203,1247.4149107142855,45.411588927740134,107.57997023878279
4098,93.67629056070291,284.90585473342975,3.334849213446235,940.437855304718,-0.0,1018.8246943610553,143.8360393414173,1131.5399107142855,41.207595970208786,102.00844175164278
4099,86.21467603802692,270.2285275162942,2.5748492134462353,793.8926656375214,-0.0,881.3910532235061,119.41698236695755,1005.8649107142855,35.392413814726915,91.63032728244701
4100,67.3569068320842,229.82605526348183,1.8848492134462353,652.9256972487433,-0.0,751.4574120859569,99.29419258306757,881.7399107142855,31.386958914219676,81.788313483748
4101,50.19721244448695,192.87334373278333,1.3048492134462353,535.4765160757802,-0.0,638.2237709484077,82.66766998974734,825.0148660714284,28.998562186299253,73.28240035554575
4102,34.52635929969577,157.81682362439375,0.8548492134462353,430.95800723230604,-0.0,535.8901298108585,70.16943816263534,775.8398214285712,27.76138727798086,64.91095268260459
4103,34.52635929969577,154.76544855168098,0.5664486915103292,346.5444004909729,-0.0,450.7564886733093,61.01835761253712,682.1898214285712,28.17787782846855,58.98214654110289
4104,24.161655791595507,127.55916772117757,0.40644869151032925,284.2574745733623,-0.0,381.6228475357601,54.571009871869144,600.8648214285713,29.479753845573484,55.55661083007254
4105,28.34619090561044,103.91836047932459,0.3464486915103292,232.44477842840368,-0.0,359.6892063982109,48.221697494658926,525.0898214285713,31.27190260770378,53.93598076474922
4106,20.91592625991923,82.36254827034969,0.30644869151032916,188.56275461293407,-0.0,297.8555652606617,42.923269203892715,507.8147767857142,32.978713205058426,53.02352677560427
4107,14.53355850721284,62.69553967194393,0.28644869151032915,149.37673929169796,-0.0,234.92192412311252,36.41914346715401,434.41477678571414,34.17335290823437,54.63560101499445
4108,8.45985407195188,42.929717528725206,0.2264486915103291,108.07783885678784,-0.0,166.3882829855633,28.799890029040064,357.6147767857141,34.68021080743061,57.12792673624463
4109,-0.0,20.15341682973414,0.07644869151032918,47.261151206062735,-0.0,82.15464184801408,16.337218123342616,267.6147767857141,33.223675992846125,58.69232786317642
4110,-0.0,1.0601711696373286,0.12366121614716391,-0.0,-0.0,11.292055352984057,4.377315280442161,250.43223214285695,30.903553708035517,60.7440441885533
4111,-0.0,-0.0,-0.0,-0.0,-0.0,-0.0,-0.0,219.64223214285695,29.887880037207616,64.89262622181882
4112,-0.0,-0.0,0.002917731221257047,54.033179643282494,-0.0,39.72636812438216,-0.0,244.59223214285697,30.77626933729789,72.00733385381575
4113,3.6529192048251353,30.42666056851065,0.2032396525293816,174.769331542629,-0.0,141.8663028689935,-0.0,320.174732142857,33.31751746249127,81.1014196045142
4114,15.361268883361443,70.7724887836647,0.7693540586904148,335.77538345369356,-0.0,286.7629202505515,16.247047283092805,486.07468749999987,36.54379688898501,91.31399327623123
4115,31.976342968864056,117.59738291642154,1.2109585553690045,463.12088294114164,-0.0,434.30229122542244,37.29501359724599,647.2846428571428,39.39989773602187,100.61538199828986
4116,50.52930068917874,168.49646300497568,1.811265147091028,558.6343346574313,-0.0,584.7416622002934,57.582793052097585,749.1196428571428,41.216963481729344,109.28953977975718
4117,68.73734306292874,217.85503994694628,2.428158350974523,617.3871193340059,-0.0,710.7241894611491,73.30879205022707,824.3921428571429,41.50626395334021,115.96443607772436
4118,83.07175540487926,265.12885477726337,3.063288652456383,646.0352225418794,-0.0,801.0643658213635,83.67367798451195,867.0271428571428,40.693878267915395,121.10880792739182
4119,89.81355678398153,297.2134346422848,3.5396044419300674,654.3527598072479,-0.0,842.033809693196,85.65341901228476,920.7895982142857,38.68229921619356,122.41120856376955
4120,96.86609421989303,307.20992869306326,3.635110318271406,627.660938619414,-0.0,820.21835041741,78.32577905620963,870.0445982142857,34.09022584608887,120.12929713307938
4121,82.3229176992995,295.14218399150747,3.3920418461201542,572.7646610805186,-0.0,764.2128492519983,65.075442043222,782.1620982142856,27.558284982723443,111.36621966997862
4122,59.8341309618058,266.67689392642654,2.7901588619607263,484.61900253484384,-0.0,640.3985577849601,44.69037328094302,672.9870982142857,19.570124764010984,98.90801929158525
4123,37.147023218987115,238.18840992372847,2.1001588619607263,418.9825697111238,-0.0,511.4985577849601,25.788408644400782,559.6120982142857,11.611193612064035,85.3006139602532
4124,18.220307377791382,213.66396384236378,1.5101588619607265,345.91661089724914,-0.0,395.05315188512895,11.488408644400785,458.23709821428565,5.5302697072805636,72.58503255274277
4125,11.08842316284838,193.6921299492593,1.3379641305934735,289.49021802077095,-0.0,295.95315188512893,3.0715127701375238,369.4120982142856,2.1517421398595555,61.00062909322811
4126,6.368856462293236,175.81362607807355,0.9479641305934736,240.3291613090373,-0.0,207.95315188512893,-0.0,341.8620535714284,-0.0,49.509684772770754
4127,3.313140125047168,162.94273936226995,0.9357693992262206,237.38565607015883,-0.0,139.15315188512892,-0.0,322.3150446428572,-0.0,39.65974676851718
4128,2.8766573633404864,153.28946980184844,0.7857693992262207,226.59882913107717,-0.0,89.15315188512892,-0.0,256.66504464285714,3.003909996293457,32.36391387914676
4129,4.38671657105804,146.03191310796356,1.0135746678589677,226.59882913107717,-0.0,55.45315188512893,-0.0,197.39004464285713,0.06908412349593007,25.30416458347913
4130,6.353317748199826,140.54387785830633,1.2613799364917146,257.50777494326917,-0.0,55.61951074757972,-0.0,143.51504464285713,0.06908412349593007,20.76732537790492
4131,6.353317748199826,135.059411908454,1.2713799364917147,259.316956498421,-0.0,40.71951074757971,-0.0,91.01504464285715,-0.0,16.35575200549442
4132,8.924535713111306,129.866610969561,1.5391852051244617,294.30013208326505,-0.0,53.68586961003051,-0.0,40.39004464285715,0.3246492251780442,13.348346674162366
4133,8.751903314713706,121.36214501970868,1.4391852051244616,282.42219875209094,-0.0,30.085869610030517,-0.0,38.239999999999995,0.9164668744171873,9.499935026626527
4134,9.583368813781245,117.55095911164983,1.3208280257683043,269.44597948739636,-0.0,-0.0,-0.0,-0.0,0.2582511109955492,4.0279144098479
4135,16.314987602414686,124.28712808927185,1.2428157620994233,282.812830093127,-0.0,-0.0,-0.0,-0.0,-0.0,-0.0
4136,29.20493009072619,144.61591047256974,1.3618551080370829,305.4720863629074,-0.0,17.684661532015483,-0.0,-0.0,-0.0,-0.0
4137,46.87389262372913,173.95186084128648,1.5691238867800568,337.46532847903774,-0.0,64.58313129986318,-0.0,8.312499999999659,-0.0,-0.0
4138,64.27714605555896,205.4107238079343,1.7307437130447474,378.0586923314529,-0.0,133.13832397392468,-0.0,188.31749999999974,3.9032960620278097,-0.0
4139,79.117682839606,236.50710237071772,2.10840590554055,450.00416436570936,-0.0,247.84398477821668,-0.0,356.9224999999998,10.490624374979928,-0.0
4140,88.1781317738516,259.5645975754173,2.4450103565953714,507.3369827848326,-0.0,356.9365104187138,-0.0,492.9549999999998,16.321920519818132,-0.0
4141,92.60716661205956,274.36719854332443,2.5105162329367103,557.0644454912635,-0.0,421.177129740867,-0.0,605.5949999999998,20.425113049336787,-0.0
4142,93.71026434039848,279.4445417897394,2.7754778633476893,586.1138004264465,-0.0,447.71819202495897,-0.0,703.3899999999999,22.05260023581149,-0.0
4143,90.8660900941422,274.1857289374033,2.6932269691218336,580.0678278619307,-0.0,424.2455668810203,-0.0,767.0224999999999,21.38197220559354,-0.0
4144,84.29496794440512,256.84325432442444,2.4979229323308267,534.9240177509607,-0.0,360.6449225727456,-0.0,778.9799999999999,18.49369751883743,-0.0
4145,74.22290555115532,231.03447161906792,2.231801317614424,452.0174875393433,-0.0,298.86820568774607,-0.0,728.9549999999999,14.687471161760872,-0.0
4146,61.10873688588545,197.20657457764707,1.7843894627345058,319.6557712421218,-0.0,223.83456455019686,-0.0,641.93,9.812470761787061,-0.0
4147,46.59369576806992,161.58766169039578,1.452194731367253,212.65687080721165,-0.0,147.30092341264765,-0.0,549.03,4.536008418837362,-0.0
4148,33.26270117993013,128.47897814678683,0.9221947313672532,126.85180855351757,-0.0,89.06728227509844,-0.0,463.03,1.1814442250409982,-0.0
4149,22.448444727581236,100.4307632247064,0.7400000000000002,66.37923982206152,-0.0,29.96728227509844,-0.0,386.53,-0.0,-0.0
4150,12.831692835483839,75.0194476243496,0.40000000000000013,21.89959867544698,-0.0,5.633641137549226,-0.0,319.455,-0.0,-0.0
4151,5.885529442486414,55.540026378594476,0.18000000000000016,-0.0,-0.0,-0.0,-0.0,260.03,-0.0,-0.0
4152,2.0364965180131893,40.3522602095549,0.07000000000000006,-0.0,-0.0,-0.0,-0.0,210.82999999999998,-0.0,-0.0
4153,0.07074369875509134,28.37520193993001,-0.0,-0.0,-0.0,-0.0,-0.0,167.63,-0.0,-0.0
4154,-0.0,19.176947280874266,-0.0,-0.0,-0.0,-0.0,-0.0,129.07999999999998,-0.0,-0.0
4155,0.2633028309206491,12.345352665655959,-0.0,-0.0,-0.0,-0.0,-0.0,91.25499999999997,-0.0,-0.0
4156,0.9933437976321873,6.018274527543404,-0.0,-0.0,-0.0,-0.0,-0.0,51.104999999999976,-0.0,-0.0
4157,1.3935809307103835,-0.0,-0.0,-0.0,-0.0,-0.0,-0.0,8.25249999999999,-0.0,-0.0
4158,1.3935809307103835,-0.0,0.04646653040367901,-0.0,-0.0,-0.0,-0.0,-0.0,-0.0,-0.0
4159,-0.0,-0.0,0.2986867654573325,-0.0,-0.0,-0.0,-0.0,-0.0,-0.0,-0.0
4160,-0.0,-0.0,-0.0,-0.0,-0.0,-0.0,-0.0,-0.0,-0.0,-0.0
4161,3.8126107256923483,-0.0,0.6929024016351557,-0.0,-0.0,-0.0,-0.0,-0.0,-0.0,-0.0
4162,23.827012350896428,-0.0,1.4929024016351555,-0.0,-0.0,-0.0,-0.0,-0.0,-0.0,-0.0
4163,45.960837260495424,-0.0,2.292902401635155,-0.0,-0.0,-0.0,-0.0,12.240000000000009,-0.0,-0.0
4164,70.33673794696178,-0.0,3.092902401635155,-0.0,-0.0,-0.0,-0.0,212.24,-0.0,-0.0
4165,92.8541068563872,0.8286487652986168,2.7239243740419,-0.0,-0.0,-0.0,-0.0,412.24,-0.0,-0.0
4166,111.98565430654469,49.05474039489523,3.5239243740418997,135.86327501486085,-0.0,19.16115252560229,-0.0,607.5175,-0.0,-0.0
4167,123.57565577710952,83.48139230636504,4.206361778231987,288.4812654726502,-0.0,182.4303547818318,-0.0,728.2725,-0.0,-0.0
4168,125.4052991732518,101.09077623483319,3.4063617782319873,376.0581961903606,-0.0,271.44331736305344,-0.0,774.2525,3.444202582483771,-0.0
4169,117.36802845357226,99.60977722703635,3.3599999999999994,383.84674634233147,-0.0,283.1285829340764,-0.0,741.0225,5.510263631790977,-0.0
4170,101.5185659632738,84.1343398906524,2.5599999999999996,325.608835934377,-0.0,241.30000000000004,-0.0,665.2725,4.70198667734693,-0.0
4171,84.30170910983982,64.11320396271877,1.9499999999999997,241.0575834269254,-0.0,177.70000000000002,-0.0,577.2975,1.8327133464846241,-0.0
4172,69.20756210352701,45.65468022304536,1.42,170.34589685687024,-0.0,119.5,-0.0,492.6975,-0.0,-0.0
4173,56.6776577932566,32.5549600939411,0.97,112.72132517314111,-0.0,74.0,-0.0,416.0975,-0.0,-0.0
4174,45.31545420960434,21.405000686950665,0.5900000000000001,63.84920454048245,-0.0,35.19999999999999,-0.0,343.1725,-0.0,-0.0
4175,36.11421321677935,11.98908913553747,0.28,28.716649845220303,-0.0,9.599999999999994,-0.0,278.19750000000005,-0.0,-0.0
4176,28.332776057587704,6.465321150855978,0.10000000000000009,9.058324922610154,-0.0,-0.0,-0.0,223.34750000000003,-0.0,-0.0
4177,21.895759519799096,2.823457455020012,0.020000000000000018,-0.0,-0.0,-0.0,-0.0,173.34750000000003,-0.0,-0.0
4178,16.336051375895337,0.39730662572065256,-0.0,-0.0,-0.0,-0.0,-0.0,129.2475,-0.0,-0.0
4179,11.19557680753096,0.25282080738064394,0.010000000000000009,-0.0,-0.0,-0.0,-0.0,88.17250000000001,-0.0,-0.0
4180,6.699719026936277,-0.0,0.010000000000000009,-0.0,-0.0,-0.0,-0.0,48.972500000000004,-0.0,-0.0
4181,1.5392444585719023,-0.0,-0.0,-0.0,-0.0,-0.0,-0.0,6.722500000000004,-0.0,-0.0
4182,0.31505921514111,-0.0,-0.0,-0.0,-0.0,-0.0,-0.0,-0.0,-0.0,-0.0
4183,8.295382786065275,-0.0,0.4553934593765967,-0.0,-0.0,-0.0,-0.0,-0.0,-0.0,-0.0
4184,26.403007352059507,-0.0,1.2097138477261111,-0.0,-0.0,-0.0,-0.0,-0.0,-0.0,-0.0
4185,53.91679966824934,-0.0,2.009713847726111,-0.0,-0.0,-0.0,-0.0,-0.0,-0.0,-0.0
4186,83.37854595566128,-0.0,2.809713847726111,-0.0,-0.0,-0.0,-0.0,-0.0,-0.0,-0.0
4187,112.84029224307322,-0.0,2.66683188553909,-0.0,-0.0,-0.0,-0.0,-0.0,-0.0,-0.0
4188,142.30203853048516,-0.0,3.4668318855390896,-0.0,-0.0,-0.0,-0.0,194.93750000000023,-0.0,-0.0
4189,171.76378481789712,-0.0,3.364070005109861,6.558400345413304,-0.0,-0.0,-0.0,394.9375000000002,-0.0,-0.0
4190,201.22553110530907,-0.0,3.364070005109861,229.74107655067647,-0.0,-0.0,-0.0,594.9375000000002,-0.0,-0.0
4191,223.28816378778026,46.70070165485989,4.164070005109861,428.82189386574,-0.0,60.17347079854915,-0.0,735.6025000000002,7.390488666139133,-0.0
4192,234.00558087456477,83.59761899669078,4.725577414409809,544.3600516207007,-0.0,174.2435992479235,-0.0,795.4450000000002,15.27321837514235,-0.0
4193,233.69911541256047,93.98977023037313,4.567805314256521,579.405494564788,-0.0,210.4288648189465,-0.0,777.2350000000001,20.175711477703395,-0.0
4194,224.42166877557239,87.76954733626577,3.7678053142565213,556.6662101937347,-0.0,192.90028188487017,-0.0,712.8850000000001,22.0649435822137,-0.0
4195,211.82388581332316,74.6762479731128,3.3078053142565214,508.1741320322436,-0.0,148.30028188487017,-0.0,633.7850000000001,21.70784114553009,-0.0
4196,198.92706544190122,61.20294860995982,2.817805314256521,456.573160262845,-0.0,101.80028188487019,-0.0,553.6600000000001,21.028793257851554,-0.0
4197,187.08197408576714,50.46369710238407,2.4378053142565212,410.0850736071204,-0.0,64.40028188487018,-0.0,481.11000000000007,20.77902173878012,-0.0
4198,175.68130335103612,40.20278058384896,2.067805314256521,367.8227571787438,-0.0,32.60028188487017,-0.0,409.31000000000006,20.904861129509698,-0.0
4199,166.53159520713237,32.222581898972365,1.8178053142565211,345.1257769151117,-0.0,14.80028188487016,-0.0,348.96000000000004,22.40875506924435,-0.0
4200,159.14015804794073,26.77738818121768,1.6878053142565212,336.3941328162241,-0.0,13.10028188487017,-0.0,296.96000000000004,25.090703557984074,-0.0
4201,153.01044990403696,22.105055863853217,1.6478053142565212,336.9882589446845,-0.0,19.60028188487017,-0.0,247.91,28.526317505529885,-0.0
4202,147.0132371998817,17.991058535529383,1.6578053142565212,335.2903680846779,-0.0,27.800281884870188,-0.0,199.91,32.26926237068787,-0.0
4203,141.31486573853252,14.387061207205548,1.6878053142565212,333.0657964009488,-0.0,35.60028188487017,-0.0,152.33499999999998,35.91953815345803,-0.0
4204,134.9299523077591,10.899016023304483,1.6578053142565212,323.04521622298614,-0.0,36.000281884870176,-0.0,101.23499999999999,38.67225757543224,-0.0
4205,126.16484271061901,2.4235929619074668,1.5078053142565213,297.2197339428825,-0.0,16.30028188487016,-0.0,40.20999999999999,39.805475185615585,-0.0
4206,118.68702097787758,-0.0,1.3501532958610178,273.34249020500033,-0.0,-0.0,-0.0,-0.0,40.38004175551553,-0.0
4207,117.59736407426189,-0.0,1.3770771589167152,290.86685451625635,-0.0,-0.0,-0.0,-0.0,41.04428299714394,-0.0
4208,124.8357422771958,-0.0,1.6489294839039406,370.21494870724223,-0.0,-0.0,-0.0,71.24499999999955,42.70144531358159,-0.0
4209,138.08208234222718,-0.0,2.1035947879407315,505.07856090387065,-0.0,-0.0,-0.0,204.83749999999958,45.615226432391495,-0.0
4210,156.94375594202648,-0.0,2.7751916198262703,683.0513034304325,-0.0,-0.0,-0.0,382.08749999999964,50.781124718230075,-0.0
4211,178.6003876376899,32.24642015451523,3.5332549821154884,893.1045529038142,-0.0,106.52778167153897,-0.0,573.0574999999997,57.135686351514316,-0.0
4212,200.996065361016,70.58964827692012,4.279787940725606,1097.0666959851035,-0.0,305.995655041952,-0.0,755.9499999999997,62.860328261186226,-0.0
4213,218.86078096416668,136.18028340926494,4.965383239652534,1281.125985910627,-0.0,480.17814203354055,-0.0,915.1599999999997,68.79749523035372,-0.0
4214,230.93522399149364,189.00621634432534,5.508398058252432,1425.0520889757058,-0.0,611.4325695915259,-0.0,1020.6699999999997,72.65214136274648,-0.0
4215,235.69397029929556,220.48266829796188,5.722718446601946,1502.6583431652803,-0.0,689.9448073259385,-0.0,1068.9474999999998,74.33696880051852,-0.0
4216,231.21488992106123,230.09496048361802,5.679522227899851,1512.1219411700238,-0.0,709.3293077808854,-0.0,1055.9499999999998,73.8589719697521,-0.0
4217,217.53947975707408,218.98240959269026,5.366926417986719,1446.1886077404877,-0.0,665.6003221541374,-0.0,982.3725,70.99602833679384,-0.0
4218,197.02525796890885,192.69319348134673,4.797278998467046,1330.5184386841079,-0.0,574.8860306870993,-0.0,879.3475,65.68926062716729,0.6194985913352582
4219,173.01469219551439,161.06542731230715,4.0372789984670465,1197.5390332804532,-0.0,465.0860306870992,-0.0,766.3475,58.60791100580947,-0.0
4220,150.02143481600478,131.811948276731,3.347278998467046,1066.250734268891,-0.0,363.3860306870992,-0.0,660.3725,52.54850683544659,-0.0
4221,129.74010261814973,105.07061280788652,2.787278998467046,953.7535416494211,-0.0,277.5860306870992,-0.0,567.8725,48.040324484685726,-0.0
4222,111.18049943558256,81.56118162788758,2.347278998467046,857.1523575241849,-0.0,201.88603068709918,-0.0,482.74749999999995,44.33702941233298,-0.0
4223,94.90185884384266,62.83864976961226,2.0472789984670463,776.4956414384862,-0.0,143.38603068709915,-0.0,405.7724999999999,41.54350889679647,-0.0
4224,81.72380675120272,48.72873009959716,1.8672789984670466,723.6358444433956,-0.0,103.58603068709915,-0.0,339.49749999999995,40.18170838907112,-0.0
4225,70.68192253625972,37.757614040151196,1.7272789984670467,683.2245069936089,-0.0,76.98603068709916,-0.0,277.59749999999997,39.641853332340695,-0.0
4226,60.97082298678335,29.065062313388218,1.6472789984670466,656.4883099128486,-0.0,61.48603068709916,-0.0,219.3225,39.9946673579981,-0.0
4227,52.36762033029179,21.981074919308213,1.5872789984670466,634.214368087441,-0.0,52.086030687099154,-0.0,162.7475,41.088928646441296,-0.0
4228,44.10923062793658,15.720178269260764,1.4772789984670465,615.2977794152448,-0.0,42.18603068709915,-0.0,106.4975,41.72952447607841,-0.0
4229,33.175261546984416,6.005473041522251,1.2872789984670465,578.9851822488151,-0.0,17.686030687099144,-0.0,42.39750000000001,41.092065756710454,-0.0
4230,33.175261546984416,-0.0,1.1118625447112978,552.5862740358073,-0.0,-0.0,-0.0,-0.0,40.99256398906751,-0.0
4231,30.76447969825486,-0.0,1.098433827286668,569.0949041921808,-0.0,-0.0,-0.0,-0.0,41.4893280023838,-0.0
4232,34.94984949527263,-0.0,1.3184031681144655,648.6780087027041,-0.0,82.9836950696035,-0.0,26.85499999999965,43.8743343725073,-0.0
4233,46.94857298510816,-0.0,1.8329483903934634,785.9036581572318,-0.0,95.90701097529299,-0.0,164.65499999999963,48.37767990570879,-0.0
4234,64.30895211827809,62.179371327142036,2.518543689320392,954.4988716346538,-0.0,270.5893368898128,-0.0,348.3599999999997,53.727452563654126,-0.0
4235,84.79453189863492,122.79727525761466,3.318543689320392,1128.6221406381824,-0.0,464.3713406501953,-0.0,547.2924999999997,60.36622506057505,-0.0
4236,105.41443852645644,190.25519112162638,4.095309146653044,1296.266734752741,-0.0,652.6675956083488,-0.0,742.5799999999997,66.24708632559398,-0.0
4237,122.9492627893228,251.80504302045927,4.833019928461935,1442.785329407755,-0.0,822.6926751161817,-0.0,914.8799999999998,70.86495819368369,-0.0
4238,132.1988326860103,300.64462587401647,5.339328053142569,1564.5900099917073,-0.0,944.8754842619076,-0.0,1051.5649999999998,73.11990749016573,-0.0
4239,142.06224890447723,329.45591420133684,5.578824731732246,1625.7174851716718,-0.0,1007.401932924824,-0.0,1127.1674999999998,73.19088983099108,-0.0
4240,142.06224890447723,334.67442365287076,5.558216658150233,1609.7011617022472,-0.0,1002.4150163138472,0.773918355751384,1130.0349999999999,71.26565554239183,-0.0
4241,124.57155503611126,316.71247437978764,5.273737864077673,1522.6032982140582,-0.0,937.45748802229,9.311001964636532,1060.3974999999998,67.1761823441198,-0.0
4242,109.83107469859326,282.463117461819,4.686678589678082,1383.5939123405503,-0.0,832.1431965552518,8.258742632612957,954.9224999999999,60.31340014016628,-0.0
4243,82.67353814102924,242.5161088634133,3.916678589678082,1221.205051852882,-0.0,708.7431965552519,4.015913555992135,839.2974999999999,51.40286875388455,-0.0
4244,68.42967402141366,207.61528175307265,3.256678589678082,1069.4201828709802,-0.0,595.2431965552519,1.4202357563850683,731.0724999999999,43.819170097005866,-0.0
4245,57.46121135503439,177.50967901925245,2.686678589678082,934.3055521559639,-0.0,492.4431965552518,-0.0,633.4474999999999,37.21352598913225,-0.0
4246,48.08795397552479,150.09025777349734,2.196678589678082,812.4927426336967,-0.0,395.4431965552518,-0.0,542.4224999999999,30.81521279887081,-0.0
4247,30.944892762381844,127.52440582754711,1.846678589678082,715.724401150967,-0.0,313.14319655525185,-0.0,456.62249999999995,25.32911780462966,-0.0
4248,25.93086895841163,107.33474530390583,1.596678589678082,636.4302894408893,-0.0,249.9431965552518,-0.0,381.0225,21.221077359393586,-0.0
4249,22.0039573819596,89.4898504695003,1.446678589678082,566.0539649466266,-0.0,201.0431965552518,-0.0,312.9975,17.92036783176968,-0.0
4250,18.665887048313646,72.1075777575988,1.346678589678082,505.0469681228748,-0.0,159.9431965552518,-0.0,244.4475,14.875767402155923,-0.0
4251,15.318386972761653,55.60578360146965,1.266678589678082,444.40929896963405,-0.0,122.84319655525181,-0.0,178.6225,12.275057874532019,-0.0
4252,11.082990004224838,37.45875513457624,1.1866785896780818,384.3934085379748,-0.0,85.24319655525181,-0.0,113.3475,10.486519241086812,-0.0
4253,4.918929718242593,16.496731634804753,0.9966785896780819,308.33396066315254,-0.0,35.043196555251825,-0.0,41.79750000000001,7.858929682218273,-0.0
4254,-0.0,-0.0,0.8416147164026603,249.43381224584758,-0.0,-0.0,-0.0,-0.0,5.5920138121987515,-0.0
4255,1.594886386755718,-0.0,0.866303014818603,237.88635571619633,-0.0,-0.0,-0.0,-0.0,4.4371351857148085,-0.0
4256,11.753027238905762,-0.0,1.1243893714869726,299.49227692257625,-0.0,-0.0,-0.0,-0.0,4.5367209120874,-0.0
4257,29.659368868819353,10.671826902977664,1.634463464486461,418.0758605187673,-0.0,98.69159196877425,-0.0,75.98499999999967,7.800803260073446,-0.0
4258,54.40068219592027,69.02003761850152,2.434463464486461,591.5434896962786,-0.0,275.6596264162559,-0.0,266.1524999999997,13.185123358405518,-0.0
4259,82.1476244515792,133.96401875476445,3.2344634644864607,776.7561656354355,-0.0,469.18446430848576,-0.0,466.1524999999997,17.632271595102324,-0.0
4260,99.49889355470285,199.50820068469588,4.0344634644864605,959.6995172793534,-0.0,655.8378448655247,-0.0,666.1524999999997,22.465350350352402,-0.0
4261,115.0519585875567,258.37556383892127,4.83446346448646,1121.5858543948698,-0.0,808.8487939833881,-0.0,862.2799999999997,26.50508519046178,-0.0
4262,124.44156107765335,304.1597477474388,5.484297393970364,1233.3924801741998,-0.0,899.6462167502893,-0.0,1014.2974999999998,28.867957758333603,-0.0
4263,125.92047960438467,331.455852198375,5.84473173224323,1276.312092969988,-0.0,920.2873595729156,-0.0,1102.0449999999998,28.348712806282176,-0.0
4264,125.93879460752106,336.2724835862126,5.900710270822688,1248.8834586247976,-0.0,892.0863931105036,9.235559921414527,1114.0674999999999,28.08250598893125,-0.0
4265,117.80409197594551,317.80770309705116,5.660702606029638,1160.5764764110613,-0.0,824.8003221541373,10.290766208251462,1055.5,22.544478994761285,-0.0
4266,102.191097957673,281.8131118683183,5.081055186509965,1019.9364182080644,-0.0,717.5860306870992,8.932809430255396,952.175,14.879300453445303,0.41597823405916046
4267,84.10700118967873,242.6401511254898,4.341055186509965,857.4702470383521,-0.0,595.4860306870992,3.8182711198428265,836.625,5.663929090597053,0.5456620351060621
4268,66.61522193607232,203.93504681592958,3.6210551865099645,709.3347481981289,-0.0,483.18603068709916,-0.0,725.875,4.994892268942719,-0.0
4269,52.244031181565866,169.10565537290597,3.0410551865099644,571.7121344715796,-0.0,386.88603068709915,-0.0,627.325,4.994892268942719,-0.0
4270,40.763232759792736,138.21101968487426,2.5610551865099644,449.9766356313564,-0.0,295.68603068709916,-0.0,533.85,6.730742725696498,-0.0
4271,32.250901489098375,113.05923546298894,2.2310551865099644,346.47671122276313,-0.0,220.58603068709917,-0.0,449.6,1.8470913706594079,-0.0
4272,26.201654157252484,91.7767334074451,2.0710551865099647,265.9688038026369,-0.0,166.98603068709917,-0.0,375.0,1.8470913706594079,-0.0
4273,21.98625718871567,73.39732209593383,1.9610551865099646,205.05781547311867,-0.0,126.58603068709915,-0.0,304.275,-0.0,-0.0
4274,18.349131204890973,56.82290581730064,1.9010551865099645,156.10418029681193,-0.0,95.48603068709916,-0.0,240.29999999999998,-0.0,-0.0
4275,15.263734236354159,42.49181956058616,1.8510551865099645,112.99501316004273,-0.0,70.48603068709916,-0.0,178.42499999999998,-0.0,-0.0
4276,10.685253328968878,27.830015470213176,1.8010551865099644,74.33122465918552,-0.0,49.28603068709914,-0.0,116.67499999999998,3.008104938601992,-0.0
4277,4.532922058274515,11.083684968490616,1.6510551865099645,30.511904197865817,-0.0,18.486030687099156,-0.0,45.37499999999999,1.6780244386877994,-0.0
4278,-0.0,-0.0,1.4885794583546246,-0.0,-0.0,-0.0,-0.0,-0.0,-0.0,-0.0
4279,-0.0,-0.0,1.5236203372508943,-0.0,-0.0,-0.0,-0.0,-0.0,-0.0,-0.0
4280,1.2881127081999217,-0.0,1.8475881451200815,-0.0,-0.0,-0.0,-0.0,-0.0,-0.0,-0.0
4281,11.99478076043053,-0.0,2.4264844149207967,-0.0,-0.0,-0.0,-0.0,27.379999999999825,1.1670640605922387,-0.0
4282,31.3435814735254,-0.0,3.2152529381706687,131.550198112598,-0.0,-0.0,-0.0,186.17749999999984,6.6539575789452226,-0.0
4283,53.07450669964638,52.18220910117666,4.0152529381706685,353.5435922454843,-0.0,77.8705352648521,-0.0,365.1924999999999,12.223647319800593,-0.0
4284,75.35380712073615,100.52865853108928,4.815252938170668,576.7262684507475,-0.0,245.69581611902072,-0.0,554.3374999999999,18.424879985808676,-0.0
4285,93.97930095025781,169.98218105274188,5.615252938170668,776.7995968196038,-0.0,403.7355092480291,-0.0,739.6799999999998,24.295598724733807,-0.0
4286,104.36941477891749,224.90347809888084,6.222266223811956,930.0017680960858,-0.0,527.6470624048999,-0.0,879.8924999999999,28.971063006982526,-0.0
4287,103.04511720281727,259.69422951772356,6.399999999999999,1007.3163585320189,-0.0,601.1020940018927,-0.0,963.3375,31.165181055437063,4.8077836203995155
4288,92.50172815540184,265.42883115714443,6.280689831374551,1005.3686776240132,-0.0,617.4436395171907,-0.0,971.5125,29.855848010231007,11.951073032335302
4289,87.08782216301155,248.75606481598084,5.918566683699538,936.591108023123,-0.0,572.8431965552519,-0.0,911.8900000000001,26.189221329899823,13.265643750951451
4290,67.15094471736896,219.99418771633515,5.343742973939701,817.2497901034831,-0.0,488.0289050882137,-0.0,819.34,20.433722741716885,10.59233155270734
4291,53.08768733785935,187.91595292576704,4.563742973939702,680.4783677113613,-0.0,385.12890508821374,-0.0,714.94,13.288980406578347,4.776355262467238
4292,40.975392549177016,157.26723957942662,3.8837429739397016,553.6900686997991,-0.0,294.5289050882137,-0.0,615.6400000000001,7.5734671382053165,1.1800015550552416
4293,30.577144290170423,130.6006697998179,3.3437429739397015,445.51955690405185,-0.0,217.8289050882137,-0.0,525.6400000000001,3.4701247640109827,-0.0
4294,22.85659675778199,106.11029144251809,2.8837429739397016,346.57082382988614,-0.0,151.4289050882137,-0.0,444.34000000000003,0.8618951114085363,-0.0
4295,17.458170573414755,84.31943452944596,2.5537429739397015,262.4349758693944,-0.0,100.02890508821369,-0.0,369.44,-0.0,-0.0
4296,14.167052782932366,67.58880696001617,2.3337429739397013,199.1742682779292,-0.0,69.62890508821368,-0.0,305.49,-0.0,-0.0
4297,12.518430432198475,55.44483943442382,2.1937429739397016,160.11538187921298,-0.0,52.92890508821366,-0.0,249.365,-0.0,-0.0
4298,10.703266112040346,43.34087190883148,2.0837429739397013,127.68807840636029,-0.0,41.92890508821366,-0.0,197.065,-0.0,-0.0
4299,9.153485004112527,31.639047949970845,2.0037429739397012,104.60524297304511,-0.0,33.12890508821368,-0.0,145.89,-0.0,-0.0
4300,7.480245865608939,20.84245830187446,1.9237429739397012,80.99264580661546,-0.0,25.42890508821369,-0.0,96.94,-0.0,-0.0
4301,4.269894499587162,7.804911542233391,1.6937429739397012,43.50182736176731,-0.0,5.428905088213689,-0.0,36.33999999999998,-0.0,-0.0
4302,0.8692117911375092,-0.0,1.4543280531425626,17.589348556350643,-0.0,-0.0,-0.0,-0.0,-0.0,-0.0
4303,-0.0,-0.0,1.2671410321921281,19.752021724346775,-0.0,-0.0,-0.0,-0.0,-0.0,-0.0
4304,-0.0,-0.0,1.1277107818088883,60.699083213030605,-0.0,-0.0,-0.0,-0.0,-0.0,-0.0
4305,7.7642711536045645,-0.0,1.142743995912107,134.70328096640057,-0.0,-0.0,-0.0,-0.0,-0.0,-0.0
4306,11.59745995947224,-0.0,1.3744762391415395,248.93622046389734,-0.0,-0.0,-0.0,16.61999999999989,-0.0,-0.0
4307,18.67165908829986,39.5829615890206,1.6837327542156322,387.38204918962526,-0.0,-0.0,-0.0,216.6199999999999,-0.0,-0.0
4308,38.68995793242099,89.55024686630105,2.08322176801226,522.4811286916143,-0.0,77.422748013143,-0.0,416.6199999999999,-0.0,-0.0
4309,49.55278160820183,135.64487907360467,2.4694174757281515,646.8263858154206,-0.0,251.86252168068566,-0.0,616.6199999999999,1.4529940504917764,-0.0
4310,68.25437328233662,172.6841706158996,2.7906770567194648,735.9343503265601,-0.0,379.902939656503,-0.0,767.6274999999999,8.70821856226121,-0.0
4311,70.94289838210423,197.2219479234461,3.199749571136575,777.7754886151872,-0.0,451.2583739461675,-0.0,855.15,13.864605722743528,-0.0
4312,74.52589243356071,205.4675352243855,3.3941261223446926,766.4476333739136,-0.0,465.8574477530227,-0.0,877.22,16.589375048310156,-0.0
4313,70.70312150387326,193.75271895741142,3.110825151470906,706.2985620445804,-0.0,433.5999999999999,-0.0,827.865,16.879825187816344,-0.0
4314,50.16561961049291,166.43184776935237,2.541177731951233,593.1371723496524,-0.0,363.5999999999999,-0.0,742.24,14.243686505899493,-0.0
4315,34.93061631392097,133.737192212833,1.8711777319512333,463.84488183232367,-0.0,278.79999999999995,-0.0,647.565,9.737853190659507,-0.0
4316,23.62928411606591,103.75801024496407,1.2611777319512334,351.50105086029896,-0.0,203.49999999999997,-0.0,559.99,5.863739883230679,-0.0
4317,14.190073266232048,77.19144046535534,0.9243894627345065,255.8710155983228,-0.0,140.2,-0.0,478.28999999999996,2.9725684032150426,-0.0
4318,6.538366976649684,53.325578585161296,0.48438946273450656,168.91521010899862,-0.0,81.9,-0.0,401.465,0.7887278408115783,-0.0
4319,1.7062865953400248,34.99732392610555,0.41219473136725343,95.49897055707092,-0.0,39.80000000000001,-0.0,331.965,-0.0,-0.0
4320,-0.0,23.519527954334485,0.4400000000000004,50.55479046477774,-0.0,12.599999999999994,-0.0,269.715,-0.0,-0.0
4321,-0.0,17.135530626010656,0.3200000000000003,26.734210286815085,-0.0,2.3000000000000114,-0.0,215.94,-0.0,-0.0
4322,2.9506659478235413,12.870576186142138,0.2500000000000002,17.94920454048244,-0.0,-0.0,-0.0,166.015,-0.0,-0.0
4323,5.717677698704659,8.917526035119153,0.17000000000000015,12.660207288383305,-0.0,-0.0,-0.0,116.63999999999999,-0.0,-0.0
4324,-0.0,5.080428028518931,0.09000000000000008,9.38899725209916,-0.0,-0.0,-0.0,68.41499999999999,-0.0,-0.0
4325,2.201236205917496,-0.0,-0.0,-0.0,-0.0,-0.0,-0.0,19.139999999999993,-0.0,-0.0
4326,-0.0,-0.0,-0.0,-0.0,-0.0,-0.0,-0.0,-0.0,-0.0,-0.0
4327,1.2722054699050513,-0.0,0.21033725089422578,-0.0,-0.0,-0.0,-0.0,-0.0,-0.0,-0.0
4328,12.983439132339695,-0.0,-0.0,-0.0,-0.0,-0.0,-0.0,-0.0,-0.0,-0.0
4329,33.88745259384142,-0.0,-0.0,-0.0,-0.0,-0.0,-0.0,-0.0,-0.0,-0.0
4330,61.4888954258128,-0.0,-0.0,-0.0,-0.0,-0.0,-0.0,-0.0,-0.0,-0.0
4331,90.95064171322474,-0.0,0.7999999999999998,65.86736298837675,-0.0,-0.0,-0.0,137.29999999999995,-0.0,-0.0
4332,120.41238800063668,65.54977330749158,1.5999999999999996,289.0500391936399,-0.0,-0.0,-0.0,337.29999999999995,-0.0,-0.0
4333,149.87413428804862,135.00329582914418,1.2450025549310162,512.2327153989031,-0.0,159.10672496761688,-0.0,537.3,4.718933033867373,-0.0
4334,175.09220189369,200.27096282527398,2.0278921819110884,735.4153916041663,-0.0,356.9325293222587,-0.0,724.485,14.011054133932188,-0.0
4335,192.2336479554452,249.11072298909744,2.8278921819110883,904.2288301890111,-0.0,507.05897798517515,-0.0,850.69,23.303175233997003,-0.0
4336,197.21139121160058,273.8464309192682,2.8278921819110883,981.0191097567624,-0.0,587.5433576323205,-0.0,892.835,29.561031906667495,-0.0
4337,189.07755664583408,270.2554438616337,2.7670592743995908,964.0077805360902,-0.0,589.6285829340763,-0.0,856.2425000000001,31.696787589297834,-0.0
4338,170.06823559888423,247.47890860708,2.3599999999999994,881.2256369624108,-0.0,532.7,-0.0,776.7425000000001,30.175310742605333,-0.0
4339,147.27437147926864,218.1202051949834,1.7899999999999998,765.7404188602405,-0.0,451.5,-0.0,686.4925000000001,26.56952472920694,-0.0
4340,124.5489562697258,187.92175099501682,1.2699999999999998,642.3702561847617,-0.0,369.5,-0.0,600.3925,23.27595691182884,-0.0
4341,102.492952561083,158.10568957391192,0.8799999999999999,516.5764935949525,-0.0,292.1,-0.0,519.2675,19.99949456887914,-0.0
4342,80.23347258085842,126.49059519859553,0.47,388.2858119145352,-0.0,213.0,-0.0,439.11750000000006,16.569414068964946,-0.0
4343,65.33038815024179,95.44860150155553,0.1399999999999999,269.5346961715144,-0.0,138.10000000000002,-0.0,362.51750000000004,12.775940855270031,-0.0
4344,55.82666547397481,69.71945927066191,0.010000000000000009,183.67251650756862,-0.0,85.50000000000003,-0.0,295.96750000000003,11.211744010182217,-0.0
4345,39.610643524326,49.160307105524474,-0.0,125.19927292269784,-0.0,52.50000000000003,-0.0,236.3925,10.601212623900489,-0.0
4346,24.96982686154685,33.18852288363915,-0.0,79.3060718089946,-0.0,28.700000000000017,-0.0,180.7425,11.010183049409632,-0.0
4347,11.607299424485829,19.989819471542557,0.06000000000000005,45.06224083696989,-0.0,13.400000000000006,-0.0,125.41750000000002,12.302048000490368,-0.0
4348,0.1822947886823325,9.222531858275321,0.06000000000000005,20.28955872820518,-0.0,5.900000000000006,-0.0,72.76750000000001,14.425585657540669,-0.0
4349,-0.0,-0.0,0.1200000000000001,-0.0,-0.0,-0.0,-0.0,19.317499999999995,16.49301421658083,-0.0
4350,-0.0,-0.0,0.12593510475217207,-0.0,-0.0,-0.0,-0.0,-0.0,19.529218668211247,-0.0
4351,4.360156832961767,-0.0,0.639445579969341,-0.0,-0.0,-0.0,-0.0,-0.0,24.012395296521525,-0.0
4352,18.078487113539254,-0.0,-0.0,-0.0,-0.0,-0.0,-0.0,-0.0,30.241515103441905,-0.0
4353,40.93063349911506,-0.0,0.7999999999999998,-0.0,-0.0,2.5635201667535057,-0.0,22.475000000000136,38.08644980495397,-0.0
4354,69.71502402712524,-0.0,0.6484159427695448,181.19218374012226,-0.0,210.28506010188153,-0.0,222.47500000000014,46.96671888663555,-0.0
4355,99.17677031453718,16.756670424644568,1.4484159427695447,404.3748599453854,-0.0,418.00660003700955,-0.0,422.47500000000014,55.48002431419337,-0.0
4356,128.63851660194914,86.21019294629717,2.2484159427695447,627.5575361506486,-0.0,625.7281399721376,-0.0,622.4750000000001,62.576962226011204,-0.0
4357,158.1002628893611,155.66371546794977,3.0484159427695445,850.7402123559118,-0.0,833.4496799072656,-0.0,822.4750000000001,68.23817826490199,-0.0
4358,181.98647250821836,225.1172379896024,3.0484159427695445,1047.1161556799373,-0.0,1007.7040269267166,1.0595893789636222,982.8100000000002,72.59976614289661,21.063524518504227
4359,196.64244415271318,274.0108913089715,2.568515585079203,1177.2640419992854,-0.0,1121.3733499907476,36.84472274316053,1081.0375000000001,74.33696880051852,32.10629004143653
4360,199.0349109758032,295.3891535642939,3.1788451711803782,1223.3769124059681,-0.0,1160.8149357753127,59.74890658252081,1106.8850000000002,72.8887092320672,48.66815658325591
4361,189.21184176774884,289.61167794335574,3.1788451711803782,1180.9075606904235,-0.0,1125.614492813374,67.34583692057832,1062.2375000000002,68.82120943359197,59.493173735030595
4362,168.8109149078537,261.94328807117563,2.971785896780787,1065.690540925651,-0.0,1028.1002013463358,62.692927308447935,975.0875000000001,61.11335819572227,65.12788911709643
4363,144.61815482241397,226.69772507433072,2.5017858967807873,916.7682763193702,-0.0,900.0002013463359,50.13811394891945,869.6375000000002,51.82123709565745,63.96436564970985
4364,120.35847867582274,190.74430564421752,1.981785896780787,764.6371181051819,-0.0,766.8002013463358,36.15500982318271,759.8125000000001,42.52911599559263,57.63052792718922
4365,96.81803610477088,155.52064693621816,1.5517858967807872,617.8752875615046,-0.0,636.6002013463358,22.809626719056972,652.9875000000001,33.236994895527815,48.69681613998049
4366,83.55663094289176,121.52722750610496,1.1517858967807872,470.42144002936027,-0.0,507.90020134633585,9.105697445972496,550.2375000000001,23.944873795463,39.18285287091177
4367,72.8708051596096,90.45952094252837,0.8417858967807872,334.80624783823794,-0.0,393.5002013463358,0.3508840864440046,457.0875000000001,16.207698887144602,30.20008462663279
4368,64.43979233046379,65.0834694556673,0.6617858967807873,220.6395151924196,-0.0,300.3002013463358,-0.0,372.86250000000007,11.441200308377512,21.550146622379213
4369,48.28571380347553,45.196211645131555,0.5417858967807871,126.65373561414327,-0.0,222.30020134633583,-0.0,296.13750000000005,10.087419445805766,15.110019909539687
4370,43.84338253278117,29.73107753283984,0.4917858967807871,67.3725090177395,-0.0,155.10020134633584,-0.0,225.21250000000003,7.44281901619201,10.53869817191043
4371,30.4974153061504,18.611875696483246,0.42178589678078704,34.748286454278826,-0.0,96.90020134633583,-0.0,160.71250000000003,5.190887668966077,6.6837285866379235
4372,26.3421055447766,10.50431900259835,0.371785896780787,22.20193604896818,-0.0,52.200201346335845,-0.0,102.41250000000002,5.190887668966077,3.6483815841935234
4373,12.837903815445742,1.3784173854289818,0.2017858967807871,5.039619620591537,-0.0,14.800201346335843,-0.0,42.062500000000014,-0.0,0.7391980255199264
4374,3.068316585404398,-0.0,0.028957588145120172,-0.0,-0.0,-0.0,-0.0,-0.0,-0.0,-0.0
4375,-0.0,-0.0,-0.0,-0.0,-0.0,-0.0,-0.0,-0.0,-0.0,-0.0
4376,5.467513021701706,-0.0,0.24408788962698014,-0.0,-0.0,-0.0,-0.0,-0.0,-0.0,-0.0
4377,18.714851626198158,-0.0,0.7023990802248335,-0.0,-0.0,-0.0,-0.0,137.85,-0.0,-0.0
4378,37.74036414896216,-0.0,1.4228180889115989,43.76856150507959,-0.0,-0.0,-0.0,169.66750000000002,3.276719514511523,-0.0
4379,59.92673903110395,-0.0,1.0904752171691374,259.62489600241054,-0.0,10.528144094943514,-0.0,369.6675,6.839835819923101,-0.0
4380,81.47034442299568,60.303828169818885,1.8904752171691372,468.77256876001746,-0.0,190.32456013016565,-0.0,567.945,10.692691772691697,19.16378003827145
4381,99.4849251305132,123.06404115585258,2.690475217169137,652.7811318267657,-0.0,347.3212177809908,-0.0,747.0025,13.549888102239379,37.78842274253395
4382,110.94887687811152,171.0276960742178,3.2951328564128772,774.6806818156654,-0.0,464.8469013278312,-0.0,883.2725,13.499401368991254,50.2438407323589
4383,123.57328517853242,198.1995804258821,3.6336842105263156,825.5373508717371,-0.0,527.2875609192515,-0.0,955.6125000000001,11.456249423181575,57.36670213831796
4384,116.7041167602729,202.58401347186492,3.6858967807869183,803.5764484915911,-0.0,530.4433576323205,0.5390962671905655,952.7900000000001,11.456249423181575,58.106972990406206
4385,103.07169920905343,183.7612832900944,3.454358712314767,711.3084643582442,-0.0,474.82858293407634,0.5390962671905655,886.8050000000001,13.015954022772988,52.37306810289654
4386,89.42161120426874,151.59234619361237,2.937299437915176,569.4021593941284,-0.0,376.9,-0.0,784.83,7.325145919664482,39.79686328011678
4387,75.8654295702653,119.29032269384089,2.337299437915176,431.87065205967167,-0.0,279.0,-0.0,686.205,-0.0,26.368183073926982
4388,65.04464938949819,93.70899715924024,1.8972994379151762,321.78053185536044,-0.0,201.9,-0.0,596.255,3.0529719877409853,15.252584589622586
4389,47.522158434449196,74.13480029000556,1.537299437915176,235.29713494593923,-0.0,145.7,-0.0,517.88,0.49845509578621616,7.810696726235484
4390,33.25161090206076,58.032497775372576,1.277299437915176,173.55022306452256,-0.0,105.19999999999999,-0.0,446.65500000000003,-0.0,3.0949723066191837
4391,21.86184803513896,47.734233182073,1.157299437915176,135.40912388162135,-0.0,85.19999999999999,-0.0,386.90500000000003,-0.0,1.5480528622131509
4392,9.96805687954743,37.59381508779789,0.927299437915176,94.9262884483062,-0.0,62.69999999999999,-0.0,321.855,-0.0,0.2142151396925236
4393,9.251003859746792,28.3302963152464,0.7572994379151761,63.22748699192505,-0.0,44.900000000000006,-0.0,258.58000000000004,-0.0,-0.0
4394,9.345305763506737,20.954155420190865,0.6272994379151762,44.28603868875538,-0.0,34.0,-0.0,199.28,-0.0,-0.0
4395,-0.0,13.935392402631287,0.4972994379151762,32.09304993088975,-0.0,24.80000000000001,-0.0,142.88,-0.0,-0.0
4396,-0.0,7.055911551413196,0.29729943791517627,11.82674199674662,-0.0,11.700000000000017,-0.0,85.155,-0.0,-0.0
4397,-0.0,-0.0,0.10729943791517632,-0.0,-0.0,-0.0,-0.0,27.65500000000001,-0.0,-0.0
4398,-0.0,-0.0,-0.0,-0.0,-0.0,-0.0,-0.0,-0.0,-0.0,-0.0
4399,-0.0,-0.0,-0.0,-0.0,-0.0,-0.0,-0.0,-0.0,-0.0,-0.0
4400,7.455706655653138,-0.0,0.2536152273888601,-0.0,-0.0,-0.0,-0.0,-0.0,-0.0,-0.0
4401,22.390044188269293,-0.0,0.7866300459887576,-0.0,-0.0,-0.0,-0.0,45.512499999999875,-0.0,-0.0
4402,42.87370577785694,-0.0,1.495166070516095,-0.0,-0.0,-0.0,-0.0,245.51249999999987,2.3482683927700254,-0.0
4403,65.83957603189299,-0.0,2.295166070516095,-0.0,-0.0,-0.0,-0.0,445.5124999999999,10.826384704188637,-0.0
4404,89.49230088612332,-0.0,3.0951660705160946,89.41141289208491,-0.0,76.66626672253241,-0.0,623.0374999999999,18.907893023598824,-0.0
4405,110.34043991838848,39.075327782266676,3.7947802759325504,304.13592547518243,-0.0,245.5203721263804,-0.0,764.64,25.54488475980089,-0.0
4406,127.51438229641691,97.656237897636,3.7947802759325504,476.38027348118493,-0.0,374.90354369551073,-0.0,864.225,29.774291736276354,-0.0
4407,137.04498141794593,138.0342298569155,4.188507920286153,595.6528894176195,-0.0,456.75877663883944,-0.0,924.2725,31.8659856690068,-0.0
4408,137.45289269651786,154.1073481737187,4.200720490546756,638.1557079844055,-0.0,482.90044296193895,-0.0,931.19,31.249065843940883,-0.0
4409,128.36831229849935,149.82774673060163,3.942123147675013,607.7471105528567,-0.0,451.41429146703825,-0.0,874.71,28.157359416563892,-0.0
4410,111.76719322356283,130.6525974721458,3.335063873275422,521.313077404213,-0.0,376.5000000000001,-0.0,782.76,22.218919000967766,-0.0
4411,94.14785917138636,107.55645657709027,2.635063873275422,425.1529312888539,-0.0,286.4000000000001,-0.0,681.435,15.003453034436326,-0.0
4412,77.33968387640383,87.72935857049006,1.9550638732754217,338.59768727563574,-0.0,204.4000000000001,-0.0,583.9599999999999,8.409932518899815,-0.0
4413,63.46074215696068,71.53582986369474,1.4550638732754217,273.9602304782326,-0.0,141.8000000000001,-0.0,498.2599999999999,3.8115247249551913,-0.0
4414,51.22545463445995,57.75873185709453,1.0350638732754218,217.90099495924795,-0.0,93.80000000000007,-0.0,420.6599999999999,1.000898734990276,-0.0
4415,41.16824193030469,46.99068667319347,0.7750638732754217,176.83685733812231,-0.0,61.10000000000005,-0.0,352.50999999999993,-0.0,-0.0
4416,32.99372083226457,37.53169431199156,0.5950638732754218,142.65892400694815,-0.0,41.900000000000034,-0.0,290.80999999999995,-0.0,-0.0
4417,26.061891340339614,30.523180506561978,0.4950638732754217,115.46719496572547,-0.0,31.80000000000004,-0.0,237.65999999999997,-0.0,-0.0
4418,19.02275345452981,24.424666701132402,0.4150638732754216,90.30123615185079,-0.0,25.400000000000034,-0.0,187.95999999999998,-0.0,-0.0
4419,19.02275345452981,18.798057184548355,0.3850638732754216,66.58772838904662,-0.0,21.100000000000023,-0.0,138.15999999999997,-0.0,-0.0
4420,11.831494220698808,12.437399812387078,0.3050638732754215,44.35734400680195,-0.0,16.0,-0.0,88.88499999999999,-0.0,-0.0
4421,2.149076229673881,2.9907902958030306,0.1350638732754216,12.179410675627793,-0.0,-0.0,-0.0,32.085,-0.0,-0.0
4422,-0.0,-0.0,-0.0,-0.0,-0.0,-0.0,-0.0,-0.0,-0.0,-0.0
4423,-0.0,-0.0,0.03504087889626972,-0.0,-0.0,-0.0,-0.0,-0.0,-0.0,-0.0
4424,7.318108321463296,-0.0,0.07797904956566337,-0.0,-0.0,-0.0,-0.0,-0.0,-0.0,-0.0
4425,22.95843163738479,-0.0,0.5747598364844164,12.839478567139935,-0.0,-0.0,-0.0,-0.0,8.055871566160683,-0.0
4426,45.50299435684245,-0.0,1.357766990291263,231.7454042092319,-0.0,162.7787863418153,-0.0,179.51249999999982,10.134300206740331,-0.0
4427,70.52561318298774,19.858360821852216,2.157766990291263,454.92808041449507,-0.0,223.63216689885428,-0.0,379.5124999999998,19.426421306805146,-0.0
4428,96.2402754730193,89.31188334350482,2.157766990291263,678.1107566197583,-0.0,431.3537068339823,-0.0,579.5124999999998,28.71854240686996,-0.0
4429,120.16092457085429,158.76540586515742,2.9577669902912627,881.0146427020052,-0.0,636.3501631384717,-0.0,779.5124999999998,37.492381467445036,-0.0
4430,136.22490054631794,213.79374786998494,3.7343076136944306,1028.1732561656816,-0.0,791.1471832127013,-0.0,941.7224999999999,44.18027435581314,-0.0
4431,143.68321938655103,248.4784880285387,4.219565661727134,1109.2226243136831,-0.0,882.4163854689308,-0.0,1038.3174999999999,47.67323547507407,-0.0
4432,141.16756553971368,259.73342856184814,4.368837506387328,1112.3325280574297,-0.0,901.6579309842288,-0.0,1055.435,47.532568065121396,-0.0
4433,137.784144649969,247.23435534572258,4.157299437915176,1031.408097991974,-0.0,847.7289050882135,9.856974459724938,997.0,44.041294582650536,-0.0
4434,116.88409312719632,217.53944623633012,3.6202401635155854,895.4243680993583,-0.0,744.7146136211754,10.451866404715119,901.0,37.33706511591122,-0.0
4435,102.98024724858675,183.67336494673756,2.8702401635155854,745.445311815972,-0.0,620.4146136211755,4.844793713163064,791.9,28.172915572665,-0.0
4436,80.85486852105595,150.98894866810437,2.2102401635155853,607.6760597368677,-0.0,503.4146136211755,-0.0,687.25,19.396595135240084,-0.0
4437,60.96237756600696,121.93214954485332,1.6902401635155853,490.98194802679,-0.0,401.31461362117545,-0.0,592.5,11.690998329208067,-0.0
4438,52.07450339872766,96.27487186582991,1.2102401635155853,385.37985330517927,-0.0,308.7146136211755,-0.0,501.97499999999997,6.034132401732428,-0.0
4439,45.61682539781502,74.53878064199353,0.8702401635155851,300.1519883562205,-0.0,236.6146136211755,-0.0,422.775,2.3943246468436,-0.0
4440,31.54781071434781,57.889349461994584,0.6802401635155851,232.6596978388918,-0.0,188.6146136211755,-0.0,351.69999999999993,0.317909605735494,-0.0
4441,19.569384529980578,43.500626181410325,0.5502401635155852,175.70697325895958,-0.0,154.5146136211755,-0.0,288.5999999999999,-0.0,-0.0
4442,9.633275860001199,31.850706511395224,0.4702401635155852,127.45025717326087,-0.0,125.61461362117548,-0.0,227.6499999999999,-0.0,-0.0
4443,10.09755952275513,21.359351174063086,0.4102401635155851,86.23800912709967,-0.0,97.51461362117549,-0.0,164.9249999999999,-0.0,-0.0
4444,10.096656139645411,13.222033758064363,0.34024016351558506,55.11469716001346,-0.0,67.51461362117549,-0.0,103.52499999999989,-0.0,-0.0
4445,8.61767793819023,2.541376385903085,0.16024016351558515,16.153640448279788,-0.0,24.914613621175494,-0.0,35.97499999999988,-0.0,-0.0
4446,-0.0,-0.0,-0.0,-0.0,-0.0,-0.0,-0.0,2.8424999999998732,-0.0,-0.0
4447,-0.0,-0.0,0.020217169136433233,-0.0,-0.0,-0.0,-0.0,39.907499999999914,-0.0,-0.0
4448,7.686393378150473,-0.0,0.34265457332652005,-0.0,-0.0,-0.0,-0.0,134.53249999999994,-0.0,-0.0
4449,23.395478234914773,-0.0,0.34265457332652005,-0.0,-0.0,-0.0,-0.0,272.35249999999996,5.0422568637507545,-0.0
4450,45.3780178297486,-0.0,1.1426545733265199,-0.0,-0.0,-0.0,-0.0,422.80749999999995,13.172462734276667,-0.0
4451,68.43798908353229,-0.0,1.9426545733265197,83.57437700708854,-0.0,-0.0,-0.0,578.81,21.627602746937587,-0.0
4452,91.812859260703,15.311839951216825,2.7426545733265195,306.7570532123517,-0.0,172.21139620260817,-0.0,737.1474999999999,30.919723847002402,-0.0
4453,111.47713595594045,81.76101288218932,3.5426545733265193,505.34348806760727,-0.0,374.2506866389448,-0.0,884.5899999999999,38.29582761443008,-0.0
4454,125.88940924223797,137.51574748457472,3.6618395503321413,666.598674876895,-0.0,536.661837103144,-0.0,994.16,43.87453829975957,-0.0
4455,132.4914268465413,175.68867737678457,4.060743484925907,767.5639996614324,-0.0,640.1165868152666,-0.0,1047.1125,46.23045548850908,-0.0
4456,130.19580349485668,190.92417023829992,4.155544200306592,795.1513189471485,-0.0,673.5151371216486,-0.0,1036.5275,45.54211767581743,-0.0
4457,117.96031181107789,183.11741157984306,3.896946857434849,742.7079531900614,-0.0,633.4717794893281,-0.0,965.8724999999998,41.45097212447041,-0.0
4458,97.89197159596131,158.37491424662275,3.3598875830352584,633.6071118041925,-0.0,544.6431965552517,2.6440078585461464,866.9724999999999,34.800408116537184,-0.0
4459,75.45391950332137,130.01214311046127,2.639887583035258,500.37525534946735,-0.0,435.1431965552518,0.3125736738703253,757.5474999999999,26.43137129488285,-0.0
4460,64.75011010672384,103.99031915160063,1.9898875830352583,383.4660882126982,-0.0,330.2431965552518,-0.0,654.3725,18.659890834024456,-0.0
4461,56.909580815341414,80.78944237004085,1.4498875830352582,285.384512496026,-0.0,242.0431965552518,-0.0,559.0474999999999,11.927413996747802,-0.0
4462,41.237714841404426,60.75760847693637,0.9998875830352583,203.1167324894023,-0.0,167.1431965552518,-0.0,470.2974999999999,6.660773512455933,-0.0
4463,34.790570862509924,44.84696103901892,0.6598875830352582,142.4280843575716,-0.0,116.74319655525179,-0.0,393.6724999999999,3.486802110551885,-0.0
4464,24.197368206018368,33.37535648955679,0.4798875830352582,102.04924043002293,-0.0,86.24319655525179,-0.0,328.44749999999993,1.7786670616326212,-0.0
4465,14.664165549526814,25.36089053970445,0.3898875830352581,78.97130709884877,-0.0,67.14319655525179,-0.0,270.92249999999996,1.0193101931113269,-0.0
4466,6.740000302207989,20.125946034079767,0.3798875830352581,65.14582481874513,-0.0,55.14319655525179,-0.0,215.77249999999998,1.2136187833961216,-0.0
4467,8.587564070177041,15.21885796172338,0.3498875830352581,53.22923614654897,-0.0,43.0431965552518,-0.0,161.52249999999998,1.6054837344768593,-0.0
4468,0.11147364120367342,9.627482755903593,0.289887583035258,40.84331980384184,-0.0,30.043196555251797,-0.0,104.5975,1.741239587547451,-0.0
4469,-0.0,1.132059694506573,0.1298875830352581,11.104952410064186,-0.0,5.943196555251802,-0.0,41.24749999999999,0.5306608994241273,-0.0
4470,-0.0,-0.0,-0.0,-0.0,-0.0,-0.0,-0.0,-0.0,-0.0,-0.0
4471,-0.0,-0.0,0.10092233009708729,-0.0,-0.0,-0.0,-0.0,-0.0,-0.0,-0.0
4472,-0.0,-0.0,-0.0,-0.0,-0.0,-0.0,-0.0,-0.0,-0.0,-0.0
4473,-0.0,-0.0,0.6425421563617779,-0.0,-0.0,-0.0,-0.0,-0.0,-0.0,-0.0
4474,22.739123282891438,-0.0,1.4425421563617777,-0.0,-0.0,-0.0,-0.0,33.36000000000013,-0.0,-0.0
4475,50.430181929967674,-0.0,1.4425421563617777,-0.0,-0.0,-0.0,-0.0,233.36000000000013,-0.0,-0.0
4476,78.12234332676566,-0.0,1.499882473173225,-0.0,-0.0,-0.0,-0.0,433.3600000000001,2.926277605858905,-0.0
4477,103.1450358680149,-0.0,2.299882473173225,122.76497731488607,-0.0,59.02145939659374,-0.0,633.3600000000001,10.01863493230367,-0.0
4478,123.41569086951476,50.90747072002406,3.0071282575370466,306.16451454198364,-0.0,226.57556480044178,-0.0,796.5325000000001,14.779612612293475,-0.0
4479,135.07585807401594,94.15979861280888,3.4908559018906486,429.9972218016543,-0.0,338.05897798517515,-0.0,894.6325000000002,16.783038945217463,-0.0
4480,137.97742173170192,115.54680883240013,3.640832907511497,482.3746128804597,-0.0,382.3576088300915,-0.0,910.9125000000001,15.958705723564119,0.334849092653954
4481,130.2871918756392,114.11403370173399,3.417059274399591,459.15712184100346,-0.0,359.7142914670382,-0.0,856.8925000000002,13.254442758943899,0.334849092653954
4482,115.03125984656631,96.605974242846,2.94,387.39640786863714,-0.0,296.90000000000003,-0.0,769.4925000000002,9.223285959118353,1.8285581585160031
4483,98.12787926471412,75.24435975914005,2.33,295.1095809295555,-0.0,223.70000000000002,-0.0,671.0175000000002,4.622387224128076,0.8173615786710258
4484,82.69489101559523,56.89178816388941,1.7600000000000002,214.4147709789408,-0.0,163.3,-0.0,580.8175000000001,1.8263284657043215,0.29144806170496906
4485,69.45864090226723,42.48230731267132,1.3100000000000003,151.15952696572265,-0.0,117.6,-0.0,502.26750000000004,0.6156078720562164,-0.0
4486,57.14258695530589,30.442587183567056,0.8900000000000003,96.15673400357502,-0.0,77.6,-0.0,427.76750000000004,-0.0,-0.0
4487,46.56845818999909,20.766675632153863,0.6000000000000003,60.971728257242376,-0.0,51.19999999999999,-0.0,360.0425,-0.0,-0.0
4488,38.42163781857714,14.14671622516343,0.39000000000000035,39.582731005143216,-0.0,37.5,-0.0,299.0675,-0.0,-0.0
4489,30.914621280788534,10.198421829132364,0.29000000000000026,28.624406082533085,-0.0,31.400000000000006,-0.0,244.0675,-0.0,-0.0
4490,24.33740857663327,7.78393601079236,0.2200000000000002,23.509638603085932,-0.0,27.400000000000006,-0.0,192.74249999999998,-0.0,-0.0
4491,17.435579084708312,6.091115203411718,0.17000000000000015,17.11664984522028,-0.0,22.899999999999977,-0.0,140.89249999999998,-0.0,-0.0
4492,10.761057986668199,3.9542465404538376,0.1100000000000001,12.288997252099136,-0.0,15.899999999999977,-0.0,86.89249999999998,2.3754063028695143,-0.0
4493,3.9328826916856636,-0.0,-0.0,-0.0,-0.0,-0.0,-0.0,29.792499999999986,4.530569364047789,-0.0
4494,-0.0,-0.0,-0.0,-0.0,-0.0,-0.0,-0.0,-0.0,7.600842859010239,-0.0
4495,-0.0,-0.0,0.2572764435360244,-0.0,-0.0,-0.0,-0.0,-0.0,12.416754518800504,-0.0
4496,-0.0,-0.0,0.8267731221257022,-0.0,-0.0,-0.0,-0.0,-0.0,18.80492851241554,-0.0
4497,-0.0,-0.0,0.221198262646908,-0.0,-0.0,-0.0,-0.0,55.86500000000004,26.510430344825757,-0.0
4498,-0.0,-0.0,1.0211982626469078,-0.0,-0.0,-0.0,-0.0,248.85250000000008,35.06502917537692,-0.0
4499,6.186183993157439,-0.0,1.2878921819110887,-0.0,-0.0,-0.0,-0.0,448.8525000000001,44.29568566459592,-0.0
4500,35.64793028056938,-0.0,2.0878921819110885,-0.0,-0.0,-0.0,-0.0,648.8525000000001,53.58780676466074,-0.0
4501,65.10967656798132,-0.0,2.8878921819110883,-0.0,-0.0,90.16405191283818,-0.0,834.0575000000001,62.87992786472555,-0.0
4502,92.32801458846757,5.72152139002263,3.687892181911088,132.18264750279516,-0.0,273.70406719598384,-0.0,968.5900000000001,69.78162697352067,4.191919142197133
4503,111.57523854638899,61.783200880839416,3.687892181911088,305.46700645798836,-0.0,407.31614385332784,-0.0,1034.5975,73.90648148386519,27.590860937966738
4504,119.57569400086814,92.14096384072462,2.8878921819110883,393.1109870372802,-0.0,471.42906616528234,-0.0,1031.045,74.33696880051852,47.68700900443325
4505,115.9973515599938,95.87827203515543,2.877059274399591,387.4145892406707,-0.0,456.61429146703813,-0.0,970.0225,71.32186710387865,63.06863297573935
4506,103.39254233947706,82.14645279861833,2.5,328.3151056808266,-0.0,385.0,-0.0,878.9475,64.80551404480222,72.4686310319203
4507,88.69244186283998,64.79435975914004,1.9400000000000002,254.21539362807096,-0.0,300.9,-0.0,778.4475,56.50240817981586,78.14246564433044
4508,75.05177112810895,49.217501030425986,1.4000000000000001,181.5027964616413,-0.0,226.2,-0.0,683.9225,48.50174595403355,82.07705509108438
4509,62.73571718114762,35.754211601516836,0.9700000000000002,125.64755244842317,-0.0,166.0,-0.0,596.1225000000001,41.29130917143501,85.47403458741778
4510,51.06139224947416,23.230682894721518,0.6100000000000001,77.56254670209051,-0.0,114.29999999999998,-0.0,513.4475000000001,35.61987601241821,87.03340413333065
4511,40.98341312085828,14.378579920999385,0.32000000000000006,41.586434563665364,-0.0,79.4,-0.0,436.74750000000006,31.13378101817706,88.15516372882298
4512,32.570050780012096,9.245759113618746,0.16000000000000014,21.715224527381224,-0.0,60.099999999999994,-0.0,363.24750000000006,29.12813691030345,88.89503662721965
4513,25.680342636108335,6.458651172774701,0.07000000000000006,15.61824426374909,-0.0,50.29999999999998,-0.0,294.64750000000004,28.015161884817665,89.86773976564173
4514,19.53698029526215,4.365830365394061,0.030000000000000027,14.959919341138942,-0.0,40.5,-0.0,226.1975,27.358295957342026,91.23880768882813
4515,14.05727215135839,3.451344547054056,0.020000000000000018,13.583807202713786,-0.0,27.80000000000001,-0.0,158.79749999999999,25.357586429718125,93.86723408057507
4516,8.555638825800088,1.9773372844863886,0.020000000000000018,8.898801456381136,-0.0,13.700000000000017,-0.0,91.17249999999999,22.434978752940886,96.6497485104112
4517,2.331884152220592,-0.0,-0.0,-0.0,-0.0,-0.0,-0.0,27.72249999999999,22.434978752940886,98.31918121836193
4518,-0.0,-0.0,-0.0,-0.0,-0.0,-0.0,-0.0,-0.0,22.434978752940886,101.03454870712027
4519,-0.0,-0.0,0.4017475728155338,-0.0,-0.0,-0.0,-0.0,-0.0,21.85456623177228,108.27804461022653
4520,1.4755477119946185,-0.0,1.1020694941236584,-0.0,-0.0,-0.0,5.294431768221898,78.89999999999947,26.054712834174843,121.38533750144175
4521,25.190243446534648,-0.0,1.9020694941236582,-0.0,-0.0,3.457057428769872,41.07956513241881,268.3724999999995,34.51467918988184,140.7982850162522
4522,54.65198973394659,-0.0,2.7020694941236583,-0.0,-0.0,211.1785973638979,76.86469849661572,468.3724999999995,43.80680028994665,164.72359881368527
4523,84.11373602135853,-0.0,3.502069494123658,-0.0,-0.0,418.9001372990259,112.64983186081263,668.3724999999995,53.09892139001147,190.19678902692573
4524,113.57548230877048,-0.0,3.502069494123658,-0.0,-0.0,626.6216772341539,148.43496522500953,868.3724999999995,62.39104249007629,215.23568484133006
4525,143.03722859618242,-0.0,4.302069494123658,-0.0,-0.0,834.343217169282,184.22009858920643,1068.3724999999995,65.66017810097084,237.33014572682328
4526,172.49897488359437,-0.0,4.987112927950951,-0.0,-0.0,1018.0403580513131,216.07584637645462,1228.6774999999996,73.15807667672436,253.77138250935855
4527,195.34574423402293,-0.0,4.4456642820643895,-0.0,-0.0,1128.795389648306,229.05969841590345,1324.7099999999996,73.15807667672436,262.1930541876872
4528,208.24520713589632,17.58724836892913,4.990112416964747,82.26117130048524,-0.0,1149.6655986362146,221.43430472506367,1334.6949999999995,64.04194700856459,262.1930541876872
4529,209.64633273676841,29.62763535723016,4.190112416964747,135.16498886534248,-0.0,1086.5080300753903,195.66011522029208,1262.7999999999995,54.92011671077302,255.02974563525862
4530,202.78487605211663,26.348051694007893,3.9404649974450745,132.98567519016848,-0.0,962.3937386083521,159.8749818560952,1148.7999999999995,45.689716740412976,240.7899104303934
4531,192.24885858716732,19.202349617749377,3.5104649974450743,105.54969046524587,-0.0,813.6937386083521,124.08984849189828,1021.2749999999994,36.397595640348165,220.56980118311165
4532,181.91861666718162,10.650216841295752,3.0704649974450744,82.62259934823078,-0.0,671.493738608352,88.30471512770137,898.2749999999994,27.10547454028335,198.51535241588073
4533,173.19760832273533,4.411653364647023,2.6804649974450747,67.34795928228618,-0.0,549.1937386083521,54.601768172888015,781.4749999999993,17.813353440218535,189.5434441543357
4534,165.39852515994357,0.59285061011213,2.3104649974450746,54.86442560843409,-0.0,443.5937386083521,26.433005893909623,669.8249999999994,9.320495150464335,166.65302065191992
4535,159.48771298186392,-0.0,2.0604649974450746,58.27199832667449,-0.0,361.7937386083521,8.375834970530448,570.6999999999994,3.142204092251294,145.00850911141495
4536,155.63420919766912,-0.0,1.9304649974450747,71.16178382909987,-0.0,300.7937386083521,0.011394891944988217,482.0749999999993,0.2687057087631821,139.671066305131
4537,152.65974282264705,-0.0,1.9004649974450747,85.99421617831379,-0.0,254.89373860835212,-0.0,400.3499999999993,-0.0,121.17410194177252
4538,150.04700546291286,-0.0,1.8704649974450747,100.79107409589767,-0.0,216.39373860835212,-0.0,322.8499999999993,1.4848651463597164,102.972231932707
4539,147.2150345276393,-0.0,1.8704649974450747,115.08302991134059,-0.0,181.49373860835212,-0.0,249.42499999999927,-0.0,84.91954431602366
4540,144.33748421376876,-0.0,1.8504649974450746,122.57897723254999,-0.0,147.39373860835212,-0.0,179.62499999999926,-0.0,80.82801347165054
4541,139.603391930474,-0.0,1.7304649974450745,119.74425222427038,-0.0,104.39373860835212,-0.0,108.34999999999927,2.653050534865372,61.18840757685258
4542,136.34635539657344,-0.0,1.6398722534491623,124.25343151307837,-0.0,69.12207992682544,-0.0,56.26999999999927,4.99558485484008,56.69862500883804
4543,138.56445939607903,-0.0,1.6598569238630612,166.67367994629657,-0.0,61.964148942596594,-0.0,50.4549999999993,-0.0,43.31968103501685
4544,147.30019755091095,-0.0,1.8785360245273433,256.65642410180783,-0.0,94.37699071601673,-0.0,110.14999999999931,3.0574934293288054,35.17172611149545
4545,161.79752126963004,-0.0,2.2097956055186563,389.9376950274227,-0.0,166.61785165377287,-0.0,231.9749999999993,-0.0,34.022668514748304
4546,178.66911717551818,-0.0,2.6518727644353652,563.7917221261505,-0.0,278.4724402888269,-0.0,393.9874999999994,4.747455441052605,51.043385807933305
4547,193.62016053094413,-0.0,3.002539601430766,741.9519117829476,-0.0,404.3410385060489,-0.0,582.9099999999994,4.747455441052605,56.71450563824044
4548,208.17553436949152,33.81766106169137,3.4123811957077206,913.8685473718535,-0.0,539.4094756462023,-0.0,774.5399999999994,3.6149799924476866,75.8536067026678
4549,221.39161000653735,87.51113612694269,3.8430480327031216,1061.7199603031854,-0.0,664.0780738634243,-0.0,945.6549999999994,6.1737507128816524,88.24611841202034
4550,231.31126841390184,132.99901697431224,4.2050127746550885,1172.708542262686,-0.0,764.4755771688599,-0.0,1067.9524999999994,7.4547107922905465,100.77871327522972
4551,235.69397029929556,163.65083258477256,4.415454777721005,1233.7569821986685,-0.0,819.3165589144176,-0.0,1133.2574999999995,-0.0,95.31280219767886
4552,234.1087822198674,175.7843151847784,4.430848237097602,1236.360145771166,-0.0,822.3583057760515,-0.0,1127.6574999999996,-0.0,86.92421376768601
4553,224.61394284734843,167.89016235792013,4.165311701584061,1179.782455173276,-0.0,773.5150689515325,-0.0,1060.0424999999996,1.1900591178028799,76.4001726831299
4554,207.52091629838915,144.700877578047,3.6056642820643887,1074.887312239467,-0.0,685.1007774844943,-0.0,960.9174999999996,-0.0,60.97981156522435
4555,188.82213426330063,119.48094797378806,2.935664282064389,965.3839578012135,-0.0,585.7007774844943,-0.0,854.0674999999995,1.1211413196878368,55.887902914915514
4556,171.58201554565753,97.41363055778933,2.345664282064389,864.9726203514267,-0.0,496.0007774844943,-0.0,757.1674999999996,-0.0,50.63045971986777
4557,156.91305558520835,79.22916460793698,1.885664282064389,778.909742446944,-0.0,419.6007774844943,-0.0,669.8674999999996,-0.0,33.30858932203845
4558,142.9594788369895,64.15231581346677,1.475664282064389,706.7646517582764,-0.0,350.7007774844943,-0.0,586.3174999999997,-0.0,17.03917174706264
4559,131.0247433315767,51.46332345226486,1.175664282064389,656.1333567796572,-0.0,297.1007774844943,-0.0,510.21749999999963,0.3837932605618697,3.430383071118716
4560,120.6642322812003,43.13623537990848,0.9956642820643891,623.481193675831,-0.0,260.00077748449434,-0.0,442.21749999999963,-0.0,6.999103319841773
4561,111.26256247362997,36.19938658543826,0.895664282064389,603.6903752309829,-0.0,234.40077748449434,-0.0,380.8674999999996,0.6625412806320412,-0.0
4562,102.5935842721748,29.588729213276984,0.8356642820643889,586.4213355077163,-0.0,216.20077748449435,-0.0,322.5674999999996,1.8470280122590133,-0.0
4563,94.41114804014384,23.64831111900188,0.7956642820643889,573.2087383412867,-0.0,203.50077748449434,-0.0,263.9674999999996,3.3802929242839532,-0.0
4564,85.98352476224925,16.21027586934465,0.7156642820643888,552.378353959042,-0.0,191.40077748449437,-0.0,205.41749999999956,4.662336016706867,-0.0
4565,76.35609765072131,5.686767031036986,0.5356642820643889,516.1995100314933,-0.0,168.00077748449436,-0.0,136.99249999999955,4.768768199328765,-0.0
4566,67.49904416026885,-0.0,0.39024782830864024,485.09980546856673,-0.0,156.04332973147154,-0.0,92.21749999999955,4.918044612083802,-0.0
4567,64.72716351620365,-0.0,0.3464665304036836,509.917786218671,-0.0,187.34224246125805,-0.0,102.97999999999955,5.637783074464777,-0.0
4568,70.29397837506362,-0.0,0.5916121614716445,600.4024834290317,-0.0,276.6973948660524,-0.0,183.95999999999955,7.82304715652897,-0.0
4569,83.48636204870087,-0.0,1.009570771589171,757.6348528031775,-0.0,423.0374906877324,-0.0,328.87999999999954,12.486312766237365,-0.0
4570,103.96693969944005,33.55272333989792,1.6892846193152822,966.1761240143452,-0.0,612.5913142067102,-0.0,514.0324999999996,19.186793669596355,-0.0
4571,125.25732798447419,101.59466277758176,2.470288707204909,1189.3588002196084,-0.0,820.3128541418382,-0.0,714.0324999999996,26.25437811247061,-0.0
4572,146.92300752562866,169.06686174321987,3.224938681655598,1407.2348570023164,-0.0,1024.880646973717,-0.0,907.4399999999996,32.70729887042751,-0.0
4573,165.35909030648662,227.09443391834515,3.9260628513030174,1595.2655310345554,-0.0,1205.6629728882367,-0.0,1074.5274999999997,38.03186015081717,-0.0
4574,178.1490908357478,271.70092161445234,4.467194685743487,1725.9070322656933,-0.0,1344.3029479021152,-0.0,1196.2249999999997,41.674799811685,-0.0
4575,180.86682218090698,296.8250284445278,4.739632089933574,1785.4614096421053,-0.0,1418.4151453672607,1.237088253089432,1254.2149999999997,42.463225968161694,-0.0
4576,174.47799344313725,299.38156254118763,4.711612161471642,1774.3603599664682,-0.0,1425.6281884870168,20.234321179185912,1243.8299999999997,42.463225968161694,-0.0
4577,158.96386758988922,283.1665208897339,4.398663771078183,1691.014829907622,-0.0,1367.7849113932307,28.603597234920173,1173.1149999999998,37.151341046547955,-0.0
4578,136.511196358277,255.2467286225341,3.7964282064384283,1564.6329212077553,-0.0,1263.0706199261926,27.53614931237722,1070.8399999999997,35.409955741893235,0.8225190950018586
4579,116.69091191195614,222.64611098734815,3.0864282064384283,1411.032996799162,-0.0,1137.6706199261926,20.089390962671914,958.3149999999998,26.11783464182842,0.4440268198703876
4580,93.61879504863445,193.1833497854305,2.426428206438428,1271.6944170495467,-0.0,1016.0706199261925,11.474656188605117,846.1149999999998,16.825713541763605,-0.0
4581,82.10591176085215,165.56630145004942,1.866428206438428,1148.1687224136053,-0.0,905.1706199261926,6.501375245579574,741.9149999999998,8.171385857175208,-0.0
4582,62.3103368669547,139.98211451505856,1.4064282064384281,1026.1421171812897,-0.0,797.8706199261925,0.8412573673870369,642.1649999999998,-0.0,-0.0
4583,44.590145185287554,115.65317182507579,1.046428206438428,912.3195034547405,-0.0,704.1706199261924,-0.0,552.2649999999999,-0.0,-0.0
4584,29.188990912793134,94.83685125759706,0.8264282064384281,817.3928982224247,-0.0,628.2706199261925,-0.0,471.5899999999999,-0.0,-0.0
4585,24.50321985252902,76.48291353473621,0.6864282064384282,739.8751865980165,-0.0,562.5706199261924,-0.0,393.9149999999999,-0.0,-0.0
4586,20.94937397391945,58.724927956298124,0.5964282064384281,665.5881473030972,-0.0,503.47061992619246,-0.0,321.3649999999999,-0.0,-0.0
4587,8.247649443331074,43.16836811093323,0.516428206438428,603.7584611613895,-0.0,448.27061992619247,-0.0,252.13999999999993,-0.0,-0.0
4588,5.736317245476011,27.600611876137478,0.45642820643842796,544.5514643376378,-0.0,395.17061992619244,-0.0,182.83999999999992,0.5657175580019667,-0.0
4589,2.116910229275486,10.950233518837688,0.28642820643842803,471.818697286538,-0.0,332.67061992619244,-0.0,103.93999999999993,4.767451669582122,-0.0
4590,-0.0,-0.0,0.09807102708227056,411.31683517239605,-0.0,279.9703380413223,-0.0,50.05749999999992,4.767451669582122,-0.0
4591,-0.0,-0.0,0.08287940725600584,388.39411690707607,-0.0,266.55503984260497,-0.0,59.66249999999992,1.9016063799546776,-0.0
4592,1.2540239625989855,-0.0,0.28555697496167776,429.91360121603566,-0.0,304.4531874563153,-0.0,137.87999999999994,-0.0,-0.0
4593,10.377873507992724,-0.0,0.7295171180378144,529.87118197741,-0.0,401.36482115172043,-0.0,280.53999999999996,0.02226341653665287,-0.0
4594,30.96879271070603,43.79007359413821,1.4359376596831899,671.6861274963819,-0.0,537.4045142807288,-0.0,459.7774999999999,1.8069025030519548,-0.0
4595,60.22375349681016,104.61317218979286,2.2359376596831897,836.2244553018738,-0.0,693.2153425907907,-0.0,649.415,3.652085497599419,-0.0
4596,79.57088201589164,164.9841859530016,3.0359376596831895,1011.8535505050054,-0.0,856.4832159612037,-0.0,828.6274999999999,5.0517052370820394,-0.0
4597,96.83488384682522,218.01922058347742,3.7610602963719986,1162.5705562050962,-0.0,1003.9798333427616,-0.0,983.6375,5.7744450305401465,-0.0
4598,111.24704248654771,261.8741770281022,4.426895758814513,1278.346163540298,-0.0,1120.0626424884874,-0.0,1103.4925,8.434234886450286,10.699540908446703
4599,128.09183139892946,290.10854974279357,4.816977516607052,1335.9111549719983,-0.0,1179.603342349175,-0.0,1160.7250000000001,8.434234886450286,23.053823203101025
4600,126.38628593137975,298.5736017695934,4.893661216147164,1329.8757947742167,-0.0,1179.7877622655874,2.3591355599214126,1151.2175000000002,8.434234886450286,29.985098648312178
4601,125.25748236277897,286.8687470184016,4.622123147675013,1273.927986906441,-0.0,1119.7301534354958,2.3591355599214126,1079.4950000000001,1.473924100062451,30.46755534118652
4602,106.75171001806073,260.34596160725323,4.04247572815534,1152.1906604925675,-0.0,1017.9158619684576,1.8068762278978383,974.595,1.473924100062451,26.584409290971827
4603,85.43945171139043,230.18699904878278,3.3124757281553396,1008.8103444925382,-0.0,900.5158619684577,-0.0,857.62,-0.0,18.63899912648957
4604,65.66469796497162,203.3268401008815,2.5824757281553397,883.6616114183726,-0.0,794.6158619684577,-0.0,748.345,-0.0,11.03296006297542
4605,48.17359841549525,179.20191546374448,1.9724757281553398,774.6702314974184,-0.0,704.5158619684577,-0.0,651.57,-0.0,5.174468176607764
4606,40.98499430576737,156.9131822489164,1.4324757281553397,672.8352941333012,-0.0,620.4158619684576,-0.0,557.5200000000001,-0.0,0.6274227968898316
4607,35.025801696939524,137.55159756794194,1.0624757281553396,585.521224894391,-0.0,546.3158619684576,-0.0,474.44500000000005,-0.0,-0.0
4608,30.153132816529894,119.17573568774789,0.8024757281553397,508.21023656487284,-0.0,477.7158619684576,-0.0,399.07000000000005,-0.0,-0.0
4609,26.37333346759606,101.96797945295214,0.6624757281553398,443.1756483210241,-0.0,409.3158619684576,-0.0,328.47,-0.0,-0.0
4610,22.11736624096529,83.41213744124575,0.53247572815534,372.7303452765188,-0.0,333.61586196845764,-0.0,258.595,-0.0,-0.0
4611,17.61369828771636,64.33987466358809,0.42247572815533985,294.2010082550795,-0.0,252.41586196845765,-0.0,189.37,-0.0,-0.0
4612,12.034254789503805,42.978808275361274,0.32247572815533976,211.1400883077767,-0.0,167.91586196845765,-0.0,122.57000000000001,-0.0,-0.0
4613,4.881923518809442,18.30893827656531,0.14247572815533985,96.04359392884388,-0.0,76.21586196845765,-0.0,48.769999999999996,-0.0,-0.0
4614,-0.0,-0.0,-0.0,18.811186863113548,-0.0,8.244082479129489,-0.0,-0.0,-0.0,-0.0
4615,-0.0,-0.0,0.09233265201839547,-0.0,-0.0,-0.0,-0.0,-0.0,-0.0,-0.0
4616,4.7119206653600685,-0.0,0.4650025549310165,-0.0,-0.0,-0.0,-0.0,57.71000000000001,-0.0,-0.0
4617,17.78031127536743,-0.0,1.0900127746550838,69.09948540904912,-0.0,42.134144215751405,-0.0,156.47999999999993,1.3395023711679332,-0.0
4618,40.317987209899705,-0.0,1.8900127746550837,233.1976760448656,-0.0,200.67359572915672,-0.0,316.3425,3.995996089601114,-0.0
4619,63.39952807504472,51.106289517960725,2.6900127746550835,421.62813919983756,-0.0,372.9842629621499,-0.0,501.235,6.711845309125215,-0.0
4620,87.36628829903447,94.2360424916827,3.4900127746550833,605.6211999798868,-0.0,536.8664277996011,-0.0,694.9100000000001,8.54951019882739,-0.0
4621,108.49031780326635,160.67288936907894,3.6919979560551868,770.4346681544052,-0.0,661.9633673352964,-0.0,869.3600000000001,9.254699618683285,-0.0
4622,123.13659204808577,212.98278690729398,4.281479305058763,889.4211045367194,-0.0,743.346579173694,-0.0,1004.3775000000002,9.254699618683285,-0.0
4623,128.75108321547484,243.50386652262057,4.566032192130812,945.2612363374462,-0.0,782.1589377159081,-0.0,1079.5500000000002,9.254699618683285,8.260163479534583
4624,123.02547938925036,249.7016541813333,4.546129279509453,935.959394056805,-0.0,766.2578101764275,-0.0,1081.6025000000002,7.823605600004458,17.00249793909223
4625,117.4964249312649,232.80927515251977,4.258357179356157,863.9854732223139,-0.0,704.3860306870993,-0.0,1020.3950000000001,9.971815987863057,20.62969546396124
4626,94.9502055307953,202.2633601315407,3.6761216147164024,742.0529346641258,-0.0,612.0860306870992,-0.0,924.07,3.4309792349044663,19.65459955461302
4627,70.10789250110696,169.48965175232217,2.9661216147164025,609.6428569309821,-0.0,510.1860306870992,-0.0,816.195,4.830127801755783,15.51233388529021
4628,57.28463512159735,141.23331131635578,2.2961216147164025,491.8434939984949,-0.0,421.5860306870992,-0.0,714.345,4.830127801755783,10.953716063610646
4629,37.370237225899835,116.93481737941386,1.7661216147164027,402.15484586666423,-0.0,349.7860306870992,-0.0,621.57,-0.0,7.329563697192164
4630,29.780652284338675,95.88512705304109,1.2861216147164027,331.1542232175341,-0.0,287.0860306870992,-0.0,535.095,-0.0,3.8349711403277453
4631,23.725684130547204,78.44710173762768,0.9361216147164028,268.54071545472993,-0.0,235.98603068709917,-0.0,454.64500000000004,3.0650482782364996,0.9191207853995493
4632,19.673407582870887,63.95336355567767,0.6961216147164028,220.48365024876273,-0.0,197.18603068709916,-0.0,381.94500000000005,0.9325241391182502,-0.0
4633,16.91920585354003,51.90034320738617,0.5561216147164029,182.69990421907303,-0.0,163.48603068709917,-0.0,312.69500000000005,-0.0,-0.0
4634,15.163078942554636,40.88780141486702,0.4661216147164028,144.6934688714273,-0.0,134.28603068709918,-0.0,246.47000000000003,-0.0,-0.0
4635,3.501568819338934,30.433116055616168,0.41612161471640274,107.76924630796663,-0.0,105.18603068709915,-0.0,183.22000000000003,2.5681635621281576,-0.0
4636,2.4085258472020024,19.897712862706804,0.32612161471640266,72.92814712506541,-0.0,72.48603068709916,-0.0,116.79500000000002,2.5681635621281576,-0.0
4637,0.2958752077983875,7.533735402870626,0.1561216147164027,26.017720271653218,-0.0,28.58603068709915,-0.0,43.170000000000016,7.623515830672808,-0.0
4638,-0.0,-0.0,-0.0,-0.0,-0.0,-0.0,-0.0,-0.0,3.6682712550445453,-0.0
4639,-0.0,-0.0,0.012925396014307533,-0.0,-0.0,-0.0,-0.0,-0.0,-0.0,-0.0
4640,7.637775631858879,-0.0,0.30254215636177795,-0.0,-0.0,-0.0,-0.0,-0.0,-0.0,-0.0
4641,24.455801492226897,-0.0,0.7967347981604492,-0.0,-0.0,-0.0,-0.0,-0.0,0.8205929131546768,-0.0
4642,47.76932292292007,-0.0,1.596734798160449,-0.0,-0.0,-0.0,-0.0,178.96249999999964,5.080539745381712,-0.0
4643,72.92086632949142,-0.0,1.596734798160449,113.15918003497316,-0.0,60.299561160867086,-0.0,378.96249999999964,10.48739764848633,-0.0
4644,95.49282159425623,6.842744014849828,2.3967347981604488,336.3418562402363,-0.0,264.15310279497476,-0.0,578.9624999999996,15.593997839650251,-0.0
4645,114.57116271702496,76.29626653650243,3.1967347981604486,559.5245324454995,-0.0,450.7355092480289,-0.0,778.9624999999996,20.505711543415337,-0.0
4646,129.4453895191509,135.87043724210002,2.578185998978028,728.9907726802539,-0.0,600.0755648004417,-0.0,934.7099999999997,24.446945523767525,6.373635317165212
4647,138.7032264217433,173.87772487954706,3.088267756770567,824.0311194728049,-0.0,688.5448878644727,-0.0,1021.7599999999998,24.8623796426127,20.546166019722754
4648,139.95006491237194,191.39816793306122,3.283421052631579,847.0429485299408,-0.0,710.9293480501524,-0.0,1032.3224999999998,22.36124340483107,28.48832025316846
4649,131.6908494855777,185.54647731675513,3.1296474195196726,798.8502058806314,-0.0,669.15748802229,-0.0,971.2174999999997,17.04361743970489,30.48843533331459
4650,115.6987495788079,163.92605488173692,2.6399999999999997,702.2728501626374,-0.0,583.35748802229,-0.0,871.9174999999998,9.859966084667798,27.30855971357125
4651,97.54016371008603,141.24135958824223,2.05,594.9526191049432,-0.0,489.05748802229004,-0.0,769.4924999999998,5.361800507725352,20.70742629576413
4652,81.4727365985581,120.6711807718533,1.51,506.7204135299495,-0.0,409.2574880222901,-0.0,672.2424999999998,-0.0,13.827676611332691
4653,67.0218514564544,105.19409269949692,1.06,437.6891185513303,-0.0,345.2574880222901,-0.0,584.9674999999999,-0.0,8.13484520501585
4654,59.4082813313869,90.2308132048316,0.6600000000000001,373.1102746237816,-0.0,286.15748802229007,-0.0,498.4174999999999,1.9471859743425988,2.9879257606098193
4655,57.143349659607466,77.66253867728821,0.3700000000000001,319.6572009235809,-0.0,241.15748802229004,-0.0,420.7174999999999,-0.0,-0.0
4656,46.15898824592198,66.68213051725694,0.20000000000000018,272.4814379054242,-0.0,205.55748802229002,-0.0,351.5174999999999,0.8276368607101325,-0.0
4657,46.05423449950318,55.217445158006086,0.1100000000000001,231.24741113768152,-0.0,172.95748802229,-0.0,287.4174999999999,-0.0,-0.0
4658,36.53178002646622,44.00872187742183,0.050000000000000044,185.92045678509731,-0.0,138.85748802229,-0.0,226.64249999999993,1.6860949942411505,-0.0
4659,26.256045448214145,31.123577830886294,0.040000000000000036,134.49658334190508,-0.0,101.95748802229001,-0.0,163.74249999999995,1.6860949942411505,-0.0
4660,15.76376890053783,17.62915161800927,0.020000000000000018,78.44602907499032,-0.0,62.157488022289996,-0.0,99.06749999999998,-0.0,-0.0
4661,5.274576291709979,3.794725405132244,-0.0,20.708359921749576,-0.0,16.95748802229001,-0.0,31.617499999999993,0.39164330144144754,-0.0
4662,-0.0,-0.0,0.09975983648441486,-0.0,-0.0,-0.0,-0.0,-0.0,-0.0,-0.0
4663,2.8497941815788597,-0.0,-0.0,-0.0,-0.0,-0.0,-0.0,-0.0,1.8320494123914406,-0.0
4664,14.75379498306098,-0.0,0.654440470107307,-0.0,-0.0,-0.0,-0.0,6.135000000000218,5.967469289161226,-0.0
4665,34.137088875710056,-0.0,0.08792795094532413,-0.0,-0.0,17.74899945252983,-0.0,178.66750000000025,11.719941618998545,-0.0
4666,59.021702086432406,-0.0,0.887927950945324,-0.0,-0.0,209.86002910892748,-0.0,378.66750000000025,19.331059269599994,-0.0
4667,85.37078910417554,-0.0,1.6879279509453238,-0.0,-0.0,416.41365128156946,-0.0,578.6675000000002,26.151160667408643,-0.0
4668,108.93583686355639,-0.0,1.4148134900357678,199.20297669886978,-0.0,621.4243587838298,-0.0,778.6675000000002,31.64331785876923,6.721163406273156
4669,129.12049276085574,46.42917158254576,2.214813490035768,422.38565290413294,-0.0,813.6353079016931,30.928945428095822,978.6675000000002,35.93322431767815,39.49529517973406
4670,143.67152407984068,110.00985159111188,3.0148134900357677,628.1531566004448,-0.0,968.8896549211441,60.258353289456174,1135.6800000000003,36.99102714584464,69.59535114347884
4671,151.12293823654423,155.75040183470568,3.186609606540623,768.0083374469621,-0.0,1069.0162243918621,82.26926212830067,1234.4175000000002,35.53606874618807,94.44277302489708
4672,150.72682244817815,176.56717760675062,3.7099999999999995,822.9587177244797,-0.0,1103.3578907149617,95.88238910991058,1256.0825000000002,35.53606874618807,111.32500144106523
4673,140.53855992697277,170.95367519777892,2.9099999999999997,782.6916408122355,-0.0,1061.7431965552519,95.6338616584764,1195.0675,33.93896636259073,118.725445501532
4674,122.2735711809727,147.3137123212226,2.11,681.9474768570163,-0.0,965.2289050882137,84.61480468401669,1090.2675000000002,28.81424615950059,118.5243346442814
4675,101.10528643995407,119.8714396093211,1.66,561.111978016793,-0.0,847.6289050882136,69.88631745415421,975.5925000000001,19.522125059435776,112.27905041511104
4676,86.21569421595652,94.18130052990747,1.21,448.8605131535038,-0.0,731.5289050882136,54.638969713486226,861.6425,13.824190283907086,102.0798040831634
4677,67.8741658517348,72.09924722740449,0.8200000000000001,353.7673120398006,-0.0,624.3289050882136,41.682191717415506,756.1175000000001,7.315938984947373,90.28885976270604
4678,51.42611375909486,53.045518979698315,0.49,268.99280873828684,-0.0,522.3289050882136,30.181995253761286,654.5925000000001,3.2228441859852044,77.91602874515301
4679,38.43077151357609,38.39035506467512,0.24,205.36277347631062,-0.0,432.92890508821364,20.791229045509816,560.8925,0.8906984615997029,65.22030471430053
4680,28.05275590294818,27.746138326952774,0.08000000000000007,153.13764031647545,-0.0,355.22890508821365,14.491032581855592,471.34250000000003,-0.0,53.811498961562634
4681,19.84898298836267,19.089299466726388,0.040000000000000036,115.47784332138477,-0.0,285.6289050882136,10.781405862798621,386.09250000000003,0.6434178835739193,43.19615234788205
4682,12.64271463402866,12.197694917264258,0.010000000000000009,81.10915271838658,-0.0,219.42890508821364,8.271779143741654,301.34250000000003,0.6434178835739193,32.877535303730106
4683,12.64271463402866,7.432989689525748,-0.0,48.653347229062405,-0.0,156.42890508821364,6.6810129354901875,217.7675,3.8306793672960993,23.508100651960326
4684,6.361259233831003,3.5478059060148937,-0.0,22.458886398716203,-0.0,94.92890508821367,5.237398004252462,133.41750000000002,5.476131230058543,14.34520686113325
4685,-0.0,-0.0,0.030000000000000027,-0.0,-0.0,32.72890508821367,1.0352369040559992,47.4675,-0.0,5.64294196933806
4686,-0.0,-0.0,0.030000000000000027,-0.0,-0.0,-0.0,-0.0,-0.0,-0.0,-0.0
4687,5.376630260339038,-0.0,0.40880684721512506,-0.0,-0.0,-0.0,-0.0,-0.0,-0.0,-0.0
4688,19.22916202505978,-0.0,1.0780710270822684,-0.0,-0.0,-0.0,-0.0,-0.0,-0.0,-0.0
4689,41.55640240615885,-0.0,1.8780710270822683,-0.0,-0.0,151.511593426138,-0.0,92.13249999999982,1.64777055940956,-0.0
4690,70.0151924025073,-0.0,1.5644915687276437,-0.0,-0.0,204.78558360235468,-0.0,292.1324999999998,5.427306408338614,-0.0
4691,99.47693868991924,-0.0,2.3644915687276438,223.18267620526316,-0.0,412.5071235374827,-0.0,492.1324999999998,10.773432222594566,3.268589730761157
4692,128.93868497733118,-0.0,3.1644915687276436,441.7654551751608,-0.0,620.2286634726107,-0.0,692.1324999999998,16.566278221108966,30.43412646512536
4693,155.77022932520617,51.59910656228236,2.995030659172201,664.948131380424,-0.0,827.9502034077387,18.12230015440675,892.1324999999998,22.52716417365847,55.9547507943894
4694,176.38353230699704,121.05262908393496,3.795030659172201,880.9569038458685,-0.0,995.9472637512356,53.90743351860366,1059.1999999999998,31.819285273723285,75.85561640246536
4695,189.21589551592703,169.74465580388804,4.595030659172201,1023.9965715405856,-0.0,1104.3593001393124,79.85516622582692,1160.6649999999997,32.834310697078195,88.73478165435345
4696,192.43033826488244,194.2748671162609,4.427202350536536,1076.9588083440324,-0.0,1134.6722224512669,91.97715596006364,1186.4399999999998,32.834310697078195,94.9183423121549
4697,186.21546604600815,192.89993299913485,4.578019928461932,1044.2202398291608,-0.0,1084.386030687099,89.08473672411466,1136.7875,33.674877925210545,94.46097669293061
4698,171.77247491231245,171.96568298911512,4.363196218702095,942.2129100222146,-0.0,974.971739220061,73.89744597249509,1043.8874999999998,24.38275682514573,87.64701342386189
4699,154.34960986553617,145.91651095549003,3.963196218702095,809.0964581144493,-0.0,846.671739220061,55.36306483300591,936.3374999999997,20.062829296780517,77.32977972432182
4700,136.92271653009016,118.9787646549381,3.543196218702095,675.8938019167325,-0.0,719.971739220061,38.47406679764244,828.7624999999997,11.641939920977844,66.56009320192824
4701,120.19717811820473,93.4936305426464,3.103196218702095,555.9267201506457,-0.0,600.971739220061,23.330451866404722,721.7624999999997,2.349818820913029,55.33141299573845
4702,104.53837784211021,69.7411086186149,2.7231962187020953,437.5645404866999,-0.0,488.771739220061,10.307662082514739,617.8624999999997,0.25662941826767316,43.179839776249196
4703,91.83996989874899,52.11476818264852,2.4231962187020955,341.8646160781067,-0.0,394.671739220061,2.715127701375245,523.2624999999997,-0.0,32.10700875869617
4704,80.95830009117866,39.552465668015536,2.2831962187020958,268.75761925435495,-0.0,317.871739220061,-0.0,441.1874999999997,-0.0,22.526001664964756
4705,72.50144323774468,30.71039249702489,2.2331962187020955,216.86042663488521,-0.0,255.171739220061,-0.0,367.8624999999997,-0.0,14.903988255029564
4706,64.64112835373493,24.403075081026167,2.2331962187020955,171.4552510038825,-0.0,198.37173922006102,-0.0,299.26249999999976,-0.0,9.108138288865177
4707,57.38735543914942,18.863135542523402,2.2131962187020955,131.9678625886948,-0.0,145.671739220061,-0.0,231.38749999999976,1.9134985628666952,5.694175019796458
4708,49.90108708481541,12.642956726134464,2.1931962187020955,92.2329252245776,-0.0,95.571739220061,-0.0,164.78749999999977,6.322610893900619,3.958828017352059
4709,41.10405230602079,3.338969332054461,2.0631962187020956,35.967315530971405,-0.0,38.371739220060995,-0.0,93.03749999999977,2.609730472098021,0.989015559646572
4710,34.268087493315015,-0.0,1.9803679100664289,-0.0,-0.0,-0.0,-0.0,50.84999999999978,-0.0,-0.0
4711,33.19599661090809,-0.0,2.049527337761881,-0.0,-0.0,-0.0,-0.0,71.45499999999976,-0.0,-0.0
4712,38.78911270569785,-0.0,2.3265559529892696,71.75387969876604,-0.0,-0.0,-0.0,157.16749999999976,0.7757593618965837,-0.0
4713,50.11461128398812,-0.0,2.8241619826264692,198.79879408320497,-0.0,-0.0,-0.0,305.8099999999998,2.7234445660880064,-0.0
4714,66.29677826177252,-0.0,3.5043484925907,369.6877311257445,-0.0,104.0735554598894,-0.0,496.3399999999998,6.774389977320886,-0.0
4715,84.75557452540836,0.5592802092743909,4.248413387838528,544.1992503599706,-0.0,271.54163017663825,-0.0,696.3399999999998,11.699256271492832,-0.0
4716,102.75385236939148,67.48225178369412,4.992830863566683,711.6869411869546,-0.0,431.0097048933871,-0.0,896.3399999999998,15.734105682887103,-0.0
4717,117.63582944809662,128.00381509602937,5.677015840572304,852.4876306347832,-0.0,577.5636492201664,-0.0,1081.0499999999997,19.84311988520045,-0.0
4718,125.8176759277009,171.59898660930963,6.171208482370975,942.0803355925079,-0.0,682.4895341133426,-0.0,1222.4349999999997,22.098454824747016,-0.0
4719,126.34473227113521,196.39249509021664,6.399999999999999,973.1539913999187,-0.0,732.144686518137,-0.0,1302.1349999999998,22.098454824747016,-0.0
4720,117.9749263371889,200.52528135938968,6.368686765457331,935.7994722112819,-0.0,718.2578101764273,11.161493123772097,1309.7049999999997,19.068557642239675,6.6824165529934705
4721,101.13121234213432,182.51562167158363,6.095385794583544,838.1149538282193,-0.0,640.8145733519083,11.161493123772097,1247.1049999999998,19.068557642239675,9.819880284909075
4722,89.26339001329625,152.74298787248134,5.520562084823707,694.9906331553768,-0.0,523.9145733519083,6.069351669941057,1149.0299999999997,10.882509949840118,8.980885046057615
4723,66.5757120123836,121.55665737075878,4.830562084823708,546.5600364172946,-0.0,400.31457335190834,-0.0,1041.7299999999998,9.359854971221289,4.379625692938589
4724,56.22767816074968,93.97292912305261,4.2105620848237075,424.52817996256937,-0.0,297.11457335190835,-0.0,940.5299999999997,9.359854971221289,0.4800015550552388
4725,40.03274648897024,72.82252096302133,3.6705620848237075,323.89016168906016,-0.0,217.01457335190833,-0.0,849.7049999999997,3.956607200710142,-0.0
4726,35.238599482657435,53.85043785778686,3.2105620848237075,247.94997310253348,-0.0,149.2145733519083,-0.0,763.9799999999997,-0.0,-0.0
4727,24.717692059427133,41.48215339599962,2.8405620848237074,196.56006525405985,-0.0,101.21457335190836,-0.0,688.6049999999997,-0.0,-0.0
4728,15.124329718580949,33.98600256670026,2.6205620848237077,167.4235190530312,-0.0,73.11457335190836,-0.0,624.4049999999996,0.3405485277955229,-0.0
4729,7.228471937986267,28.27937318162855,2.490562084823708,152.70476006781757,-0.0,56.214573351908356,-0.0,567.0049999999997,1.4079297849940886,-0.0
4730,0.6162683543340073,23.891078785597486,2.360562084823708,141.05532875311494,-0.0,45.31457335190835,-0.0,513.2299999999997,2.970423763784538,-0.0
4731,0.6162683543340073,19.811597934379392,2.280562084823708,129.9792166146898,-0.0,38.31457335190835,-0.0,461.7299999999997,5.223143185758751,-0.0
4732,0.6162683543340073,14.019265617014923,2.150562084823708,112.07243214677564,-0.0,29.514573351908343,-0.0,407.8299999999997,7.244142599921805,-0.0
4733,-0.0,4.351938266772372,1.970562084823708,86.32209023569848,-0.0,9.614573351908337,-0.0,345.1299999999997,8.289531104283846,-0.0
4734,-0.0,-0.0,1.7696167603474688,68.85065919633183,-0.0,-0.0,-0.0,306.5049999999997,9.194483670142896,-0.0
4735,-0.0,-0.0,1.7292488502810406,102.5973704558192,-0.0,-0.0,-0.0,326.14999999999975,10.114094201400027,-0.0
4736,2.3153629963561464,-0.0,1.87380940214614,203.03565780653656,-0.0,-0.0,-0.0,409.7349999999998,12.973377469472492,-0.0
4737,12.951756717657108,-0.0,2.2607102708226856,357.7935689151187,-0.0,-0.0,-0.0,565.3549999999998,18.48295994658784,-0.0
4738,30.11445700087162,-0.0,2.8945426673479795,555.5551370192144,-0.0,-0.0,-0.0,763.7849999999999,25.94141318765109,-0.0
4739,49.64006411137626,4.086418989574895,3.607782319877361,762.5313043034637,-0.0,87.78004293470929,-0.0,963.7849999999999,33.94301567262976,-0.0
4740,69.34176121544293,71.00139207134359,4.3998441492079685,960.5534244615333,-0.0,273.4481176514581,-0.0,1163.7849999999999,41.44247953218667,-0.0
4741,85.28042904095676,131.49581080898787,5.130263157894733,1135.083866255946,-0.0,437.8878510497337,-0.0,1360.2424999999998,47.656237257690336,-0.0
4742,96.29556060860943,177.9956003586204,5.62621870209504,1271.7819209151048,-0.0,561.7566103440244,-0.0,1510.35,51.190045716747164,-0.0
4743,100.2900063950684,205.5819443963488,5.879008686765453,1355.64587437253,-0.0,633.3117627488186,-0.0,1594.02,52.55480676731235,-0.0
4744,95.89472219049932,212.71473934700805,5.886517629024012,1366.0246390447915,-0.0,647.8534290719182,-0.0,1600.0,51.01902663576778,-0.0
4745,82.70536138174468,199.9211825444937,5.5765099642309615,1303.574885981638,-0.0,605.1387349122084,-0.0,1537.0175,47.42286587488881,-0.0
4746,63.189464767935384,172.80214697675058,4.944274399591206,1187.6530622241064,-0.0,518.7387349122084,-0.0,1434.1425,41.00255993179084,-0.0
4747,51.831430916301464,142.58817945115823,4.174274399591207,1065.2319205700378,-0.0,419.0387349122084,-0.0,1321.0175,33.44809034167767,-0.0
4748,41.617639760709935,115.71039341363098,3.484274399591207,952.694812892903,-0.0,328.8387349122084,-0.0,1213.1425,27.00334800653913,-0.0
4749,24.63424093785172,93.7371238532095,2.894274399591207,867.9635179142838,-0.0,255.9387349122084,-0.0,1116.1425,21.97077656557929,-0.0
4750,18.488346675245012,74.48123217028396,2.394274399591207,792.1113548104577,-0.0,191.4387349122084,-0.0,1025.7424999999998,17.708928756012348,-0.0
4751,14.78264857900496,58.15676622043161,1.964274399591207,732.929429973517,-0.0,142.73873491220837,-0.0,942.6674999999998,15.020248217042361,-0.0
4752,2.6269504827649053,45.21586957038416,1.654274399591207,693.7088497955543,-0.0,109.03873491220834,-0.0,869.0674999999998,13.75595676827136,-0.0
4753,1.7766355987551607,36.22092506475948,1.474274399591207,662.2536057823362,-0.0,87.23873491220833,-0.0,801.8924999999997,13.367276229301375,-0.0
4754,1.6751619575514853,28.589789136825857,1.3342743995912072,641.5072553770256,-0.0,71.73873491220833,-0.0,737.9174999999997,13.554206600132403,-0.0
4755,1.8988753622114602,20.796270364274363,1.214274399591207,621.4569134659483,-0.0,58.73873491220833,-0.0,675.6174999999997,13.719191519968504,-0.0
4756,1.701626176044166,13.306560169413935,1.094274399591207,605.0194566685452,-0.0,46.93873491220832,-0.0,609.4424999999997,13.937841898610692,-0.0
4757,0.002647974588986024,3.86923281917138,0.884274399591207,568.6988764905825,-0.0,23.938734912208318,-0.0,537.1174999999996,12.71504501446708,-0.0
4758,0.9566631030488395,-0.0,0.9866632144682053,552.1661007922378,-0.0,11.595618895490801,-0.0,488.0699999999996,10.636812015373188,-0.0
4759,-0.0,-0.0,1.0684798616687354,583.4364149716848,-0.0,39.16606949900245,-0.0,491.4524999999996,9.029731722752057,-0.0
4760,8.232132974476293,-0.0,1.356918798817432,679.1101621379337,-0.0,113.99288058532343,-0.0,546.3899999999996,9.116166708410795,-0.0
4761,25.523857598914518,-0.0,2.156918798817432,832.2684122409687,-0.0,228.6905046985606,-0.0,647.7249999999997,10.62176129481119,-0.0
4762,48.67689972359766,-0.0,2.844749662384115,1014.3004429903043,-0.0,380.1161479761338,-0.0,778.8674999999997,13.178719435898143,17.950739677986665
4763,74.39700123333171,68.34262030704966,3.6209300405139055,1208.4744392222508,-0.0,535.4130875118292,-0.0,929.9974999999997,15.610546828711682,39.217419985507114
4764,100.03498321287293,68.34262030704966,4.420930040513905,1411.224493170142,-0.0,696.0670721078758,-0.0,1081.0699999999997,17.5960869821729,60.97187014876492
4765,122.78130309156859,136.41964765537193,5.166172758960506,1587.603394140216,-0.0,830.8070068524871,-0.0,1211.3199999999997,17.5960869821729,81.07595736169716
4766,139.08143469058246,191.4142135916449,5.7640112873202405,1717.2136480646714,-0.0,929.6330930919991,0.35506195912385863,1307.6974999999998,23.25180588553124,96.83260025555776
4767,147.7824151751522,227.15643318694114,6.083155385429592,1785.4614096421053,-0.0,977.816908969404,20.536614936158124,1353.7099999999998,23.25180588553124,108.7219600699806
4768,145.62892461183316,238.571822091711,6.399999999999999,1776.898558321667,-0.0,965.0300326276944,27.41834673404962,1340.1825,23.25180588553124,115.64294648924836
4769,133.20438326473493,226.1072066184054,6.1048160449667845,1689.677545154427,-0.0,889.7153384679846,24.113555992141443,1261.5974999999999,13.959684785466425,116.99691086938915
4770,112.89693556099839,197.66865954067845,5.5525804803270296,1559.068841384382,-0.0,774.9153384679846,15.523182711198423,1147.3474999999999,11.28106261436223,112.9170352496458
4771,90.83715445307057,166.98470194932995,4.852580480327029,1418.8044914074187,-0.0,648.7153384679846,5.255599214145377,1026.7975,3.1775975871479467,104.09137360330355
4772,70.70084961672453,141.22620801238804,4.4603857489597765,1297.3290775095304,-0.0,536.3153384679846,0.3579567779960655,911.1474999999999,0.9062117299727372,92.06093224656618
4773,62.65975006724815,119.76794341908845,3.9303857489597767,1194.607025259087,-0.0,439.3153384679846,-0.0,805.3474999999999,0.2811604139914401,79.29288093940828
4774,55.996351244389935,100.08896099213035,3.4103857489597766,1098.6809815028773,-0.0,350.6153384679846,-0.0,703.8224999999999,-0.0,66.85602465704011
4775,53.4168027848408,86.06973928728608,3.0903857489597764,1023.8033972919716,-0.0,285.2153384679846,-0.0,618.3724999999998,2.18956321740146,56.61753315943626
4776,42.72725432529166,74.800756860328,2.890385748959776,969.2436002968809,-0.0,234.9153384679846,-0.0,542.5474999999999,-0.0,48.890488168482136
4777,33.12750969937587,63.96677940049181,2.780385748959776,924.4055820233717,-0.0,193.41533846798458,-0.0,475.8224999999999,4.04811595461566,44.48797140606314
4778,23.707568907093425,53.179950474509255,2.690385748959776,882.1586701419551,-0.0,158.41533846798458,-0.0,414.77249999999987,0.49623190923131943,42.66734134073982
4779,24.551086145386744,42.72812651564862,2.650385748959776,839.8415199936529,-0.0,124.31533846798456,-0.0,356.9474999999999,4.325902749129975,43.12696275727649
4780,14.39075302037098,30.452733256983084,2.570385748959776,790.6412464647913,-0.0,88.71533846798457,-0.0,296.89749999999987,2.1617532058837554,44.65538914902342
4781,12.173681759564328,15.61353142062649,2.658191017592523,726.575636771185,-0.0,42.315338467984525,-0.0,229.32249999999988,-0.0,45.398532477891436
4782,9.717882084698264,3.1730768580522124,2.433599806555221,671.5308959420711,-0.0,4.257971253496024,-0.0,170.2449999999999,-0.0,45.44579781485357
4783,10.551070141542555,1.839956931090704,2.2764127856047867,649.1956248069862,-0.0,-0.0,-0.0,140.8049999999999,-0.0,45.45319253078254
4784,10.551070141542555,11.164997007728182,2.189923260821956,664.8046014476416,-0.0,-0.0,-0.0,215.10245535714273,0.6085823051984516,45.91799135306564
4785,18.974923450094337,31.49251874648306,2.531936500839475,715.6946566370385,-0.0,50.40004439207334,-0.0,327.2999107142856,0.6085823051984516,48.17634007331269
4786,31.397989804699318,62.40904370939231,2.7440213245492346,792.7222325623712,-0.0,152.38333676900515,-0.0,416.2424107142856,0.9143243462026529,52.05322157735108
4787,34.79129507497038,96.75205057003754,2.951867517702019,877.4367023709474,-0.0,259.22359366775385,-0.0,528.0299107142856,-0.0,57.10326880278839
4788,47.38128247356015,130.4015571809879,3.445635995328123,952.2843541861256,-0.0,355.3353481709605,-0.0,640.2699107142856,6.357753934246481,61.736486399679876
4789,48.337878756016494,158.5807872099177,3.6336022702387005,1026.648193397095,-0.0,438.94738455903735,-0.0,745.4999107142856,6.357753934246481,67.51317428673678
4790,55.34958022139437,172.00660267441617,3.9219696236951567,1081.3755367149588,-0.0,503.18840657386215,-0.0,823.4299107142856,4.217452643878367,71.05827022867348
4791,49.42105304739475,175.94667588656898,3.770656389152489,1104.1872485200097,-0.0,542.1156203528548,-0.0,855.5124107142856,4.217452643878367,71.39073884767677
4792,48.457909373156525,170.1431158880528,3.521938964522954,1089.791083330869,-0.0,544.8719808356641,-0.0,835.7999107142856,4.217452643878367,67.9594561163647
4793,43.30139147661435,155.521728804745,3.1258173498065513,1042.173930916223,-0.0,512.0002818848702,-0.0,773.7049107142856,4.217452643878367,60.97610727948155
4794,34.169078980300235,134.16108136682757,2.78621076355938,955.0467416898261,-0.0,443.5002818848702,-0.0,730.6750446428572,1.294561156051568,50.23585463133013
4795,23.62124129503297,109.20376395082886,2.05621076355938,845.4927573932509,-0.0,353.4002818848702,-0.0,628.7000446428572,4.071669668224768,35.97924983082194
4796,14.633992108865677,86.76358513443992,1.3562107635593796,745.3001177556538,-0.0,269.0002818848702,-0.0,534.5750446428572,-0.0,22.37182742269593
4797,7.373677224855932,67.52268848439246,0.8062107635593798,657.7906014986161,-0.0,196.3002818848702,-0.0,445.6500446428572,-0.0,11.580757166926663
4798,2.2783714613491917,49.17940898972714,0.5840160321921268,582.1770937358119,-0.0,131.2002818848702,-0.0,364.10004464285726,-0.0,3.569938393017388
4799,-0.0,36.32302881678544,0.4518213008248739,530.2169476204527,-0.0,87.40028188487018,-0.0,292.25004464285723,-0.0,-0.0
4800,-0.0,28.953547965567346,0.40862809329148103,502.9497290899351,-0.0,68.7002818848702,-0.0,229.20004464285722,-0.0,-0.0
4801,1.9895254316356272,22.983588558576912,0.506433361924228,488.122076496814,-0.0,58.40028188487021,-0.0,172.5250446428572,-0.0,-0.0
4802,4.833667651040944,18.283389873700315,0.386433361924228,478.5944239036928,-0.0,50.90028188487021,-0.0,117.30004464285719,-0.0,-0.0
4803,7.6805014765614175,14.606999766514775,0.5342386305569748,469.8321074753162,-0.0,44.1002818848702,-0.0,120.72500000000002,-0.0,-0.0
4804,8.59509135613407,10.790370381443068,0.39423863055697494,455.36979104693955,-0.0,33.500281884870176,-0.0,62.50000000000001,-0.0,-0.0
4805,-0.0,3.0899324186802986,0.174238630556975,428.9332448459109,-0.0,9.80028188487016,-0.0,-0.0,-0.0,-0.0
4806,-0.0,-0.0,-0.0,414.9691079640706,-0.0,-0.0,-0.0,-0.0,-0.0,-0.0
4807,-0.0,-0.0,-0.0,440.421742053972,-0.0,-0.0,-0.0,-0.0,-0.0,-0.0
4808,3.0581884940783866,-0.0,0.08656361778231969,505.9754129607328,-0.0,-0.0,-0.0,-0.0,-0.0,-0.0
4809,13.83782919381109,-0.0,0.40594021461420504,630.3830287212465,-0.0,-0.0,-0.0,-0.0,-0.0,-0.0
4810,29.91267552356394,-0.0,0.8830735820132851,788.7765142614587,-0.0,-0.0,-0.0,124.39249999999993,-0.0,-0.0
4811,55.308211151266335,58.307462624879065,1.481849770056208,967.6001083887099,-0.0,92.6252044384403,-0.0,324.3924999999999,6.493377229475541,-0.0
4812,74.18723952990663,87.37873517240979,2.1520362800204387,1155.6527825152555,-0.0,269.55056583114333,-0.0,524.3924999999999,12.486544889009307,-0.0
4813,100.37564029580426,145.3673799117328,2.7623428717424616,1328.6868693311526,-0.0,418.7906213835562,-0.0,721.86,17.03490862533962,-0.0
4814,111.24064859839193,192.05811028200458,3.2588911599386803,1465.9027074612118,-0.0,525.188406573862,-0.0,874.845,20.45287441144314,-0.0
4815,114.43461291786201,220.65892595595946,3.5126264690853333,1547.3347281332196,-0.0,578.7297910120914,-0.0,964.4575,21.79976627066314,-0.0
4816,118.72410073595823,230.24529416558624,3.4791977516607036,1562.9792788358625,-0.0,580.9719002971297,-0.0,979.4825,21.60995641042093,-0.0
4817,105.88449162925414,219.91867516901317,3.155191619826263,1515.502723951987,-0.0,542.2288245496793,-0.0,927.4399999999999,20.483444830716508,-0.0
4818,87.8159935476113,196.9831501667892,2.6203679100664266,1411.4599178227927,-0.0,473.7288245496793,-0.0,839.2149999999999,16.782546095726232,-0.0
4819,67.21758560425008,167.73132620792856,2.1281731786991736,1281.746759180257,-0.0,386.32882454967927,-0.0,737.8149999999999,11.625538262725815,-0.0
4820,49.71438294775852,143.3223537152143,1.5081731786991734,1179.9483068441443,-0.0,309.6288245496793,-0.0,641.8149999999999,7.878257684700029,-0.0
4821,43.62233904846089,122.93599341076023,1.2159784473319206,1090.4161012691507,-0.0,241.22882454967927,-0.0,553.7399999999999,5.6699807302559835,-0.0
4822,27.971061573623874,102.33011166207854,1.0237837159646677,1004.5443297567605,-0.0,177.12882454967928,-0.0,470.31499999999994,3.886092866010924,-0.0
4823,24.373242129362623,85.33066061359193,0.6837837159646676,944.2081326760003,-0.0,127.8288245496793,-0.0,395.36499999999995,3.631481370372968,-0.0
4824,12.472338746252904,71.78025245356065,0.4237837159646676,904.8390929527336,-0.0,95.52882454967931,-0.0,329.66499999999996,4.184200792347181,-0.0
4825,11.075267485446252,60.22817928257001,0.25378371596466764,874.9176021783965,-0.0,74.52882454967931,-0.0,267.715,5.351582049545745,-0.0
4826,9.587411559172972,49.4196853456281,0.15378371596466756,840.9160689328918,-0.0,57.42882454967932,-0.0,209.04,5.770232428187932,-0.0
4827,7.689929724626991,37.240962065043846,0.10378371596466751,799.0562719378011,-0.0,41.92882454967932,-0.0,149.44,6.030377371457509,-0.0
4828,4.980130375693156,24.87486090696363,0.05378371596466747,755.5915728405694,-0.0,25.628824549679337,-0.0,89.49000000000001,6.044187773533175,-0.0
4829,0.8778173460048091,10.745669004850864,-0.0,708.0348567548707,-0.0,4.028824549679342,-0.0,28.289999999999996,5.982387265807824,-0.0
4830,-0.0,-0.0,-0.0,679.7593327250838,-0.0,-0.0,-0.0,-0.0,7.80976552940952,-0.0
4831,6.135049426338984,-0.0,0.2468114460909554,681.6293161876803,-0.0,-0.0,-0.0,-0.0,12.334261489381758,-0.0
4832,8.135727310584151,-0.0,-0.0,705.7476528085967,-0.0,3.5521889702474994,-0.0,-0.0,19.694571905830976,-0.0
4833,20.40108648105984,25.647160109886883,-0.0,766.0035105350917,-0.0,136.44981308348463,-0.0,84.5625,28.98669300589579,-0.0
4834,40.96514660794578,93.07480692862292,0.7999999999999998,846.446944248293,-0.0,300.3470747733173,-0.0,84.5625,38.278814105960606,-0.0
4835,64.60506959622255,162.52832945027552,1.0860935104752167,942.9048628951921,-0.0,506.34385323194397,-0.0,284.5625,47.570935206025425,-0.0
4836,85.35778705369461,231.04655839994894,1.0860935104752167,1049.4373577990252,-0.0,714.065393167072,-0.0,484.5625,56.664980709639124,-0.0
4837,97.47930031032024,280.29517066547743,1.751824220746039,1154.778521193126,-0.0,914.290754559775,-0.0,684.5625,65.0863901906312,-0.0
4838,99.59674528810874,304.50528722952015,2.2113285641287677,1261.499958556935,-0.0,1080.3165186451497,-0.0,864.46,71.29630748002373,-0.0
4839,105.19795741908766,311.083453064842,2.5082524271844653,1325.574067235612,-0.0,1190.3715502421426,-0.0,981.2125,74.33696880051852,-0.0
4840,105.70326757503305,305.47132960482,2.6721231476750122,1336.736307044688,-0.0,1228.9988848289368,-0.0,1017.3275,74.03152568383871,-0.0
4841,92.82152395056394,288.91236076236237,2.674823709759836,1291.5246478464503,-0.0,1198.1698992021888,4.8021611001964715,976.62,70.50336969986117,-0.0
4842,83.15471786882273,263.6184917080311,2.3899999999999997,1184.2844753969975,-0.0,1115.9698992021888,8.287426326129676,896.07,64.57587474467582,-0.0
4843,70.27468587151021,231.86123389749537,1.8800000000000001,1052.9480659603998,-0.0,1009.4698992021888,6.082121807465626,801.1700000000001,56.492270691480314,0.154595666974906
4844,58.6996629947007,201.66540182003283,1.4000000000000001,927.2641075748726,-0.0,901.8698992021888,3.3711198428290814,705.0450000000001,48.879390269677714,1.0860406185693918
4845,48.33579887508512,174.05480405333452,0.9900000000000002,810.1197151267418,-0.0,800.5698992021888,1.13555992141454,615.97,42.112844389069025,0.9306932273611821
4846,38.31443019521802,147.23468484240857,0.6300000000000001,697.4050844117255,-0.0,701.2698992021889,-0.0,528.445,36.41702213985324,-0.0
4847,29.68921115204185,122.15313989840944,0.3600000000000001,597.0468962535463,-0.0,615.8698992021889,-0.0,446.32000000000005,32.016312612229335,-0.0
4848,23.15668371498083,99.61636064364603,0.20000000000000018,504.07582298169297,-0.0,545.3698992021889,-0.0,371.82000000000005,28.215603084605434,-0.0
4849,16.872034929898614,78.43434707811836,0.09000000000000008,424.0572007609102,-0.0,485.8698992021889,-0.0,301.32000000000005,24.783220851011965,-0.0
4850,11.603535781507318,58.55876421278581,0.040000000000000036,348.2296849322199,-0.0,431.1698992021889,-0.0,233.67000000000002,20.975275009459075,-0.0
4851,6.764270208655409,39.84651136937198,0.030000000000000027,276.93683293878513,-0.0,375.3698992021889,-0.0,166.37,17.079547363926476,-0.0
4852,2.944630544076201,22.024727147486665,-0.0,209.65378514963237,-0.0,318.2698992021889,-0.0,98.92000000000002,13.330154259587792,-0.0
4853,-0.0,5.7396029694387956,-0.0,148.37563946262063,-0.0,260.1698992021889,-0.0,32.420000000000016,9.622208418034903,-0.0
4854,-0.0,-0.0,0.11234798160449663,117.89567369178786,-0.0,224.71249171843323,-0.0,-0.0,7.6192128103854255,-0.0
4855,-0.0,-0.0,-0.0,160.31514940199037,-0.0,242.88294232194488,-0.0,-0.0,8.979765455561889,-0.0
4856,3.856337778607715,-0.0,0.7029100664282063,288.3988352706083,-0.0,333.8953411334262,-0.0,-0.0,13.764894207730203,-0.0
4857,15.323096910423589,-0.0,0.6791236586612164,495.049808462119,-0.0,504.72114548806803,-0.0,-0.0,22.216191934586966,-0.0
4858,35.36656173754794,-0.0,0.6791236586612164,718.2324846673822,-0.0,712.442685423196,-0.0,85.46749999999997,31.50831303465178,-0.0
4859,61.23646103133361,14.664299677528135,0.6547112927950947,941.4151608726454,-0.0,920.1642253583241,-0.0,285.4675,40.800434134716596,-0.0
4860,87.36510961181537,84.11782219918074,1.4547112927950945,1164.5978370779085,-0.0,1127.885765293452,-0.0,485.4675,50.092555234781415,-0.0
4861,106.141557269814,153.57134472083334,2.2547112927950943,1387.7805132831716,-0.0,1335.6073052285801,-0.0,685.4675,58.781003450100464,-0.0
4862,114.33579538683951,206.78643610501842,3.054711292795094,1586.2104029880086,-0.0,1508.1615717094967,-0.0,885.4675,65.19868275231828,-0.0
4863,117.2225426724381,241.66726692513743,3.854711292795094,1720.8982081099361,-0.0,1620.7165227679552,5.626931043320443,1020.0550000000001,68.39969339484009,-0.0
4864,116.74445114843039,259.8190714919546,3.054711292795094,1774.15145092975,-0.0,1661.7723194810242,24.46678278616171,1071.24,68.52527408004559,-0.0
4865,110.36962114548129,258.4528454012323,2.2547112927950943,1738.7039955575144,-0.0,1628.629002117971,31.66927499568162,1034.9425,65.43295039677224,-0.0
4866,96.01858879087534,239.0641376483926,2.1850638732754213,1638.3602949690194,-0.0,1547.3147106509327,31.735286783500875,958.9175,59.56063014521046,4.466547858691303
4867,86.53356591406583,211.23902340458855,1.7850638732754216,1503.498464425342,-0.0,1430.6147106509327,23.82585652809812,862.9675,51.277120695698144,4.963653290336605
4868,76.66046821891085,181.93795701636174,1.3550638732754217,1363.0237487679906,-0.0,1309.5147106509328,15.459844740278868,765.7175,43.12772759135946,4.649312215332177
4869,67.36122088706496,155.34236421678534,1.0050638732754216,1233.2974926559432,-0.0,1193.8147106509327,8.618390909237618,670.2925,36.13683992239338,3.7169837727353183
4870,48.31024453993118,129.70605358355044,0.6350638732754216,1108.9503684186889,-0.0,1081.3147106509327,3.058076567390863,576.0925,31.275878639142096,1.4142151396925229
4871,41.12830560197014,106.96878583877086,0.36506387327542156,1007.1654994367871,-0.0,982.6147106509327,0.8506109485303597,490.2674999999999,25.855714601568916,-0.0
4872,35.72347889152728,88.44699168264171,0.20506387327542167,919.8033197728413,-0.0,900.2147106509327,2.377133541850597,412.19249999999994,21.218492391408926,-0.0
4873,31.406726999429882,71.42329323766702,0.17506387327542164,847.7282549952215,-0.0,829.1147106509327,6.141377156781836,338.6424999999999,16.725208385080386,-0.0
4874,28.297479667583985,56.153642648269575,0.15506387327542162,774.3789604449497,-0.0,761.6147106509327,9.709353581143333,266.0174999999999,16.725208385080386,-0.0
4875,16.20516663789564,41.88756135867702,0.18506387327542165,703.8029850709554,-0.0,695.0147106509327,12.937644347351586,195.36749999999995,16.725208385080386,-0.0
4876,5.499173238350965,28.10052295753978,0.17506387327542164,642.3398948106351,-0.0,625.4147106509326,12.592261243225849,125.81749999999998,16.725208385080386,-0.0
4877,2.2253273597413923,11.17967597871148,0.05506387327542153,567.3283450050108,-0.0,540.9147106509326,6.1769370781963815,50.24249999999999,8.77840082547054,-0.0
4878,-0.0,-0.0,-0.0,486.3660619597101,-0.0,467.8715140956808,0.0284762201632347,-0.0,7.697587178023951,-0.0
4879,-0.0,-0.0,-0.0,460.02830814968723,-0.0,447.8559340120933,-0.0,-0.0,8.110883012327855,-0.0
4880,5.338776269580393,-0.0,0.22249105774144295,473.04244650212746,-0.0,479.5823021364755,-0.0,-0.0,2.7506043893570435,-0.0
4881,17.693885960570324,-0.0,0.7418599897802776,581.7938776988294,-0.0,572.8649502051327,-0.0,15.062499999999886,-0.0,-0.0
4882,45.302623701481714,-0.0,1.4494583546244266,745.5532980078826,-0.0,710.3470747733168,-0.0,215.0624999999999,0.6103899669279595,-0.0
4883,65.63749071364751,40.88592839582289,2.205053653551355,917.2277714772835,-0.0,871.586043055516,-0.0,415.0624999999999,3.086293599271457,11.606624714991902
4884,84.02259347647447,104.24232682908435,2.998645886561064,1134.747970436521,-0.0,1036.3535540025246,-0.0,615.0624999999999,7.89561442477855,28.43620979140831
4885,98.70577152829873,161.89699477885864,3.7860040878896277,1333.0031684805524,-0.0,1184.7784321640215,-0.0,810.675,9.450778686855326,43.674141742087784
4886,115.646813283602,208.32065761554918,4.3433699540112425,1486.9685052391187,-0.0,1296.746667957839,-0.0,961.2475,9.450778686855326,53.856191998866166
4887,116.99694394336875,237.98637909487837,4.7200383239652535,1591.5485393357083,-0.0,1350.444251801809,15.76649213666284,1051.7875,14.668908607766227,59.047588428377985
4888,116.99694394336875,248.02270687704333,4.783308635666837,1617.0317524995594,-0.0,1340.1285106411528,25.137863229218837,1064.0749999999998,9.306048309892844,59.41550053225756
4889,102.46568216811141,236.14514271908791,4.529887583035258,1579.657371673616,-0.0,1267.7994444758706,24.06876227897839,1002.4124999999999,8.889673877643451,55.111835975499766
4890,91.69206658667794,208.98802137443414,3.970240163515585,1485.1306458139434,-0.0,1154.1851530088325,17.018074656188602,902.5624999999999,6.303720788927084,46.669822176800764
4891,68.55843511544104,179.30739380500435,3.220240163515585,1373.1085935635,-0.0,1027.8851530088325,5.569351669941057,794.8874999999999,1.9299385943894123,36.98843727713364
4892,57.39097152190107,152.0412827126803,2.510240163515585,1272.0745667957574,-0.0,913.0851530088325,-0.0,688.7624999999999,-0.0,28.41359323840923
4893,48.57390026109442,129.2982623643888,1.910240163515585,1191.4414506243893,-0.0,819.0851530088325,-0.0,594.1125,-0.0,22.092837237774006
4894,30.96337096971201,108.47071560474774,1.390240163515585,1123.3696791119992,-0.0,739.0851530088325,-0.0,505.88749999999993,-0.0,16.36554037619608
4895,26.179187481387167,91.30483385606604,1.010240163515585,1069.4761288780273,-0.0,677.1851530088326,-0.0,427.98749999999995,-0.0,11.472708969879239
4896,13.623078811407787,77.30895210738433,0.7902401635155852,1029.8430127066592,-0.0,630.6851530088326,-0.0,360.88749999999993,-0.0,8.012707803587805
4897,12.041390762831442,65.1233096365888,0.6502401635155853,995.0832157115686,-0.0,591.8851530088326,-0.0,296.48749999999995,0.4966576258056641,4.790442523028808
4898,11.17046913871571,53.76624143272008,0.5402401635155852,960.087844284848,-0.0,558.2851530088326,-0.0,236.73749999999998,1.6420934320093004,1.7632715967627846
4899,10.086659742118167,42.562034629241566,0.42024016351558513,921.5133409833343,-0.0,523.9851530088326,-0.0,175.7875,2.941194697019025,-0.0
4900,9.609962573038814,30.287359204234548,0.34024016351558506,880.2636973127941,-0.0,488.2851530088326,-0.0,114.7875,3.9988486992429486,-0.0
4901,6.197489858995842,13.134837280203055,0.15024016351558514,814.6340111710863,-0.0,433.8851530088326,-0.0,45.26249999999999,3.7174990778851367,-0.0
4902,4.243375446092189,-0.0,-0.0,757.761117815412,-0.0,388.3848308546953,-0.0,-0.0,3.1387033530682653,-0.0
4903,-0.0,4.840011708524713,-0.0,756.0432012765074,-0.0,388.1979545129856,-0.0,22.13499999999992,3.6874094708880327,-0.0
4904,7.500148499019257,33.33180877592937,0.37008175779253927,811.8109338838615,-0.0,440.0816093133219,-0.0,115.97999999999993,5.684919527334145,-0.0
4905,31.163529988523614,79.786613299602,1.080620848237097,932.4171094279121,-0.0,551.5501269920096,-0.0,271.375,9.44452986803125,-0.0
4906,60.41471494022494,139.89848463102737,1.080620848237097,1098.1814494547511,-0.0,711.6607942250027,-0.0,471.375,13.673846796319168,-0.0
4907,89.87646122763688,204.76303959832194,1.8806208482370967,1277.8665474748987,-0.0,882.2997222379349,-0.0,671.375,18.253980377664618,-0.0
4908,119.33820751504882,269.2139280473082,2.544368932038835,1452.2430946265058,-0.0,1044.152901448638,27.56471561456572,871.375,21.483325084314167,-0.0
4909,148.4064591231145,329.1071481433714,3.344368932038835,1612.2508812253238,-0.0,1185.792030807906,57.89728692489867,1071.375,23.200725130978064,-0.0
4910,161.96410001226698,377.66353675040534,4.115493101686254,1729.7770180431214,-0.0,1293.317392200609,82.82939725565498,1231.7075,24.170234260229225,7.402823954766767
4911,167.16391057972652,407.3752489310493,4.635334695963208,1785.4614096421053,-0.0,1347.7435187093881,99.72225810191364,1325.4075,22.844764318531617,21.855300236100735
4912,161.88920371434108,414.2687371972302,4.790367910066427,1769.2277694437764,-0.0,1347.7435187093881,104.88401627163447,1333.045,20.113434526677423,29.660025261918392
4913,155.11406553008098,395.71333213375107,4.557299437915176,1675.1616162593514,-0.0,1264.7001610770676,100.12605286054064,1260.52,12.944761974914648,31.608561657390304
4914,139.43784559623714,359.8514947710807,3.997652018395503,1528.3079972201188,-0.0,1157.7522284724803,88.44314519845813,1148.77,3.6526408748498334,28.087679721443177
4915,121.20816944964591,318.9544961069188,3.217652018395503,1360.6630432958818,-0.0,1033.1185873349311,75.03391140670959,1022.52,1.1104840844401345,19.947175202667946
4916,103.30925972751528,277.98202385410644,2.547652018395503,1200.3269829795524,-0.0,895.3185873349312,66.19835148529505,906.17,-0.0,11.785412885828936
4917,87.46284544513315,239.38003015706644,1.987652018395503,1053.1255864984787,-0.0,785.7615468767823,60.84019824364475,799.6949999999999,1.0529086293405907,5.722015353754248
4918,71.58161820861469,201.0004193046443,1.4176520183955033,904.0757304721009,-0.0,682.627905739233,55.32919627900821,695.12,2.2521517998750955,0.6749699740363155
4919,58.278661956808314,167.99628204087261,1.0176520183955033,778.825874445723,-0.0,596.1942646016838,54.53135737920467,600.495,5.624562241006556,-0.0
4920,48.462443840792844,140.86952265459686,0.8176520183955035,667.0324609761822,-0.0,526.0606234641346,56.84668154423414,514.395,6.9163207056773235,-0.0
4921,39.560076088086454,114.6544282792805,0.6376520183955036,565.0212602908264,-0.0,459.9269823265854,59.31288979570762,432.645,12.179003891834148,-0.0
4922,31.75597932009218,90.57099891492346,0.5276520183955035,465.7229447191445,-0.0,395.0933411890362,60.199726730874616,349.545,8.695399838638648,1.4929784649500384
4923,24.1964993398676,67.36113885037133,0.4276520183955034,365.59395681797366,-0.0,324.259700051487,56.19579745779014,264.42,8.695399838638648,11.722662265996938
4924,16.343365162700596,44.25318307466473,0.3176520183955033,262.1729519283358,-0.0,243.1260589139378,46.45768350887069,173.12,10.063159510569962,22.106434105133033
4925,7.021960000821476,18.299514432421535,0.13765201839550337,143.09858539125295,-0.0,119.3260589139378,30.228803351699757,72.17000000000002,8.696850139169245,31.298382020447498
4926,-0.0,-0.0,-0.0,46.012544689138295,-0.0,31.063512688174875,12.064882754127055,-0.0,6.925811048538891,42.72656622793816
4927,-0.0,-0.0,0.12903934593765964,-0.0,-0.0,-0.0,1.7245245288657216,-0.0,5.559041639539794,58.014447976000184
4928,10.276832313545608,-0.0,0.5028870720490544,27.911071313778365,-0.0,11.469121717695202,-0.0,82.1474999999995,6.02816546660692,77.48755556665989
4929,19.207768854566154,-0.0,1.1454292284108323,119.85704392412362,-0.0,86.4766681783614,-0.0,228.70249999999953,8.743698744630928,100.36862408932106
4930,34.56731721774139,16.84077727903471,1.945429228410832,261.8603779167948,-0.0,224.93932226823284,-0.0,416.4149999999996,13.664935868900454,124.61816938189266
4931,52.842120417747346,86.29429980068731,2.745429228410832,415.5072734671861,-0.0,380.6731518084249,0.4925273595857682,616.4149999999996,19.237377138985053,147.11573958614008
4932,71.26579717354045,155.7478223223399,3.2387123147675014,598.2167637615955,-0.0,514.7977480850517,20.604934282350715,816.4149999999996,24.98234232466138,168.07190707053377
4933,98.01415763154559,219.67687941907894,4.038712314767501,742.2587568402032,-0.0,638.6368774443197,41.20685726262472,1001.7249999999997,29.504350735059976,186.60892918994816
4934,108.85347616819655,268.92529606751725,4.744780275932549,848.471551188861,-0.0,754.771472100588,56.56133685751894,1140.5999999999997,32.18250359104263,201.90997605749715
4935,118.94403389405333,295.1202810974579,5.177330097087378,904.7870683582425,-0.0,819.5639977410851,62.98604431624058,1217.6374999999998,31.98651319971944,213.32394594801502
4936,120.40849099541188,298.0053284019342,5.2998952478283075,902.383411635396,-0.0,821.0003642451088,61.04756463364175,1216.7524999999998,29.08900177975133,219.45378005331227
4937,112.75484109294523,278.1409514433539,5.0254164537557475,831.4766579145713,-0.0,758.1805313433917,49.34970530451865,1144.4125,24.398281944978653,218.59592408370992
4938,98.27348830288156,247.76897674362436,4.483180889115993,715.2245109478192,-0.0,653.5468902058425,33.704322200392916,1034.7375,17.8100744244246,212.11946739030637
4939,82.18769900161143,213.5036033534465,3.7231808891159934,615.6737209379446,-0.0,540.6132490682933,17.245972495088402,915.7875,11.033990496207647,201.57745359160737
4940,69.03019892605944,182.06917714056948,3.0331808891159935,523.3585053597001,-0.0,443.879607930744,7.416110019646361,804.6875,6.006637446547074,188.8863833358381
4941,47.379633152664994,152.5945116498063,2.3931808891159934,412.13862342227435,-0.0,359.1459667931948,1.9504911591355594,698.2624999999999,2.386568012657083,173.1856277239667
4942,36.46445059150085,124.61461184827886,1.8231808891159935,328.13937386709574,-0.0,279.51232565564555,-0.0,597.4124999999999,0.19817128473665768,155.2292747940823
4943,28.223688651739746,99.860424913288,1.3931808891159936,237.06613028222495,-0.0,213.47868451809632,-0.0,505.68749999999994,-0.0,137.18449430615956
4944,21.180038939496832,80.47337657790693,1.1131808891159936,162.06312496423968,-0.0,159.5450433805471,-0.0,418.61249999999995,0.9237741662582692,119.41845602017304
4945,15.833501454772108,64.18561040886736,0.8831808891159937,125.97367961334314,-0.0,116.3114022429979,-0.0,340.28749999999997,-0.0,103.65568816465787
4946,11.719851742529194,48.85498283943757,0.7331808891159938,106.1980299724951,-0.0,83.37776110544866,-0.0,266.16249999999997,-0.0,90.1125428919708
4947,8.432173741616555,36.011254591731394,0.5831808891159939,89.8668483711846,-0.0,58.04411996789947,-0.0,193.81249999999997,-0.0,78.24310824020102
4948,5.701626209228122,22.66061708805778,0.42318088911599394,47.2279195013009,-0.0,38.210478830350254,-0.0,122.18749999999997,4.3055968060320176,67.19820181696637
4949,2.152237434033618,7.939979584384162,0.17318088911599394,1.1849991256507053,-0.0,9.276837692801045,-0.0,45.98749999999998,-0.0,57.03027644512037
4950,-0.0,-0.0,-0.0,-0.0,-0.0,-0.0,-0.0,-0.0,1.3277094055509693,48.17410425802848
4951,-0.0,-0.0,0.0062187020950433824,15.782066954378763,-0.0,-0.0,-0.0,-0.0,-0.0,41.32565426484351
4952,1.0463091640057591,-0.0,0.23065917220235022,99.46562845072526,-0.0,-0.0,-0.0,37.16749999999979,1.274327046975328,38.00044985919624
4953,9.092039323926251,4.019377259324678,0.6530889115993864,246.01054694972137,-0.0,-0.0,-0.0,190.0924999999998,5.153360419874062,40.07703936770115
4954,24.776195575953125,56.79602406888092,1.2799821154828814,441.69526810814,-0.0,124.14618060382801,-0.0,388.4649999999998,10.245092065100554,47.04835907377314
4955,44.56731198560748,116.21546204863404,2.025929994890137,660.6147714628271,-0.0,322.628305172012,-0.0,588.4649999999998,15.959957568263226,56.29343452187547
4956,67.32614817668833,177.2527870275478,2.8120516096065407,871.4893497921536,-0.0,516.1675956083486,-0.0,788.4649999999998,21.597539808549897,64.8747006243604
4957,87.77923797078174,234.873577349521,3.555763924374042,1059.1597073835167,-0.0,692.9070873910212,-0.0,977.3499999999998,26.224464098861368,72.29939163755743
4958,111.34896081388464,281.5578060262435,4.1501890648952475,1196.9839926311186,-0.0,829.3899368060141,-0.0,1114.4999999999998,29.423562009273947,75.43155512849796
4959,116.11142359338854,314.12566113806054,4.515094532447623,1267.317162518228,-0.0,912.5306366667016,-0.0,1193.485,30.709416595422745,74.47936717336037
4960,121.42722207970684,323.5241364461199,4.591778231987735,1259.4254634363217,-0.0,931.400765116076,-0.0,1201.0475,30.122414644276148,70.24716569943651
4961,107.31712087947179,311.05233357316257,4.365063873275421,1181.1840391296978,-0.0,885.1146136211753,-0.0,1138.6975,26.795177230591236,62.41158021723784
4962,95.54983286008988,280.2626099744924,3.7828283086356667,1054.0971140812344,-0.0,790.0146136211753,0.04263261296659948,1040.4975,21.330933083661826,51.57459799955777
4963,80.64251070989853,244.8615336520218,3.0528283086356667,905.5794024568261,-0.0,677.1146136211753,-0.0,931.4225,17.92032199965676,37.72943970569932
4964,66.86807633218899,212.2666487518601,2.4128283086356666,762.1270269971623,-0.0,571.1146136211753,-0.0,824.3225,11.953634213523294,25.228558158516005
4965,55.322875530018834,182.0339074184301,1.8628283086356667,635.5746515374985,-0.0,475.91461362117536,-0.0,725.8975,6.4430555253999735,14.335852687511064
4966,44.78671213702141,151.70997962981306,1.4028283086356668,510.7302590893678,-0.0,385.2146136211754,-0.0,631.6475,1.437364115684769,5.9644050145699055
4967,29.59235902279295,125.65986041888709,1.0328283086356667,417.260096413889,-0.0,309.5146136211754,-0.0,545.0225,1.437364115684769,1.420756000635226
4968,23.06370019004703,102.90664052968475,0.8028283086356668,330.66507410743674,-0.0,250.41461362117542,-0.0,464.2975,1.437364115684769,-0.0
4969,18.446200114495035,83.36055924009219,0.6328283086356669,259.73629856210346,-0.0,202.31461362117545,-0.0,389.4225,1.437364115684769,-0.0
4970,14.932550402252119,65.56995153915005,0.502828308635667,215.0124251189112,-0.0,161.11461362117547,-0.0,318.4725,-0.0,-0.0
4971,11.963517477778897,49.58886528243558,0.4328283086356669,156.77167505627847,-0.0,122.21461362117547,-0.0,248.72250000000003,-0.0,4.313704172577069
4972,8.660830356363249,32.843252614371536,0.3228283086356668,101.22294198211276,-0.0,82.51461362117549,-0.0,176.0475,3.5167181811692307,4.313704172577069
4973,3.579676083868831,13.086214213234303,0.1328283086356669,50.20488123743604,-0.0,32.31461362117547,-0.0,100.12250000000003,1.03790680269866,9.230432187050472
4974,-0.0,-0.0,-0.0,16.48374707319641,-0.0,-0.0,-0.0,46.84250000000003,1.03790680269866,13.112366024282421
4975,3.327594416048525,-0.0,0.030569749616760178,35.146662604834276,-0.0,-0.0,-0.0,45.28750000000004,1.03790680269866,17.166092183009212
4976,15.347873039397419,-0.0,0.32888860500766426,121.83016725690896,-0.0,-0.0,-0.0,110.92500000000005,-0.0,23.328869331114493
4977,26.687939479074906,27.875592620365943,0.9621359223300965,286.3129518671948,-0.0,112.79376650920108,-0.0,232.60750000000007,0.2369762529886117,31.538716955197998
4978,53.35037796593455,89.89288509014322,1.7621359223300963,489.9871938380549,-0.0,284.2188862863011,-0.0,401.2575000000001,1.8914889051784982,40.84424947088645
4979,82.49700994202603,156.14441867242135,1.7621359223300963,698.8607578200093,-0.0,471.8437241785309,-0.0,583.3225000000001,3.7627037149452995,51.54328650508553
4980,111.95875622943797,223.0444880374086,2.5621359223300963,896.3935025288254,-0.0,659.0684815322264,-0.0,772.8800000000001,5.256168989489316,61.58714544381839
4981,139.046789984698,283.8508393049662,3.362135922330096,1084.3076595573505,-0.0,824.6791890344867,-0.0,947.4750000000001,6.735840168314251,71.11654848574096
4982,150.5998642969174,329.73081304845573,4.0397342871742445,1223.2505452470452,-0.0,948.876088300915,-0.0,1080.525,6.147475262930348,76.13713953471986
4983,153.87693969516002,357.01138913561834,4.240743484925907,1299.229224892882,-0.0,1017.759420947114,1.4645046830930255,1155.295,11.252861459364905,77.24318392798183
4984,158.1602367548705,360.4187911163191,4.3562493612672455,1297.6871379466534,-0.0,1018.957971253496,12.249902697013738,1151.9325000000001,6.191179463858103,73.49201757353087
4985,152.3990268180544,342.66367808993067,4.1350638732754215,1222.2239416689918,-0.0,954.5289050882136,13.79999999999999,1081.9850000000001,7.3167695679689,67.2714554482174
4986,139.23863661881802,308.73992650417097,3.6128283086356667,1099.7135309526536,-0.0,849.3289050882136,10.653241650294689,980.4350000000001,0.7909822726492628,59.116359927632985
4987,112.33821228877218,269.2007743390335,2.9128283086356666,952.2286619707518,-0.0,726.3289050882136,4.836738703339876,866.4350000000001,-0.0,47.7530883308702
4988,87.89894671592027,232.89376574062774,2.2528283086356664,812.5348993809424,-0.0,613.8289050882136,0.6730844793713118,759.0350000000001,0.07729771953957609,35.51283568271877
4989,75.2937276727441,199.30651786433583,1.6828283086356668,685.0669070184812,-0.0,512.0289050882136,-0.0,659.86,0.07729771953957609,24.103778059357076
4990,63.54601318981943,166.61926998804392,1.2128283086356668,560.7851189459714,-0.0,414.52890508821366,-0.0,561.96,2.0033736194771237,13.49472043599538
4991,43.70460752448203,136.53392640059755,0.8528283086356668,450.20333087346154,-0.0,330.92890508821364,-0.0,474.40999999999997,-0.0,5.3971093192834125
4992,25.808818223211897,110.35810425737881,0.6128283086356668,357.4828874599297,-0.0,262.72890508821365,-0.0,392.90999999999997,-0.0,0.3272968615779277
4993,19.7520663311145,87.71775570281052,0.4428283086356669,274.67133765430543,-0.0,203.92890508821367,-0.0,318.235,-0.0,-0.0
4994,13.98166024207468,66.25288073689265,0.3228283086356668,197.19935378607767,-0.0,152.22890508821368,-0.0,245.85999999999999,-0.0,-0.0
4995,8.825870940804553,45.57133579289349,0.19282830863566694,126.55005923580589,-0.0,101.12890508821368,-0.0,174.91,-0.0,-0.0
4996,4.405857184498045,26.6107380261952,0.09282830863566685,68.79768377614212,-0.0,56.12890508821368,-0.0,106.41,-0.0,-0.0
4997,0.25719835175212236,7.9632310035294545,0.002828308635666771,16.720448685504863,-0.0,13.528905088213683,-0.0,37.01,1.8122126759993786,-0.0
4998,-0.0,-0.0,-0.0,-0.0,-0.0,-0.0,-0.0,-0.0,0.0681099964800489,-0.0
4999,-0.0,-0.0,-0.0,-0.0,-0.0,-0.0,-0.0,-0.0,-0.0,-0.0
5000,-0.0,-0.0,0.5676136944302503,-0.0,-0.0,-0.0,-0.0,-0.0,1.850695438944724,-0.0
5001,12.700580433903603,-0.0,1.3676136944302502,-0.0,-0.0,-0.0,-0.0,-0.0,6.314744459490116,-0.0
5002,38.858201046516044,-0.0,2.16761369443025,-0.0,-0.0,-0.0,-0.0,71.00749999999994,12.56713229021892,-0.0
5003,68.31994733392798,-0.0,2.16761369443025,-0.0,-0.0,-0.0,-0.0,271.00749999999994,19.203650355302166,-0.0
5004,97.78169362133993,-0.0,2.96761369443025,108.75092808162006,-0.0,90.75253902523428,-0.0,471.00749999999994,24.796167261058667,-0.0
5005,127.24343990875187,49.2153922433247,2.7654368932038826,331.9336042868832,-0.0,290.9919905386396,-0.0,671.0074999999999,29.046967237820997,-0.0
5006,153.89969697931375,118.6689147649773,3.5654368932038825,552.5938111896822,-0.0,462.17479968436544,-0.0,846.5699999999999,31.387016681058206,-0.0
5007,171.01795307413545,172.80612821306835,3.5654368932038825,713.6670051089395,-0.0,566.9728264902743,-0.0,945.0525,32.06157198235984,-0.0
5008,175.9475769448176,199.55758749399337,3.5654368932038825,780.9920657640313,-0.0,600.3146136211753,-0.0,959.1975,32.06157198235984,-0.0
5009,168.84292775180597,198.19678493912193,3.202235564639755,749.6058242976014,-0.0,567.0999999999999,-0.0,905.435,28.895266139904887,1.309567196066471
5010,153.43567621443609,179.1467434597922,2.89,668.066099077799,-0.0,492.59999999999997,1.512770137524555,824.3599999999999,23.055552988699247,6.668810806667441
5011,134.1474279554295,153.35278586844368,2.39,566.4915957762853,-0.0,400.29999999999995,-0.0,736.56,14.579279853115922,6.04126207446571
5012,115.98764684750167,128.77097184382686,1.8900000000000001,465.93887119635315,-0.0,320.4,-0.0,647.76,6.312781274348833,4.281009037550469
5013,98.79825807230716,106.25106210805558,1.4400000000000002,377.7297040595839,-0.0,258.59999999999997,-0.0,564.81,-0.0,2.1421397340109074
5014,82.68099064513385,84.29686523882089,1.07,286.96409436597776,-0.0,203.69999999999996,-0.0,484.46,-0.0,-0.0
5015,68.38026518738477,65.98956769130982,0.75,215.5558378255831,-0.0,160.19999999999996,-0.0,411.65999999999997,-0.0,-0.0
5016,56.1224275021175,52.82273876532727,0.54,163.1445003757964,-0.0,129.49999999999997,-0.0,344.26,-0.0,-0.0
5017,44.83651499850478,40.5894791391496,0.41000000000000014,118.79051607922122,-0.0,102.49999999999997,-0.0,279.535,-0.0,-0.0
5018,34.41156508571933,28.75621951297193,0.28000000000000025,78.60186794739053,-0.0,75.49999999999997,-0.0,211.78500000000003,-0.0,-0.0
5019,24.347577763761144,18.08867275333086,0.16000000000000014,47.70922830979333,-0.0,48.89999999999998,-0.0,147.485,-0.0,-0.0
5020,14.876478214284766,9.312551726762983,0.08000000000000007,22.673941825407667,-0.0,22.799999999999983,-0.0,84.38499999999999,-0.0,-0.0
5021,5.6726870586932385,-0.0,-0.0,-0.0,-0.0,-0.0,-0.0,23.934999999999995,-0.0,-0.0
5022,-0.0,-0.0,-0.0,-0.0,-0.0,-0.0,-0.0,-0.0,-0.0,-0.0
5023,-0.0,-0.0,-0.0,-0.0,-0.0,-0.0,-0.0,-0.0,-0.0,-0.0
5024,-0.0,-0.0,0.10768523249872408,-0.0,-0.0,-0.0,-0.0,-0.0,-0.0,-0.0
5025,24.359259110565706,-0.0,0.9076852324987239,-0.0,-0.0,-0.0,-0.0,-0.0,-0.0,-0.0
5026,41.581482403732295,-0.0,0.7645707715891681,-0.0,-0.0,-0.0,-0.0,-0.0,-0.0,-0.0
5027,71.04322869114424,-0.0,1.564570771589168,-0.0,-0.0,-0.0,-0.0,79.59750000000008,-0.0,-0.0
5028,100.50497497855618,-0.0,1.5870975983648448,-0.0,-0.0,-0.0,-0.0,279.5975000000001,-0.0,-0.0
5029,129.96672126596812,-0.0,2.3870975983648446,-0.0,-0.0,-0.0,-0.0,479.5975000000001,-0.0,-0.0
5030,159.42846755338007,34.33203456372339,2.3870975983648446,213.02204703759946,-0.0,150.77576614677773,-0.0,679.5975000000001,3.2369203089301415,-0.0
5031,181.6163441029894,95.7719962843762,3.1870975983648444,411.7032175874886,-0.0,330.70193292482406,-0.0,823.9325000000001,12.529041408994956,-0.0
5032,192.18815031199819,131.27247462610623,3.7862493612672456,524.0435527756532,-0.0,430.7004832312061,-0.0,880.1100000000001,18.371477085019958,-0.0
5033,189.76966536102677,139.26920666468084,3.9428283086356664,541.1342732406415,-0.0,445.9000000000001,-0.0,854.2675000000002,20.32790548303571,-0.0
5034,177.4891702004538,126.53628391647322,3.1428283086356665,490.3676323233039,-0.0,399.70000000000005,-0.0,782.0675000000001,18.2636613361063,-0.0
5035,161.01345386320773,107.21920577836067,2.7028283086356666,411.8394182540767,-0.0,326.90000000000003,-0.0,694.2425000000001,14.272584459773846,-0.0
5036,144.53274664646466,87.78236691813429,1.9028283086356668,329.28053185536044,-0.0,252.30000000000004,-0.0,607.4925000000001,9.774176665829224,-0.0
5037,130.13243176245493,68.37576733579407,1.4828283086356668,248.31275184873678,-0.0,185.00000000000003,-0.0,525.8175,6.419659773874454,-0.0
5038,116.09058402952397,50.555119897876615,1.062828308635667,169.89252079104259,-0.0,121.40000000000003,-0.0,446.34250000000003,2.867586521123741,-0.0
5039,104.26527826601723,36.54780248187789,0.752828308635667,109.42074927865238,-0.0,73.20000000000002,-0.0,376.6675,0.6618478095669431,-0.0
5040,94.19920607804988,26.213336532025544,0.532828308635667,65.0587819705442,-0.0,41.30000000000001,-0.0,314.1925,-0.0,-0.0
5041,85.67236746562192,19.101961326205753,0.4128283086356669,40.15906991778854,-0.0,23.0,-0.0,255.76749999999998,-0.0,-0.0
5042,78.37091206542426,13.795820431150219,0.35282830863566683,25.690940790896406,-0.0,15.299999999999983,-0.0,199.64249999999998,-0.0,-0.0
5043,70.4219521049751,9.828961702436175,0.3028283086356668,16.101943538797258,-0.0,12.799999999999983,-0.0,145.7925,-0.0,-0.0
5044,62.08299214452594,5.973528706795321,0.21282830863566674,8.792078161491133,-0.0,9.5,-0.0,90.6925,-0.0,-0.0
5045,53.12595736573132,-0.0,0.07282830863566683,-0.0,-0.0,-0.0,-0.0,31.2175,-0.0,-0.0
5046,47.17729912908203,-0.0,-0.0,-0.0,-0.0,-0.0,-0.0,-0.0,-0.0,-0.0
5047,49.41391249559159,-0.0,0.13351047521716908,-0.0,-0.0,-0.0,-0.0,-0.0,-0.0,-0.0
5048,60.83058672490526,-0.0,0.5295937659683188,-0.0,-0.0,-0.0,-0.0,-0.0,-0.0,-0.0
5049,80.28977632530047,-0.0,1.1906055186509963,-0.0,-0.0,-0.0,-0.0,-0.0,-0.0,-0.0
5050,105.89678944672701,-0.0,1.7535436893203888,-0.0,-0.0,-0.0,-0.0,121.58749999999998,-0.0,-0.0
5051,134.01138219068557,-0.0,2.5535436893203887,-0.0,-0.0,-0.0,-0.0,321.5875,-0.0,-0.0
5052,163.47312847809752,-0.0,3.3535436893203885,131.8444391613783,-0.0,58.086393110503934,-0.0,521.5875,-0.0,-0.0
5053,192.25502961594094,64.97860099601046,3.3535436893203885,355.02711536664145,-0.0,265.80793304563196,-0.0,721.5875,-0.0,-0.0
5054,215.2939306232077,134.43212351766306,4.126903423607562,577.7174139801202,-0.0,459.5475859053731,-0.0,882.795,4.770803133526451,-0.0
5055,230.64563982849432,186.14666083128782,4.61639243740419,729.2378047224094,-0.0,595.3880038811905,-0.0,979.64,10.670854961805574,-0.0
5056,235.69397029929556,213.22512773142506,4.815896780786918,800.2849774519198,-0.0,660.8293883194198,-0.0,1010.3275,13.912247665359876,-0.0
5057,228.5151995770501,211.99762143657819,4.6176520183955025,783.5121829449126,-0.0,648.5289050882137,-0.0,961.2675,14.14002907537282,-0.0
5058,211.38222721773465,191.1977894324031,4.015416453755748,699.3423468717273,-0.0,580.9289050882137,-0.0,870.2675,11.57564302291863,-0.0
5059,192.0072955459552,166.1097541827459,3.295416453755748,595.9635029441786,-0.0,498.12890508821374,-0.0,771.3675000000001,7.6844242410613965,-0.0
5060,173.82236387417578,142.92981464424312,2.625416453755748,500.9499951813744,-0.0,421.4289050882137,-0.0,677.6925,4.2151509101990925,-0.0
5061,156.82474059628117,120.75488007286226,2.055416453755748,417.0969214811737,-0.0,355.3289050882137,-0.0,590.8175,1.9434339401327279,-0.0
5062,140.03672498565328,98.79757259110737,1.5254164537557484,336.9607244004135,-0.0,291.02890508821366,-0.0,509.4675,0.27171697006636464,-0.0
5063,124.62081248204055,79.99907865416546,1.1754164537557483,272.9769783707238,-0.0,236.62890508821368,-0.0,436.3175,-0.0,-0.0
5064,110.57700308544301,64.67677613953248,0.9054164537557484,224.4416918863382,-0.0,193.0289050882137,-0.0,369.4425,-0.0,-0.0
5065,97.910109749997,51.24375579124098,0.7454164537557485,182.8886181861375,-0.0,155.62890508821368,-0.0,306.7425,-0.0,-0.0
5066,85.7307209748025,39.597874042559276,0.6354164537557484,147.86131471328483,-0.0,123.22890508821368,-0.0,244.06750000000002,-0.0,-0.0
5067,74.83211686507462,29.31365730483693,0.4954164537557485,111.31223251885064,-0.0,93.32890508821367,-0.0,180.41750000000002,0.7230694556529831,-0.0
5068,64.65526001164065,18.34348842269182,0.3554164537557486,74.48892055176444,-0.0,62.72890508821367,-0.0,115.1675,1.792894352055605,-0.0
5069,53.978599324573324,5.831415251701181,0.11541645375574863,26.569600090444737,-0.0,20.92890508821366,-0.0,42.792500000000004,0.9554356326876463,-0.0
5070,46.202810619399834,-0.0,-0.0,-0.0,-0.0,-0.0,-0.0,-0.0,-0.0,-0.0
5071,45.85987179274066,-0.0,-0.0,-0.0,-0.0,-0.0,-0.0,-0.0,-0.0,-0.0
5072,54.622679235567595,-0.0,-0.0,-0.0,-0.0,-0.0,-0.0,-0.0,1.90811133988241,-0.0
5073,72.70920719162613,-0.0,0.7220694941236583,-0.0,-0.0,-0.0,-0.0,-0.0,6.375985142885257,-0.0
5074,96.39024443269145,-0.0,1.522069494123658,-0.0,-0.0,-0.0,-0.0,157.98249999999996,12.55835750241469,-0.0
5075,122.51598396012531,-0.0,2.322069494123658,152.29085325923452,-0.0,119.75048116980338,-0.0,357.98249999999996,19.37637110558893,-0.0
5076,148.80820944951122,27.091414210190095,3.1220694941236578,375.4735294644977,-0.0,327.4720211049314,-0.0,557.9825,27.390734988830904,-0.0
5077,174.19780842939596,96.5449367318427,3.9220694941236576,598.6562056697609,-0.0,535.1935610400594,-0.0,757.9825,34.67133854190915,-0.0
5078,194.72709706699084,163.88043477192673,4.722069494123657,812.8620166957544,-0.0,724.0903797679532,-0.0,929.76,40.845032168013674,-0.0
5079,206.40496944756921,211.43373248957946,5.267087378640775,955.4854917227073,-0.0,848.7737124141522,-0.0,1033.8425,44.13172099578683,-0.0
5080,208.01197859224507,233.05389420340754,4.467087378640775,1012.8615189642295,-0.0,902.9579712534961,-0.0,1059.04,45.00544188502385,-0.0
5081,198.89536463328437,227.66123220056986,4.276254471129278,983.5121056348142,-0.0,882.643196555252,-0.0,1006.9025,43.041034459396684,-0.0
5082,181.74832750328716,205.0204728875816,3.7740189064895233,890.4910782272013,-0.0,814.9431965552519,-0.0,917.1275,39.671855732217566,-0.0
5083,161.85703178744413,176.18127105122502,3.032828308635667,766.0343621415026,-0.0,729.7431965552519,-0.0,815.1275,35.102629703196854,-0.0
5084,143.2940070563132,148.66778208140502,2.382828308635667,650.3816375615704,-0.0,651.4431965552519,-0.0,716.3025,31.667520019349766,-0.0
5085,125.8117487496429,126.64738385561756,1.882828308635667,547.4853555384752,-0.0,585.2431965552519,-0.0,627.7025,28.94218489231891,-0.0
5086,108.7373690949514,106.6055499625131,1.412828308635667,448.68907351538,-0.0,518.5431965552518,-0.0,542.4275,25.231558902353992,-0.0
5087,92.80721389529629,90.846567535555,1.042828308635667,366.7799063786108,-0.0,453.64319655525185,-0.0,458.5775,21.21858387686821,-0.0
5088,79.91859154456239,79.80211151994648,0.8628283086356668,309.5538626224011,-0.0,396.2431965552518,-0.0,385.9275,17.232536184468653,-0.0
5089,67.22688525498003,66.63361758300456,0.732828308635667,252.64959758777292,-0.0,324.9431965552518,-0.0,315.5525,12.153866711522866,-0.0
5090,54.71305761737648,52.91703786915201,0.6128283086356668,198.88398789416672,-0.0,247.84319655525184,-0.0,247.2025,7.7093135837507,-0.0
5091,42.75211775225473,38.9230802778035,0.5028283086356667,144.21837820056052,-0.0,174.74319655525184,-0.0,181.3275,4.781771326723754,-0.0
5092,30.962532810693574,24.540548419528175,0.37282830863566685,93.58344083644332,-0.0,107.74319655525184,-0.0,114.8775,3.1956290306410127,-0.0
5093,18.049686004923302,8.613490149903281,0.1628283086356669,34.10984813130412,-0.0,40.74319655525183,-0.0,45.22749999999999,1.36554853072682,-0.0
5094,7.979868477705862,-0.0,-0.0,-0.0,-0.0,-0.0,-0.0,-0.0,-0.0,-0.0
5095,7.108649043818543,-0.0,0.13009708737864079,-0.0,-0.0,-0.0,-0.0,-0.0,-0.0,-0.0
5096,17.078787570995374,-0.0,0.13009708737864079,-0.0,-0.0,-0.0,-0.0,-0.0,-0.0,0.03958345110098982
5097,35.14008291003644,-0.0,0.7839294839039347,65.29293400959196,-0.0,-0.0,-0.0,22.884999999999764,4.693732086260836,-0.0
5098,59.962729880131846,-0.0,1.5839294839039346,288.4756102148551,-0.0,-0.0,-0.0,222.88499999999976,12.653391408052292,-0.0
5099,88.04931271213518,68.48324278244296,2.3839294839039344,511.6582864201183,-0.0,194.42524058490147,-0.0,422.88499999999976,20.618563689470133,-0.0
5100,116.8991897213287,137.93676530409556,3.1839294839039343,734.8409626253815,-0.0,308.96771641615044,-0.0,622.8849999999998,27.712546067148292,-0.0
5101,143.05052451716296,207.39028782574815,3.5780812468063363,956.392512642299,-0.0,511.7785447262123,-0.0,822.6224999999998,34.123651593041814,-0.0
5102,163.8034418393808,272.27739377684384,4.378081246806336,1140.5487314146035,-0.0,679.904067195984,-0.0,973.5174999999998,38.808087668230044,-0.0
5103,176.80006168882693,317.0321573461255,4.980863566683699,1246.838805328573,-0.0,779.7589779851753,-0.0,1055.4049999999997,41.01027829237119,-0.0
5104,178.60423126380547,335.5414020669646,5.208484925907,1274.8265849753843,-0.0,795.8721016434656,-0.0,1058.9624999999999,41.017588148632775,-0.0
5105,167.9904308288484,324.7840529776646,4.977652018395503,1211.8463914509252,-0.0,749.2003221541374,-0.0,995.2574999999999,38.62400265746772,-0.0
5106,147.4581701709755,295.15307425527783,4.405416453755748,1093.3137386462813,-0.0,665.5003221541374,-0.0,896.8824999999999,34.62799120088556,-0.0
5107,124.12068833642952,261.3536530095227,3.6754164537557488,953.4552013678336,-0.0,567.7003221541373,-0.0,790.8575,28.439310661915574,-0.0
5108,112.59513168353809,228.82232747492208,3.0154164537557486,822.5580087483639,-0.0,476.80032215413735,-0.0,692.3075,22.748186483741527,-0.0
5109,91.43399565204967,198.2712412182076,2.3454164537557487,694.5825948504757,-0.0,389.5003221541374,-0.0,594.7075,17.644844109547194,0.2915739970168687
5110,68.93688790923099,166.49301636188335,1.6654164537557485,567.7893937367725,-0.0,298.90032215413737,-0.0,494.8325,12.880505358934599,-0.0
5111,57.799191667312336,136.23146148364037,1.1254164537557485,453.2486436741397,-0.0,223.90032215413734,-0.0,403.65749999999997,9.784446600510847,-0.0
5112,40.11090692629371,113.51609802770633,0.8754164537557486,375.969238270485,-0.0,181.30032215413735,-0.0,331.48249999999996,10.334722383281008,-0.0
5113,33.202996277002384,93.14287813850399,0.6754164537557487,310.14627542366725,-0.0,146.10032215413736,-0.0,266.9325,11.563052715056237,-0.0
5114,26.333926870517132,73.39989752718782,0.5354164537557488,248.97086152577904,-0.0,114.90032215413736,-0.0,210.1075,13.142604866433501,-0.0
5115,17.306992464906543,53.33929976048952,0.43541645375574867,185.83410296891282,-0.0,86.60032215413734,-0.0,154.5325,14.990437009999603,-0.0
5116,11.239848240075831,34.168462715905044,0.31541645375574856,121.24090185520959,-0.0,60.20032215413734,-0.0,98.4575,17.279716416351498,-0.0
5117,4.354825363266318,12.935003548816532,0.11541645375574863,46.44770074150634,-0.0,23.100322154137345,-0.0,36.18249999999999,18.69582855210644,-0.0
5118,-0.0,-0.0,-0.0,-0.0,-0.0,-0.0,-0.0,-0.0,19.84132731380537,-0.0
5119,-0.0,-0.0,0.13127491057741436,-0.0,-0.0,-0.0,-0.0,-0.0,22.777205208040275,-0.0
5120,5.642880624556668,-0.0,0.5406515074092996,85.84514575676789,-0.0,-0.0,-0.0,72.17249999999973,27.162095601307612,-0.0
5121,21.133952937735074,3.6677748186544363,1.2204854368932034,243.9146991387405,-0.0,-0.0,-0.0,255.17749999999978,33.24397391012864,-0.0
5122,44.87195080707972,3.6677748186544363,1.6688323965252954,447.75028239330675,-0.0,-0.0,-0.0,455.1774999999998,41.096025078887266,-0.0
5123,72.9599263291098,73.12129734030704,2.468832396525295,667.5343326830061,-0.0,182.24734428977,-0.0,655.1774999999998,49.393283487700835,-0.0
5124,101.15369146807856,142.57481986195964,3.268832396525295,872.8195250676208,-0.0,389.96888422489803,-0.0,855.1774999999998,56.909754518616936,-0.0
5125,125.92779158513193,211.08452216466492,3.268832396525295,1047.6057411861377,-0.0,584.3651794523187,-0.0,1055.1774999999998,64.16288198728691,-0.0
5126,145.0460056169552,265.88332053195256,4.025958099131324,1162.8361916277954,-0.0,741.6190835098308,-0.0,1223.8649999999998,69.80909952898317,-0.0
5127,154.7472276488217,299.88506956247613,4.503684210526316,1216.0182844269332,-0.0,839.9023356174955,-0.0,1327.3824999999997,73.45236372711325,-0.0
5128,153.70603535485847,309.6866031054315,4.629190086867655,1194.53639593021,-0.0,868.672262720534,-0.0,1352.9199999999996,74.33696880051852,-0.0
5129,149.9810956881676,294.944844691773,4.395063873275422,1106.0798083313398,-0.0,819.3289050882136,-0.0,1293.0774999999996,71.87641965522971,0.5025206500571002
5130,138.12899471464934,263.6231680042154,3.880240163515585,980.7364407260393,-0.0,718.0289050882136,0.9785854616895833,1195.6524999999997,66.68045550048915,2.717487513982924
5131,123.86974738280344,229.10233095963093,3.1702401635155852,841.8631971411686,-0.0,600.0289050882136,-0.0,1090.0274999999997,60.18937862415669,1.7652846179341637
5132,100.34627559592117,196.50434538119285,2.490240163515585,709.5344215958354,-0.0,489.72890508821365,-0.0,991.1774999999998,54.12513447722728,-0.0
5133,83.3392041222705,167.79325912447837,1.9202401635155852,593.1065566468767,-0.0,393.9289050882137,-0.0,897.1024999999998,49.37794850288468,-0.0
5134,72.86190021308516,140.36383787872327,1.4002401635155852,482.43114274898846,-0.0,305.4289050882137,-0.0,808.7024999999999,45.42343161092991,-0.0
5135,54.922100864151325,117.56393807719581,1.0302401635155851,390.86952456114875,-0.0,236.2289050882137,-0.0,726.5274999999999,42.759140162158914,-0.0
5136,49.611535090756874,97.29165543105049,0.7402401635155852,318.9652595265205,-0.0,188.2289050882137,-0.0,651.2524999999999,42.33629597617371,-0.0
5137,35.496352529592734,79.33770777394581,0.6002401635155853,260.3827732134738,-0.0,154.52890508821372,-0.0,583.1524999999999,42.611008150984446,-0.0
5138,21.966357014292242,62.05233438376793,0.5002401635155852,209.56072096303063,-0.0,127.3289050882137,-0.0,517.2025,43.71499669440229,-0.0
5139,17.89058595402813,45.759343838207926,0.3802401635155851,159.18621766151693,-0.0,100.72890508821368,-0.0,452.7025,44.5555925240394,-0.0
5140,13.548076757973124,28.91611401476175,0.280240163515585,104.40772285423674,-0.0,71.92890508821367,-0.0,383.8525,44.586461098701875,-0.0
5141,7.123250047530266,10.739075613624511,0.1102401635155851,43.97677699588604,-0.0,29.328905088213666,-0.0,312.40250000000003,42.41982061441,-0.0
5142,3.434286198478233,-0.0,-0.0,-0.0,-0.0,-0.0,-0.0,267.9150000000001,39.74394877554491,-0.0
5143,-0.0,-0.0,-0.0,4.0636897080583765,-0.0,28.527334586794154,-0.0,297.9525000000001,39.45562678694721,-0.0
5144,6.823507703925106,-0.0,-0.0,111.91738572029286,-0.0,105.07656012249447,-0.0,402.0075000000001,40.69977454867651,-0.0
5145,22.636499211898748,1.3158891383319826,0.7475983648441491,280.20632576846157,-0.0,247.08795220229663,-0.0,562.6100000000001,43.33748674022028,-0.0
5146,45.37704617726148,70.76941165998458,1.547598364844149,485.4861519449256,-0.0,429.1702378475493,-0.0,762.6100000000001,47.61485786461869,2.1570640701149415
5147,70.57989376318258,140.22293418163719,2.3475983648441487,699.5055478037007,-0.0,619.8666538827714,-0.0,962.6100000000001,51.204606593908885,34.349850859465235
5148,96.15031598880243,209.6764567032898,3.1475983648441486,915.8874307860117,-0.0,811.0773211157646,-0.0,1162.6100000000001,55.131942455953514,64.45586760822908
5149,119.66202171135907,278.51828628182136,3.9475983648441484,1104.7492408841065,-0.0,982.8168128984371,-0.0,1360.7325,57.850597734880225,90.08644802027358
5150,138.34905429552336,334.6988897035326,3.977248339294839,1260.778888964587,-0.0,1118.7710793793538,-0.0,1514.4,58.43813107929266,111.3540384173994
5151,148.85857881128075,372.5843623523122,4.4232115482881955,1348.8989456147535,-0.0,1196.9404024433848,-0.0,1598.855,56.6317143508261,125.4224701890999
5152,149.61181911243915,387.25684143823037,4.555424118548799,1375.061747639221,-0.0,1215.4676967609118,-0.0,1600.0,52.125915219136395,131.84497953750125
5153,140.2100058534681,378.4065317141182,4.288357179356157,1322.0321738472678,-0.0,1167.5672940682402,-0.0,1585.677455357143,45.71605496622152,129.6424952803466
5154,123.07956488253893,354.6642779995272,3.7335334695963205,1220.1723768521772,-0.0,1074.6672940682402,-0.0,1480.4774553571428,38.276294513174285,120.13167650643732
5155,113.7492499985292,328.74791769507317,3.0035334695963205,1102.40858835132,-0.0,967.4672940682401,-0.0,1369.2024553571428,30.48526493868343,105.98651821257886
5156,96.28643967477095,305.2070309792696,2.3935334695963206,999.3408083446964,-0.0,871.1672940682402,-0.0,1265.9524553571428,24.447853521157064,92.06274365209609
5157,89.73555453266724,284.0259049855798,1.8235334695963208,905.9037006675617,-0.0,785.2672940682402,-0.0,1171.1024553571428,19.422612997809395,78.77506976211008
5158,83.67447322419687,264.0271618365079,1.3235334695963208,817.4448142688454,-0.0,700.2672940682402,-0.0,1079.8274553571428,15.043707015655638,65.58903108735974
5159,79.59127056770532,247.33651439859045,0.933533469596321,745.2561661370147,-0.0,626.7672940682402,-0.0,1051.8274107142856,12.613579213899854,55.66525652687697
5160,67.7243786394317,232.96801052740472,0.683533469596321,693.2813137152325,-0.0,566.8672940682402,-0.0,978.6524107142857,10.9639496003532,48.71192215684014
5161,55.94866230218563,219.97022448987747,0.5135334695963211,652.7629038502873,-0.0,517.6672940682402,-0.0,909.3024107142857,10.9639496003532,45.64374491437033
5162,54.5252452383214,208.42315628600875,0.37353346959632117,616.8920429342717,-0.0,477.16729406824015,-0.0,842.2774107142857,10.9639496003532,46.27544173658862
5163,52.55047325089659,196.20918876041642,0.2735334695963211,582.2687309671854,-0.0,443.66729406824015,-0.0,778.7024107142856,10.9639496003532,49.45292458540581
5164,40.37242115825665,181.86475261329556,0.16353346959632095,541.9711892274472,-0.0,416.16729406824015,-0.0,714.4524107142856,9.213974986434096,55.76965259987921
5165,36.43820118791978,165.0019914113779,0.0035334695963210316,495.4469666639865,-0.0,386.06729406824013,-0.0,643.4274107142857,9.213974986434096,62.76499688097694
5166,34.81665592986859,155.77374512490226,-0.0,474.77463140914637,-0.0,382.42413778225546,-0.0,600.5274107142857,7.5048878693412995,72.96180557922565
5167,31.94796236816007,165.19478500126314,0.22880684721512512,510.618842378051,-0.0,437.10871877573663,3.985454127648893,607.4849107142857,15.65018447582279,88.16422377995654
5168,47.65195483158029,194.22916921186206,0.7458354624425138,600.1814241387212,-0.0,548.363871180531,39.7705874918458,662.1399107142856,24.942305575887605,107.15454797478476
5169,71.99646922280863,239.67878537305864,1.508617782319877,746.7011425337204,-0.0,709.5040475407453,75.55572085604271,748.0399107142856,34.23442667595242,129.44467932765232
5170,101.13562080379153,296.5596661752933,2.308617782319877,930.1710386550603,-0.0,901.5580321367919,111.34085422023962,864.6174107142856,43.52654777601724,154.2022648163826
5171,130.59736709120347,362.60861729936835,3.0038911599386813,1132.2262292092626,-0.0,1103.8118153865025,147.12598758443653,994.4974107142857,47.4025673852169,181.01151974869376
5172,160.05911337861542,428.7468017897429,3.803891159938681,1344.0278299927509,-0.0,1290.6228853121675,182.91112094863342,1188.5173660714286,56.694688485281716,207.30823811697815
5173,178.34498849003992,486.7452509473177,4.603891159938681,1544.979028671544,-0.0,1460.8484883204735,218.69625431283032,1298.9598660714287,65.70498401896674,231.1235695665722
5174,202.2261344555999,527.9264908561765,5.403891159938681,1696.7574708075815,-0.0,1592.5460721644436,251.45065869233227,1339.0748660714287,72.04036316952384,249.26176152420138
5175,218.36795319918346,551.6423567550551,5.959862033725089,1774.775580414157,-0.0,1660.044501663024,273.1791650238589,1330.2673660714288,74.33696880051852,260.28067223683155
5176,224.82060675634784,555.6281801732208,6.181962187020949,1785.4614096421053,-0.0,1661.7723194810242,284.57563822891495,1274.8948660714289,73.453900550794,262.1930541876872
5177,221.81070717596452,541.7057400126225,6.037956055186509,1743.3000240617343,-0.0,1630.6384769971392,286.2810669135753,1174.232366071429,69.61364892328125,262.1930541876872
5178,211.38719944044445,515.8365580447536,5.540544200306591,1649.906822948031,-0.0,1559.50483585959,278.0170197622983,1050.107366071429,62.56698326919618,249.69885651355247
5179,199.75354972820153,486.85427539860825,4.990544200306591,1548.9660728853983,-0.0,1473.4711947220408,265.70385669746526,915.3823660714289,53.82520489351923,232.9260425727934
5180,189.74510530282828,460.8184135184142,4.440544200306591,1485.6695551193432,-0.0,1391.1375535844916,253.20385669746526,787.307366071429,46.03464833744431,229.6259578463062
5181,182.12552036126712,438.9470681153259,4.010544200306591,1408.9128390336446,-0.0,1316.6039124469423,241.90189206092302,720.5823214285718,39.246535420573444,211.78610008088444
5182,175.53632775243926,418.9095312899287,3.6305442003065913,1333.6165570105493,-0.0,1238.9702713093932,228.6394166188798,597.6573214285719,38.13939184468256,192.0184436564562
5183,171.09002291609323,400.60199446453146,3.350544200306591,1273.863832430617,-0.0,1173.236630171844,217.51466219844758,485.9073214285719,32.28299893562285,173.08525268728906
5184,168.96468067057447,385.89207479451636,3.1505442003065913,1254.7682252609366,-0.0,1121.8029890342946,210.32389599019612,382.0823214285719,28.316831469746912,155.99633846479705
5185,167.90106744034358,373.4221551245013,3.0505442003065912,1249.5250691423266,-0.0,1076.7693478967453,205.0425600373474,284.73232142857194,25.189667627452714,153.5587697232012
5186,167.13629545291877,377.57917195656967,2.990544200306591,1245.4947981373907,-0.0,1036.235706759196,200.24236357369318,212.1100892857143,23.17467467933721,151.46874815875185
5187,166.63498149606974,366.28782655348135,2.930544200306591,1231.746223891049,-0.0,998.102065621647,198.70071327899768,125.3850892857143,22.288910797987214,135.92411068293498
5188,165.6844339636813,355.62648115039303,2.900544200306591,1205.829073742747,-0.0,961.4684244840978,198.1458999194692,96.98504464285715,22.01287417161186,120.98274363758945
5189,164.27369026492622,343.89371001423154,2.830544200306591,1201.3850070277624,-0.0,919.3347833465486,196.08538911396823,12.710044642857156,21.66122663543549,105.59219419986177
5190,163.9945799896923,334.98506609958156,2.8471308124680625,1201.3850070277624,-0.0,884.7296043352743,194.27909086851926,7.877499999999998,22.076088435303767,92.6364620166126
5191,167.08428679212156,334.3688141652905,2.9345350025549304,1228.8902074427442,-0.0,868.7526458346717,196.66760324959677,-0.0,24.62588129849006,98.37572712223833
5192,173.935372555753,343.99745490612804,3.148990802248339,1284.8872042127532,-0.0,878.560912635825,205.4783945555427,48.08500000000001,28.779172557178544,109.38827152706642
5193,184.48996408209285,364.3029898294433,3.5390878896269795,1374.7452107618444,-0.0,918.8972791398487,219.60428172503055,175.49544642857148,35.18985390436835,112.86266575068719
5194,197.45772868153676,389.3534836989179,3.9927107818088907,1478.1075556706269,-0.0,974.5618661545442,234.39291455674092,353.2454017857143,41.977364196355055,134.27877516492282
5195,209.51168930262773,414.6025824012117,4.404450689831374,1550.511076592507,-0.0,1030.3977091580946,242.96797189583114,533.7803571428572,51.26948529641987,145.1311607164715
5196,218.26585881488387,436.12050458256226,4.856543178334184,1632.9148217628797,-0.0,1065.0765071012938,246.6297638922788,655.0728571428572,55.242733370647706,158.28607818199166
5197,226.3784449242317,454.5169315991492,5.350518650996422,1705.2254104858566,-0.0,1088.7697173193328,245.7129461511421,817.8178125,58.41381134170612,172.13827011655886
5198,232.6179184174067,466.79842985388865,5.834261624936126,1758.8601729914296,-0.0,1082.863249691509,238.46852453715337,948.2602678571428,60.60141825750927,183.01319662384927
5199,235.69397029929556,469.75395255347746,6.205304036791006,1785.4614096421053,-0.0,1047.485727421166,255.72995347335993,970.0302678571428,59.308113734117384,203.24288676335482
5200,233.80446878555873,487.50137834958684,6.399999999999999,1764.2820247298628,-0.0,975.6229395798002,232.16019322220689,936.5777678571428,55.13269169080225,202.99846331061556
5201,226.375723730616,464.79034416159044,6.378349514563105,1702.1791462902736,-0.0,869.060554431106,201.2430228823746,910.8402232142856,47.96224142500374,208.07908549830142
5202,213.18159048060969,431.2874132214934,6.118349514563105,1602.2876673907904,-0.0,731.8269132935568,165.4578895181777,854.7401785714285,38.67012032493892,190.96388189672672
5203,197.903232775567,392.92829085908744,5.8861547831958525,1483.1317629229372,-0.0,581.1932721560077,129.6727561539808,788.3651339285714,29.377999224874106,168.66679159805634
5204,182.58450097879702,384.6704950204234,5.3861547831958525,1375.7598924320182,-0.0,439.4596310184584,93.88762278978388,720.2900892857142,20.08587812480929,144.33536177943677
5205,169.53386224137853,351.0261184787655,4.966154783195853,1282.0422941849185,-0.0,313.1259898809092,63.050884086444,603.7400892857142,10.793757024744476,132.17829639032473
5206,157.48766236636908,320.1136362917093,4.546154783195853,1203.4918532953125,-0.0,241.89234874335995,36.8237721021611,492.59008928571427,3.178858680312162,105.3912692536922
5207,148.1449387629414,292.73947915944996,4.236154783195852,1150.2085697631999,-0.0,156.2927343695315,18.06286836935167,445.9650446428571,3.178858680312162,93.24904673701315
5208,141.46011205249854,271.3091206706378,4.056154783195852,1114.5271074238362,-0.0,90.45909323198228,5.624754420432218,353.6400446428571,0.5784802655794135,69.24730266325953
5209,136.67394865950112,253.3335179368176,3.946154783195852,1097.7118918455917,-0.0,46.22545209443306,-0.0,270.8900446428571,-0.0,60.306715361816146
5210,133.81342555603263,237.2171973693389,3.946154783195852,1088.2758081421402,-0.0,19.49181095688384,-0.0,195.54004464285714,-0.0,42.88419268320895
5211,130.23034610188367,221.71396754589273,3.8961547831958523,1087.3099627055742,-0.0,7.958169819334607,-0.0,124.46504464285715,-0.0,36.77140404077205
5212,127.47958416212256,206.35382846647911,3.826154783195852,1085.636134257475,-0.0,6.424528681785404,-0.0,117.19,-0.0,32.33723166495946
5213,123.92402750923112,189.452971553407,3.6461547831958523,1073.6276419741207,-0.0,1.4908875442361946,-0.0,49.28999999999999,-0.0,14.487688543435556
5214,121.03996048530966,176.89315149939426,3.475329540477406,1063.741614260725,-0.0,-0.0,-0.0,1.5974999999999824,-0.0,-0.0
5215,120.80706036642029,174.26960143512193,3.237910020804437,1081.1755455547327,-0.0,8.723041499397468,-0.0,-0.0,-0.0,4.209556541862975
5216,125.30922208299987,212.99010915041933,3.29605254033141,1124.978580880182,-0.0,38.8455997675889,-0.0,56.45000000000002,2.2900411031354224,-0.0
5217,134.78638962757623,238.38862290735435,3.29414656179283,1197.8002076308371,-0.0,105.13905160123088,-0.0,182.24750000000006,7.501461061716526,-0.0
5218,150.23990150053228,273.32842551455815,3.414115902620628,1301.1299361236809,-0.0,215.67481406624697,-0.0,361.65000000000003,14.25673657471357,-0.0
5219,168.7723146025738,313.44778648854356,3.6619620957734123,1434.8276291890377,-0.0,400.8101335693242,-0.0,561.6500000000001,22.452105815164394,-0.0
5220,188.38794036201386,350.3658391980273,3.9619237718081592,1574.7106163176143,-0.0,550.7167493305236,-0.0,761.6500000000001,30.017683263126735,-0.0
5221,204.4365007495437,378.2819217645573,4.472398943353528,1694.5874476386653,-0.0,687.466360300639,-0.0,954.6300000000001,36.532184496397846,-0.0
5222,214.58921100048127,392.20514334761947,4.598369817139935,1767.8154755661167,-0.0,790.316333694159,-0.0,1097.7125,41.43025710812668,-0.0
5223,215.8750316438904,387.4123723214647,4.54070246915833,1785.4614096421053,-0.0,847.6811220551903,-0.0,1181.2375000000002,44.33445842656576,-0.0
5224,209.39642217088178,366.36572804359395,4.2993968994087135,1754.0879490388475,-0.0,851.1465547244962,-0.0,1186.2200000000003,44.56734577996758,-0.0
5225,196.87667312298888,333.3846795806106,3.910687139572229,1668.460550702023,-0.0,801.8840487680005,9.00962671905696,1120.8600000000001,41.34062379016406,-0.0
5226,179.12100702406136,290.48580643033466,3.3006871395722293,1540.8144504384518,-0.0,712.3504076304513,9.081925343811385,1020.6600000000001,35.44954691383161,-0.0
5227,158.00803253124897,270.43755190438594,2.5506871395722293,1396.8376778453917,-0.0,600.716766492902,4.286247544204322,904.2600000000001,28.45113911988699,-0.0
5228,137.9179458109184,224.5296259314108,1.8406871395722293,1257.3222499113094,-0.0,494.4831253553528,-0.0,788.1350000000001,22.34784404753425,-0.0
5229,120.81632624166663,182.93240785785036,1.2406871395722292,1141.7206176872758,-0.0,405.0494842178036,-0.0,681.8350000000002,17.49577079478354,-0.0
5230,105.04855703572392,144.36232838389972,0.9484924082049764,1031.9110024517092,-0.0,323.21584308025433,-0.0,580.2850000000002,12.707137557655145,-0.0
5231,91.29367560226301,136.8907239675446,0.5284924082049764,944.4151829261912,-0.0,255.18220194270512,-0.0,489.5600000000002,8.403889787144,-0.0
5232,79.2487941688021,105.86421379339885,0.5362976768377234,872.224265502814,-0.0,202.3485608051559,-0.0,410.2350000000002,5.900642016632851,-0.0
5233,69.11295014451393,105.12808296569415,0.3462976768377235,816.1818076247408,-0.0,159.71491966760667,-0.0,335.08500000000015,4.543728787315615,-0.0
5234,59.764414514110605,78.61251996884926,0.4441029454704705,767.9442518488087,-0.0,125.78127853005745,-0.0,266.41000000000014,4.006317369789251,-0.0
5235,50.86338344395878,53.75004771603691,0.34410294547047043,723.6462620102731,-0.0,97.64763739250824,-0.0,199.98500000000013,4.183520485645641,-0.0
5236,55.328899389807006,57.34747625389328,0.4919082141032173,682.631395552297,-0.0,70.61399625495903,-0.0,135.08500000000012,4.224116315282753,-0.0
5237,45.48191484933092,30.43809474511349,0.30190821410321733,625.6027333842724,-0.0,34.28035511740982,-0.0,63.26000000000012,3.437879415516825,-0.0
5238,36.22028437310896,7.912954348834539,0.388062997299071,578.6549205327923,-0.0,12.617849160914105,-0.0,13.465000000000117,2.6122355753176665,-0.0
5239,30.824586367073245,-0.0,0.3321662165121522,579.4859125356813,-0.0,44.35445728054072,-0.0,26.397500000000136,3.1250269134579884,-0.0
5240,32.439744796278426,12.011919293641713,0.7448846174903258,641.686587661763,-0.0,179.847264805908,-0.0,110.42750000000017,5.654081744749822,-0.0
5241,54.36224205076239,44.30537585117935,1.1488447605664622,774.2983360468122,-0.0,330.42501574816094,-0.0,260.14000000000016,9.877680852391284,-0.0
5242,68.9542544820087,92.47149065527213,1.948844760566462,950.9977787795807,-0.0,523.6307858547499,-0.0,460.14000000000016,16.773719376515956,-0.0
5243,86.73505167793708,146.47174935336233,2.6377333655741264,1144.710910465771,-0.0,731.3523257898779,-0.0,660.1400000000001,23.582344065938496,-0.0
5244,104.77256513299362,201.84107118997593,3.3599152766625267,1337.2597342053189,-0.0,939.0738657250059,-0.0,860.1400000000001,28.93984338913521,-0.0
5245,121.08645535691227,249.90333497299733,3.998571382947657,1515.5440173907557,-0.0,1133.8508918204498,7.646308256385133,1057.2800000000002,33.48583284694541,-0.0
5246,131.9236571225024,313.989195031892,4.494647008905756,1651.1978485105008,-0.0,1283.728481685634,43.43144162058204,1257.2800000000002,36.7189469497694,-0.0
5247,146.88240734740924,357.5787378626681,4.687557075333962,1721.0430021715783,-0.0,1413.949711068009,74.61403687619071,1342.5200000000002,38.246020714817945,-0.0
5248,153.3491405620529,357.5787378626681,4.855932093583469,1709.6622586455378,-0.0,1472.4290325116815,92.1559303286482,1350.1450000000002,36.790431908007214,-0.0
5249,141.23275577079744,329.1102452511582,4.492278542229355,1632.6866330012356,-0.0,1422.852114280346,99.27977618733438,1282.2425000000003,32.2646564372982,3.353629769047334
5250,124.17090408654119,288.09617665591605,3.8848666873494375,1506.67519657292,-0.0,1328.4184731427968,97.38783119715757,1174.5425000000002,25.21771066027079,5.537401608183426
5251,104.96468597052571,244.32157077061584,3.1148666873494375,1362.6557771330713,-0.0,1213.5848320052476,90.66189799480001,1114.942455357143,23.96328837199921,3.9572741178162794
5252,87.87636474749506,230.7406742536754,2.3748666873494373,1227.2283746816897,-0.0,1105.1511908676985,83.93969760187271,1002.442455357143,23.560087903329656,2.465700120799408
5253,84.90246919244325,190.56106340125325,1.7448666873494374,1105.6574147871452,-0.0,1010.5175497301493,79.9363577197509,897.842455357143,16.234941983665173,2.77085569331118
5254,69.94913884890958,179.2754111293209,1.4526719559821846,986.441986853063,-0.0,919.3839085926,76.3084598808511,852.4924107142858,9.039072432607796,4.323558442969446
5255,55.50810777875777,169.72703941597638,1.0226719559821846,878.9523291463288,-0.0,878.2502674550509,74.07859740540906,755.2424107142858,9.039072432607796,7.171355546920687
5256,42.8976469666999,135.53958206452978,0.7026719559821846,878.9523291463288,-0.0,846.1166263175016,73.29961901641101,698.3601339285713,9.039072432607796,11.312611789929221
5257,44.192182080714836,103.66450755770107,0.7404772246149316,798.0715650475022,-0.0,780.7829851799524,75.35836164902398,613.5101339285712,9.039072432607796,17.00795607102695
5258,33.583057951211536,100.86243451981744,0.5860961110300021,725.6908009486756,-0.0,720.4493440424033,79.5322319830122,535.3851339285712,13.39202836378998,24.009841213067375
5259,36.30951824688101,71.20116859067977,0.4260961110300022,654.1971517361749,-0.0,663.2157029048541,85.29667206159766,458.9101339285712,17.71815156556912,31.769084823668344
5260,26.035403237880722,41.877280539038075,0.24609611103000228,583.3470599668373,-0.0,603.1820617673048,89.03085673743263,379.83513392857117,21.602827504562462,39.780781257122825
5261,14.533783668628928,38.3704418119187,0.27390137966274924,495.7178363227066,-0.0,529.5484206297556,88.3290885645446,351.860089285714,16.648499819974067,46.74002486772379
5262,4.111578765282065,11.141512706436346,0.03742718446601945,417.9391324049989,-0.0,508.34304027214534,88.26415805625717,293.447589285714,16.648499819974067,54.23408573280328
5263,-0.0,-0.0,-0.0,387.53398850015185,-0.0,498.1653166554666,93.86820632110735,304.41258928571403,20.300867782434032,64.73970694067621
5264,3.599414193196594,39.793497045432126,0.1922049054675521,434.0164329256828,-0.0,548.3294607082232,107.34851060626636,444.1925446428569,25.77683015565768,81.07433095941664
5265,25.811178896250524,73.33370496290385,0.7762774655084308,537.1804170003356,-0.0,654.235673776751,129.29235927564577,641.9249999999997,25.77683015565768,103.90235689693313
5266,48.509312159362054,119.74222883676377,1.5546934082779758,717.2564310526346,-0.0,844.8984486744239,156.9100521454369,828.3074999999997,34.94858631797449,130.42803217995115
5267,74.77479973066275,189.19575135841637,2.3546934082779756,899.3561198939594,-0.0,1006.9181478246466,187.3759637755518,1018.3174999999997,44.24070741803931,157.55100500925326
5268,104.23654601807469,251.21078054074016,3.1546934082779754,1088.697541980069,-0.0,1174.7806408374493,216.58902668268047,1212.1299999999997,53.10387558078812,183.1646888861032
5269,129.85731440917738,310.09946988471074,3.954693408277975,1272.9202591338026,-0.0,1329.1719583999313,242.29743057583585,1386.3024999999998,61.18100111795377,207.06526822217091
5270,151.4840140507911,357.93465776157075,4.754693408277975,1496.1029353390657,-0.0,1452.9923421276958,265.34111037400464,1524.7124999999999,67.53565382597543,227.32766937272237
5271,165.3545746195336,388.3152767463685,5.23159427695452,1590.3300774059737,-0.0,1522.956365372651,281.7548767572339,1600.0,72.24328520578263,241.8260350554106
5272,168.36742597066927,394.34005466132106,5.473421052631578,1607.582745118732,-0.0,1524.521355080018,286.2810669135753,1594.8475,74.33696880051852,248.46520297593284
5273,160.01123687512865,372.1200843206942,5.204823709759836,1538.7285558262865,-0.0,1460.8015624475681,281.5799009990309,1514.4925,74.33696880051852,248.24135754595903
5274,143.12143464161798,332.7112988362583,4.64,1418.8310293544753,-0.0,1395.267921310019,268.4441446139621,1399.0425,71.23151390001128,242.5877713052984
5275,123.82810429808431,306.52273063663256,3.8899999999999997,1274.8551673577897,-0.0,1268.5342801724696,252.05180669647686,1326.9674553571429,66.49678263089694,233.6784618113129
5276,105.28400753009004,290.52445624219615,3.1599999999999997,1134.822862804267,-0.0,1186.9006390349205,268.557995856645,1202.0674553571428,64.8756537496088,224.51342906400254
5277,88.74163977738365,249.22008963478208,2.51,1009.294549756511,-0.0,1113.2669978973713,255.26939074858998,1095.0276785714282,61.88970066089244,216.59594349383866
5278,71.82349647971364,236.63587303016675,1.9,875.8128750613098,-0.0,1039.333356759822,240.21654202560373,1034.352633928571,58.440354858395345,209.27518749320345
5279,69.0038071386922,197.18437775738676,1.43,750.0996174402451,-0.0,932.9997156222728,226.76172866607524,922.6776339285711,55.85444907152057,204.20361388495039
5280,55.062757827534355,159.9178874517287,1.1099999999999999,638.4725641091319,-0.0,878.6660744847236,214.87665990379628,875.427589285714,61.55980124770802,201.633675491933
5281,55.062757827534355,152.7129728819425,0.8399999999999999,533.1010427384812,-0.0,790.4324333471743,204.95190548336407,777.927589285714,60.59833185287383,200.66700752938695
5282,55.205153352522075,118.55791824360142,0.6099999999999999,429.5375043793635,-0.0,704.2987922096252,194.69689566018135,739.1525446428568,59.50030247366195,200.14625152875172
5283,42.2583102553946,84.13143787218716,0.42999999999999994,330.5997362475938,-0.0,619.0651510720759,183.6022001788454,644.2775446428568,58.53399310226123,200.073042705263
5284,29.888579385785313,49.60114892308185,0.25,228.39663195107963,-0.0,541.415477109317,172.09237699613422,547.6775446428568,57.41890555046254,199.09492823606723
5285,15.602110380385142,12.649194963017175,-0.0,120.10641276823944,-0.0,448.1818359717677,156.81457738906153,446.32754464285676,55.63553800647501,196.3545496526039
5286,3.8212379905618956,10.451691234118249,-0.0,31.138433407361134,-0.0,412.76216414711934,175.728676963737,374.8125446428568,53.90350253942639,193.53427138649803
5287,-0.0,-0.0,0.03245273377618796,-0.0,-0.0,431.327274662288,168.339676141851,374.7225446428568,53.455286573430655,193.92904007119495
5288,5.477766507476602,15.246660846321067,0.3459478794072558,31.58940259423364,-0.0,469.8627955117011,166.87049108662427,512.0524999999997,53.07405817009402,197.23916212645878
5289,22.95479529720458,50.35783820708025,0.9673122125702599,131.755328858635,-0.0,608.7974304372366,171.76683455263887,650.2474999999997,54.130074688462614,204.51924792934057
5290,45.70862885277549,100.47045283415254,1.7673122125702596,285.45273540683036,-0.0,736.1602053349095,207.5519679168358,850.2474999999997,55.945893456788944,215.51326754841108
5291,71.32828932109942,157.60406187690387,2.5673122125702594,464.1686187641327,-0.0,920.1369898147505,223.48277731100717,1050.2474999999997,58.381837868431404,228.47173191318373
5292,96.9758266235738,214.20272468681907,3.3673122125702593,687.3512949693959,-0.0,1064.699402289019,259.26791067520406,1250.2474999999997,60.09475867947457,241.2617428436233
5293,126.43757291098574,264.0142361838013,4.167312212570259,857.0607910206319,-0.0,1198.1476843733178,268.12574540730907,1424.1224999999997,61.87734264609323,253.63405000733775
5294,143.54704959459104,301.8291939538581,4.861849770056207,990.3228441402798,-0.0,1293.2393240899373,269.7907065569862,1548.0149999999999,68.85297290570527,261.27033679807374
5295,151.3361682037738,319.99334656866444,5.516323408642965,1060.3212590730766,-0.0,1374.2603118567092,264.05424722584314,1600.0,74.33696880051852,262.1930541876872
5296,161.7510065416919,341.1066368806889,5.540771543543322,1049.874504399015,-0.0,1385.753723421084,249.2150977626588,1573.9025,70.54935986849048,262.1930541876872
5297,148.1277601593568,338.85644475825524,5.240763878750271,956.2553280620934,-0.0,1325.8053075852906,224.70165691570787,1526.2024553571428,63.97574550814621,259.0559503064317
5298,127.71235977286892,295.4128646530293,4.633352023870353,814.7412740911101,-0.0,1186.0716664477413,195.37650956796722,1436.4536160714288,56.365639838438824,249.11511113436455
5299,117.94628814677787,248.3742208463957,3.9352224614935407,654.106237748464,-0.0,1033.638025310192,195.5575513803947,1289.4536160714288,53.9979666495541,235.05137894899792
5300,96.98926712428977,233.77452071888612,3.2152224614935405,503.5721120021923,-0.0,890.7043841726428,166.879751773322,1201.8285714285716,44.921977325020336,220.43028829507074
5301,79.06014299478647,194.06657487742336,2.5752224614935404,484.1017403624928,-0.0,760.0707430350935,173.58161873309723,1120.8785267857145,36.924042549491645,208.11083285637923
5302,61.840448607189224,185.04305623797887,1.9852224614935405,471.31848360911937,-0.0,633.3371018975442,148.59812168005203,987.8785267857145,36.066143917423155,182.4433023672629
5303,59.713450872282934,150.08487111862993,1.5252224614935406,364.39416206712974,-0.0,558.703460759995,124.55607845804809,861.9535267857145,36.642408932369875,159.84294163812118
5304,46.47106487857053,146.53778317938057,1.1852224614935405,284.7043679885396,-0.0,495.5698196224457,103.59321008869642,801.6534821428573,30.973797827289882,154.87254265649992
5305,34.60233308180055,127.99756782335496,0.9352224614935405,309.7775537920032,-0.0,396.0361784848965,114.06462518206693,748.5284375000002,25.49301582803119,153.63484797959217
5306,23.600909678915414,98.91438767112794,0.7452224614935405,232.36611736368752,-0.0,301.3025373473473,114.06462518206693,697.603392857143,20.146397475787715,140.8227888731769
5307,13.465065654627242,70.73668110755135,0.5352224614935406,158.04669792383888,-0.0,251.9688962097981,93.39782753963078,646.0783482142858,14.98027731175337,143.68496826095725
5308,3.5923055691875385,43.771586732234965,0.36522246149354065,96.63309118250574,-0.0,164.73525507224886,104.9389872302508,595.8033035714287,9.689768057520043,146.04551243350193
5309,6.718980272229685,17.10505668960156,0.1452224614935407,145.26636192830432,-0.0,114.00161393469965,81.79478290805041,537.7282589285716,11.034407668338796,133.34162940326502
5310,-0.0,-0.0,0.03239415285787384,108.95959684287419,-0.0,36.23914824747108,58.19689359877567,500.11821428571443,5.378815673462795,134.5772979652771
5311,3.039339321139831,6.694069942863518,0.16108091831520643,120.35078766491138,-0.0,37.53316385085336,39.91959543110419,445.84321428571445,1.2810800394348991,124.54416257861133
5312,17.16813148052365,37.139268025541085,0.5483420322651296,174.057264254765,-0.0,69.01232421745718,24.37626743400192,488.87566964285725,4.672926145567976,130.7073307157355
5313,31.122020953362394,81.47451650725668,1.1047702387035554,255.63421208861556,-0.0,132.4624184187786,13.527500802592677,566.5881250000001,2.1118865114830143,124.99447742258077
5314,51.73319781994797,134.49296208724925,1.76166344258705,355.62769454182455,-0.0,177.24081366930625,13.527500802592677,669.770580357143,7.404401730849686,134.6955181004779
5315,73.98930629792817,185.91451230468087,2.3297344696693187,436.58502758621006,-0.0,224.11916865056668,8.186411508787145,711.950580357143,11.997954653037521,146.164251393992
5316,92.0790276663532,232.10610458391238,2.760633805387254,487.65330281523563,-0.0,285.6835543189263,-0.0,734.490580357143,16.68385923969348,158.21044321508384
5317,113.41780926191734,267.17206289476326,3.339698655011314,524.0516784021859,-0.0,333.1339706743851,21.69996334358887,799.8855357142859,20.71560061744892,171.1601665069578
5318,117.17903721792077,285.30894106189,3.477672594714942,539.5539305091615,-0.0,348.8991214588209,4.897563063417341,829.2579910714287,23.15144418352272,168.44437202199262
5319,122.25805199729434,285.7356652548136,3.4464794419300673,524.0828623309317,-0.0,303.63605173258486,16.55199101441426,765.4679910714287,24.155185968547094,177.79182366518506
5320,109.83342314354518,270.5923148394685,3.224588792977589,475.2811173390129,-0.0,235.71625910013498,25.389386057770672,670.3879910714288,16.060777537322473,168.80846120821346
5321,101.46924175347678,244.8391457662266,2.8792924209796333,401.3727558088308,-0.0,196.5682056877461,32.460443908241274,605.0754464285717,13.193114623452669,155.0649237344814
5322,88.94209752864607,211.74356290089406,2.3492924209796335,307.31741281708366,-0.0,150.23456455019686,9.573214045765837,528.1504017857145,10.02563064193432,137.19387094426992
5323,73.58668231910325,176.73844865709,1.9570976896123806,209.26389101808562,-0.0,58.30092341264765,12.198035363457763,448.45035714285734,0.7335095418695063,115.09338427981626
5324,60.10684648815738,145.2692766234649,1.4070976896123808,125.50329680392906,-0.0,24.667282275098444,-0.0,374.9753125000002,-0.0,90.64220594305668
5325,49.12740298994483,117.82486034483169,1.1649029582451278,68.52764716308101,-0.0,6.7336411375492276,0.2090373280943041,256.07531250000017,2.0297966888646286,79.85885117486193
5326,38.525464051983775,92.75543909907658,0.7649029582451279,25.101367663911503,-0.0,-0.0,-0.0,140.40031250000015,-0.0,68.4476977476607
5327,30.4319922651015,72.41458218600445,0.43490295824512787,2.993785976931491,-0.0,13.666358862450778,-0.0,93.75026785714299,-0.0,56.818556952867034
5328,24.376791462931344,83.8738653414872,0.5027082268778749,-0.0,-0.0,39.468205687746114,-0.0,59.400223214285816,-0.0,46.63205768951284
5329,19.52428226687634,69.48443416148827,0.4027082268778747,4.497320415160999,-0.0,36.034564550196905,-0.0,37.150178571428654,1.2154186646898424,24.392577730026794
5330,15.34446467693649,54.819290114952736,0.30270822687787463,11.756149179552523,-0.0,34.00092341264767,-0.0,24.900133928571492,-0.0,17.77324822664719
5331,11.466572268651179,41.356289635148904,0.24270822687787458,12.93967388466504,-0.0,28.367282275098447,-0.0,15.600089285714333,1.70564410787361,12.419453268006503
5332,7.965221829790103,26.237337010922303,0.1627082268778745,15.652960322892028,-0.0,17.433641137549237,-0.0,8.85004464285717,1.70564410787361,7.432828069340404
5333,3.056562997044182,11.054575809004643,0.042708226877874414,-0.0,-0.0,-0.0,-0.0,-0.0,-0.0,3.0625550230310594
5334,-0.0,-0.0,-0.0,-0.0,-0.0,-0.0,-0.0,5.654955357142832,-0.0,0.13392369301025475
5335,1.2495911518281746,-0.0,0.0854011241696474,-0.0,-0.0,-0.0,-0.0,-0.0,-0.0,-0.0
5336,-0.0,-0.0,0.22220490546755234,-0.0,-0.0,-0.0,-0.0,-0.0,-0.0,-0.0
5337,4.208108258740882,-0.0,0.5460602963719978,-0.0,-0.0,-0.0,-0.0,-0.0,-0.0,-0.0
5338,13.722198194478572,-0.0,0.9422636688809398,-0.0,-0.0,-0.0,-0.0,45.43999999999983,-0.0,-0.0
5339,26.93837669460455,-0.0,1.4386995401124163,-0.0,-0.0,-0.0,-0.0,245.43999999999983,-0.0,-0.0
5340,41.2613615921403,-0.0,1.996545733265201,110.63721555054127,-0.0,-0.0,-0.0,445.4399999999998,0.2691706256597701,-0.0
5341,55.55483623200442,29.119765385025268,2.5123198773633124,318.96456894573294,-0.0,181.05504396541028,-0.0,645.4399999999998,8.289623482982671,-0.0
5342,67.81517556523067,85.26082030152432,3.1218165559529902,513.255205075094,-0.0,388.7765839005383,-0.0,832.7849999999999,16.521314689790707,-0.0
5343,75.4166295591749,128.01475565106603,3.5579075114971905,657.5885940685848,-0.0,542.6742080137755,-0.0,957.8824999999999,22.809358902588887,-0.0
5344,76.97059272169219,149.499498097112,3.78294839039346,730.9736254195558,-0.0,614.5870497871956,-0.0,995.875,26.065043622396953,-0.0
5345,70.83028416769224,147.61770824638396,3.6574118548799186,718.7277432348119,-0.0,597.7437324241423,-0.0,945.92,25.77959181272078,-0.0
5346,57.17913096194628,129.58586441903566,3.2100000000000004,641.7479887108886,-0.0,526.9437324241424,-0.0,859.6949999999999,22.59579855215891,-0.0
5347,40.59325494034559,107.90544632476056,2.5900000000000003,548.9464554653839,-0.0,444.34373242414233,-0.0,761.745,17.81200529159704,-0.0
5348,25.216808660650937,88.51050181913588,2.0300000000000002,456.72713500406417,-0.0,374.24373242414237,-0.0,667.895,13.406266580040237,-0.0
5349,21.543250153438095,70.93293519100716,1.5300000000000002,371.96026559381494,-0.0,316.24373242414237,-0.0,580.9699999999999,9.82736059788648,-0.0
5350,17.98969164622525,55.82845930691099,1.0900000000000003,297.80719189361423,-0.0,257.24373242414237,-0.0,496.0949999999999,5.9557855333448995,-0.0
5351,16.49882474512756,43.127313444733545,0.7500000000000002,244.45103728402154,-0.0,209.24373242414237,-0.0,417.16999999999996,3.01104319820636,-0.0
5352,16.772574631799564,34.18783259351545,0.5200000000000002,210.3046868787109,-0.0,174.8437324241424,-0.0,348.695,1.4077481258536202,-0.0
5353,8.111707730701873,27.36620817556566,0.3600000000000003,184.43256624605223,-0.0,148.34373242414242,-0.0,284.37,1.0459003162866778,-0.0
5354,0.4889156479496499,21.116966602233738,0.2500000000000002,163.3079945623231,-0.0,126.34373242414242,-0.0,219.26999999999998,1.6035543185106014,-0.0
5355,3.2388151713125772,15.6722514402514,0.16000000000000014,145.72207821961595,-0.0,105.74373242414242,-0.0,154.195,2.6099865011325014,-0.0
5356,6.110443709963384,9.084445534236508,0.06000000000000005,126.7659236100233,-0.0,85.14373242414243,-0.0,89.37,3.196916871963532,-0.0
5357,4.2068573240857985,1.2204581401565022,-0.0,96.47727547819258,-0.0,59.94373242414242,-0.0,27.394999999999996,3.4009527172229617,-0.0
5358,-0.0,-0.0,-0.0,80.67894487836477,-0.0,52.07199320408142,-0.0,-0.0,4.4855970080284076,-0.0
5359,6.192951364879466,-0.0,-0.0,139.67094077893955,-0.0,115.69920698307408,-0.0,-0.0,7.9243987882150915,-0.0
5360,23.388771663081574,-0.0,0.7999999999999998,286.05736555686735,-0.0,255.71108229408225,-0.0,-0.0,14.4485153398712,-0.0
5361,49.228210082086974,-0.0,0.7999999999999998,494.0298927219625,-0.0,459.8935290164036,-0.0,108.11500000000001,23.58003771890245,-0.0
5362,78.68995636949892,-0.0,0.6726469085334692,717.2125689272257,-0.0,667.6150689515316,-0.0,308.115,32.872158818967264,-0.0
5363,108.15170265691086,-0.0,1.472646908533469,940.3952451324889,-0.0,875.3366088866596,-0.0,508.115,42.16427991903208,-0.0
5364,137.6134489443228,56.780569859686494,2.272646908533469,1163.577921337752,-0.0,1083.0581488217877,-0.0,708.115,51.4564010190969,-0.0
5365,167.07519523173477,126.2340923813391,3.0726469085334687,1386.7605975430151,-0.0,1290.7796887569157,-0.0,908.115,60.74852211916172,-0.0
5366,196.53694151914672,195.6876149029917,3.8726469085334685,1592.7592478006413,-0.0,1483.3478037429315,-0.0,1108.115,68.7708289677137,-0.0
5367,217.85946300047587,251.82912145962732,3.403193663771077,1731.4721384104676,-0.0,1613.8595582461382,-0.0,1246.1,73.65624321018433,14.39474433330679
5368,227.45454332784047,281.64872726766725,4.043755748594787,1785.4614096421053,-0.0,1661.7723194810242,-0.0,1291.2524999999998,74.33696880051852,36.31116403189596
5369,223.3215476171844,281.9692976866644,4.17292284108329,1745.7120090744922,-0.0,1621.9718362498181,3.8895874263261447,1248.3925,70.28604507818937,50.177368242666915
5370,210.2478624896779,264.945628173244,3.37292284108329,1666.350740006921,-0.0,1532.8718362498182,4.49548133595286,1162.5674999999999,63.5829865150446,56.99724075229977
5371,193.90330490962577,242.43975635880614,2.89292284108329,1555.9299474731206,-0.0,1428.4718362498181,1.4561886051080606,1065.0674999999999,55.70915701866534,58.992585033397496
5372,178.5464480561918,220.7193581330187,2.20800459887583,1463.253622978858,-0.0,1330.6718362498182,-0.0,967.9925,48.39383295765868,58.70604261739955
5373,164.30344156606688,199.76348631858082,1.7880045988758302,1368.0803950215843,-0.0,1241.3718362498182,-0.0,876.8675,41.46873433983579,57.59006632715945
5374,149.2565847126329,177.5552415937689,1.3480045988758302,1273.5378237662026,-0.0,1155.3718362498182,-0.0,788.2175,35.43874844360479,55.44792659314854
5375,135.38913936009894,156.90652824742847,0.9980045988758303,1186.1161206360277,-0.0,1080.2718362498183,-0.0,703.6425,30.60143162976161,52.73534666869169
5376,122.20090934209836,138.696628445901,0.7880045988758303,1109.820187733201,-0.0,1014.9718362498184,4.024992277931268,630.0425,30.60143162976161,51.05723219949593
5377,109.27554885557358,120.51363790034101,0.6280045988758304,1040.5362293476737,-0.0,951.3718362498183,15.904756521546204,559.4175,28.303118439500174,51.13157055315368
5378,96.1088334454882,103.22946089959399,0.4980045988758305,966.2731390873533,-0.0,910.2381951122691,27.978823319188642,487.89250000000004,26.646252512024535,52.62226105916818
5379,83.2409592782089,85.85528389884698,0.3980045988758304,895.3447126622885,-0.0,847.9381951122691,40.271750627636585,419.64250000000004,25.260110215941793,55.93257414801079
5380,70.4677018986993,68.29848477559591,0.2880045988758303,826.1429670609463,-0.0,804.3045539747199,51.430689723903775,350.36750000000006,25.260110215941793,59.562509819681495
5381,56.12906130695939,49.403350663304195,0.1180045988758304,754.259008675419,-0.0,747.0709128371707,58.13481546064248,274.94250000000005,22.342295213889486,63.8120680741803
5382,44.14790656381315,37.48382070313809,-0.0,700.498771940507,-0.0,703.4512410125222,65.68130743674365,227.00750000000005,26.8399379870837,69.67503728922543
5383,51.25372874462255,46.0411031993488,-0.0,709.5388906582768,-0.0,689.6928670663546,78.96853451269652,253.37000000000003,33.03494346896372,80.51972317830236
5384,66.59686599247708,76.73353314097693,-0.0,792.119958984227,-0.0,742.4620290533169,99.08311765953516,359.13500000000005,32.90823781848327,94.30125871576425
5385,78.63538814288894,125.96576232626894,0.13942514052120725,932.1016108861277,-0.0,850.0874709845542,125.07076963184159,533.5025,34.07951760387863,112.05142894703226
5386,107.49670281716641,187.70082992013607,0.9394251405212071,1112.7268318355777,-0.0,1013.8859434370195,157.59796744240143,733.5025,36.60206264089133,134.112591285998
5387,136.95844910457836,252.51441148498054,1.739425140521207,1305.9650596349866,-0.0,1180.6390421091883,191.7525726621591,933.5025,45.894183740956144,157.4838715944822
5388,156.0571157358424,314.0390779457655,2.5394251405212067,1481.2761530001217,-0.0,1333.7349749132045,221.4975316623811,1133.5025,47.39013423702654,181.67420728405983
5389,172.09239670445808,369.7136198181564,3.3394251405212065,1634.300473479013,-0.0,1494.2117996623126,249.1976807655102,1333.5025,56.18764497914202,203.4649525098167
5390,192.72189216244365,413.6519710667413,4.098313745528871,1742.7813459073543,-0.0,1592.4942061153668,270.1953571595981,1499.8375,63.74883964485983,219.2326688422544
5391,200.46693359099194,440.0359054168904,4.619685743484926,1785.4614096421053,-0.0,1661.7723194810242,284.1650433866232,1594.055,68.88569824173952,230.62682227462244
5392,203.46869990003765,443.0505956660029,4.8040137966274905,1746.756966325513,-0.0,1661.7723194810242,286.2810669135753,1600.0,71.13312607487075,236.380287909719
5393,184.13584456598173,417.51898018290433,4.525416453755748,1655.6198885263207,-0.0,1615.923903645231,272.7925769507108,1515.9375,69.25443522875199,235.0925205896854
5394,166.32837755449071,375.27063438844266,3.93800459887583,1503.822596928322,-0.0,1519.6902625076816,248.71674198018033,1388.0375,64.43930037511171,228.12585262713935
5395,148.09830907516616,331.25127274815054,3.20800459887583,1315.830443175424,-0.0,1367.9566213701323,221.78805828666364,1251.7875,57.89977643127245,219.20836705697548
5396,131.3278665041143,289.4778533180373,2.51800459887583,1133.7649702462488,-0.0,1221.6229802325831,208.59002903490932,1117.3125,52.11391794623927,210.37452933445485
5397,106.32147046273819,252.48918964291607,1.94800459887583,999.1606062330917,-0.0,1129.489339095034,184.90279917243387,990.0125,47.58661219842029,202.11779859863478
5398,82.72969120913177,216.57028668990864,1.4380045988758303,867.047348612027,-0.0,999.5556979574848,160.58531390720793,865.0375,42.849579195626674,193.09553331807578
5399,61.22791195552535,184.56328802574671,1.0480045988758304,725.4472118475961,-0.0,884.5220568199355,172.56635571963542,748.6375,39.4686552908432,186.57163282228112
5400,51.912478504976505,156.08224150600756,0.8080045988758305,601.9648622989803,-0.0,827.7884156823864,156.96399815578474,641.0625,37.06822957426886,182.45917883313618
5401,43.57050308500343,129.54738640857735,0.6380045988758306,515.8307365527086,-0.0,739.5547745448371,142.53708263515605,596.5874553571429,34.68246569291887,180.61389460396583
5402,35.284677301721274,104.06681844461055,0.5180045988758305,438.8708405790889,-0.0,657.9211334072878,161.11242700161105,555.5624107142856,32.67964363898206,180.28169209668087
5403,27.404038564302766,77.97482474757055,0.4180045988758304,365.08916588388774,-0.0,578.1874922697386,147.47038377960712,456.48741071428566,31.223156126239168,180.86093609604563
5404,18.87762428192064,51.803548884189055,0.3180045988758303,262.1463822726684,-0.0,516.2039972041612,166.35142559203462,358.98741071428566,30.07883950767497,181.29099770302824
5405,8.259088651517315,22.72513442119778,0.1180045988758304,171.72023953792976,-0.0,425.270356066612,152.64906802818393,255.83741071428565,28.422304693090485,180.00634237288978
5406,-0.0,-0.0,-0.0,100.10425123666957,-0.0,392.92210130788726,141.65522406602506,183.69241071428564,27.719498292807376,177.58604154622736
5407,-0.0,-0.0,0.15786152273888598,99.44073044470872,-0.0,419.6585886197124,140.46795241606964,192.62491071428565,29.360126456301764,177.4318891371932
5408,1.7263530075355717,26.510123756539553,0.5971180378129786,176.99980118247692,-0.0,516.8940289305912,151.34178958456909,341.20986607142845,34.21568410109561,179.96995834733195
5409,23.52059914489791,52.57826948372637,1.3294200306591712,330.82706983951243,-0.0,679.785749185745,173.4830866141516,506.79236607142843,41.67242628300444,187.06654479843894
5410,44.359939430710284,118.3295126632518,2.129420030659171,543.7232773883918,-0.0,850.8483227370821,203.61705505825086,706.7923660714284,50.96454738306926,197.6164812878158
5411,67.02948948421255,187.7830351849044,2.129420030659171,766.905953593655,-0.0,1033.9676997331674,232.13685530221838,906.7923660714284,59.32123469392421,209.16703087506113
5412,91.21409867883068,257.236557706557,2.3786663260091983,990.0886297989182,-0.0,1241.6892396682954,258.3696359435865,1106.7923660714284,67.21882051624291,223.28501152093213
5413,120.67584496624262,321.859471872123,3.178666326009198,1194.5804468695367,-0.0,1403.0374009447928,277.33692281928097,1306.7923660714284,71.85346424347398,236.07338697779574
5414,145.28852311984824,372.58234595447516,3.978666326009198,1350.9190083100514,-0.0,1525.2003771888017,286.2810669135753,1458.4048660714284,74.33696880051852,248.6582301888564
5415,155.7390660891144,400.55890280870875,4.452506387327542,1431.356532564064,-0.0,1622.6212844170393,284.05011665671543,1537.6748660714284,73.20552620247665,257.6460366356035
5416,155.7390660891144,402.63275775559123,4.5382447623914155,1426.934520268891,-0.0,1604.1003642451087,268.8165095645148,1537.6748660714284,68.5905691171642,261.3609150656851
5417,138.87580071469338,380.20709875765857,4.3274118548799185,1349.5907127939076,-0.0,1516.0519484093154,275.1513465464689,1442.6823660714283,61.925747617407986,262.1930541876872
5418,122.94104355032353,340.5308766614409,3.71,1209.73389772968,-0.0,1413.3183072717661,240.86942120265752,1303.5323660714282,58.59721995762978,257.51483085997353
5419,105.82195590283226,300.0957822861245,2.98,1052.9037634891747,-0.0,1292.2846661342169,234.52374395811054,1153.7323660714283,54.58819410964245,248.59082150566093
5420,89.7107651483258,261.4792522434911,2.29,906.9131951860661,-0.0,1172.3510249966675,228.77610207702133,1061.6073214285711,50.95233553225207,235.63750421241807
5421,76.24458351432236,227.58176508931302,1.7500000000000002,780.144405604539,-0.0,1016.5173838591184,223.06794939043115,920.6073214285711,41.66021443218726,233.47175900588005
5422,53.81859804668558,195.45760795705368,1.2400000000000004,658.3796075287784,-0.0,860.3837427215691,214.40301870777023,780.1073214285711,39.19757042723543,215.45315903852207
5423,44.19164998822153,166.5091636913309,0.8700000000000003,545.8405796803657,-0.0,712.0501015840199,178.61788534357333,646.1073214285711,30.299824859073116,211.9646467539965
5424,36.234505763390814,140.42929369253497,0.6000000000000003,447.9708795024641,-0.0,571.7164604464707,169.7225027945077,577.8322767857139,21.770406584941234,195.45598401336449
5425,28.81889438748133,114.47085936105603,0.41000000000000036,355.8576218813994,-0.0,476.5828193089215,133.9373694303108,456.05727678571395,17.676415225822492,194.2019371841
5426,22.06577845132034,89.6552864299673,0.29000000000000026,270.39681531140525,-0.0,385.7491781713723,98.15223606611389,394.8322321428568,9.40070971233829,193.89870796245333
5427,15.169008318216928,64.42233562138262,0.19000000000000017,194.56668107090007,-0.0,257.0155370338231,62.36710270191698,335.48218749999967,8.535763973707187,179.84086282943915
5428,9.145892382055939,38.981767657415794,0.1100000000000001,121.08899788146543,-0.0,172.4818958962739,26.581969337720068,277.0321428571425,7.870818235076085,179.74090403826384
5429,2.645468052010104,14.516673282099415,-0.0,44.71131469203078,-0.0,90.54825475872468,20.088354961542443,220.95709821428534,-0.0,165.8322412976318
5430,-0.0,-0.0,-0.0,-0.0,-0.0,-0.0,19.63533865183927,182.25504464285714,0.6556953285664138,167.8882673167727
5431,-0.0,-0.0,0.38915942769545203,6.444119610066565,-0.0,27.736487311825137,-0.0,189.53504464285714,4.222943954534666,175.9626558383008
5432,6.602642993344723,-0.0,-0.0,114.71013053125012,-0.0,86.48629962827643,-0.0,335.75,10.935346799196992,176.55923973512643
5433,21.56629583899757,-0.0,0.7999999999999998,248.3571099991383,-0.0,202.72105536161342,2.0068445212762356,535.75,20.227467899261807,183.07226705989598
5434,41.10165171696702,-0.0,0.7999999999999998,415.5156081074308,-0.0,357.31241319336266,37.791977885473145,735.75,29.519588999326622,192.4897233292043
5435,61.91578374112857,0.768518848091361,1.5999999999999996,586.3300955316516,-0.0,562.6749867446997,73.57711124967005,935.75,38.81171009939143,203.03085676610556
5436,83.09155100663966,70.22204136974396,2.3999999999999995,775.3604274824345,-0.0,762.5947261641895,85.00767321824645,1135.75,48.10383119945625,213.51818602412519
5437,102.66848611848648,139.67556389139656,3.1999999999999993,891.7363757087903,-0.0,948.7575413311297,120.79280658244336,1335.75,57.39595229952107,236.555180168352
5438,117.85740834359692,197.51545229387062,2.5293765968318844,962.3734386226419,-0.0,1097.0997731497941,156.2882689047821,1500.7575,66.68807339958589,242.33389079206916
5439,126.40670977076925,236.45667118950055,2.766729688298416,1005.5332926273718,-0.0,1151.206711065131,181.22955620915903,1595.9325,67.32030917606731,242.815145428926
5440,130.44304205523048,252.02475050372362,3.088597342871742,995.4732981262398,-0.0,1174.6002837065744,194.28110048219474,1600.0,64.15449656117764,242.815145428926
5441,120.47364083566552,244.49236115908582,3.080945324476239,922.7813350199922,-0.0,1080.523365475239,193.64864626278404,1519.0525,56.6779510865498,240.41770964037548
5442,103.87860025122423,221.1574762589241,2.810945324476239,818.6334135636721,-0.0,981.9897243376898,157.86351289858715,1400.5525,47.38582998648498,231.56227946649912
5443,84.99553903808129,193.22496426913645,2.330945324476239,697.3428452605634,-0.0,868.0560832001406,122.07837953439024,1268.5275,38.09370888642016,204.89323969745902
5444,76.74960829346256,168.38458591183667,1.8209453244762392,587.1363109343888,-0.0,760.7224420625914,113.82287910713207,1140.2275,33.54093404196775,177.91438863700486
5445,70.55695765405895,145.95086759837432,1.4009453244762393,489.9613595340777,-0.0,624.6888009250422,78.53879266312421,1017.8525,27.390347807279664,150.97654389275448
5446,55.27277416573411,124.69452716240794,1.0209453244762394,397.1219825653966,-0.0,496.25515978749297,46.02838008945034,900.8774999999999,18.09822670721485,123.7321582875614
5447,42.16147844989108,106.66580388182368,0.7109453244762393,327.2488523578345,-0.0,385.6215186499437,51.233586931347375,791.1524999999999,17.79657907868128,98.78777268236834
5448,40.22652853710562,90.76112845681665,0.5009453244762393,275.0073050761359,-0.0,333.28787751239446,59.70628683693517,747.2274553571427,11.723175298876356,74.99747511526445
5449,39.28311147324139,76.6431230098909,0.3909453244762392,233.33109395918177,-0.0,295.15423637484525,43.04145383104126,656.2024553571428,7.3107205936481,53.41698883957462
5450,28.90295627358627,62.816313952396,0.3109453244762391,190.67175946166816,-0.0,221.72059523729604,28.497445972495086,569.2524553571427,4.134825872797525,33.952854716241546
5451,28.127791953428144,48.26665342875472,0.2809453244762391,147.01641646992104,-0.0,152.68695409974683,16.70825147347741,487.10245535714273,1.56621476771753,30.01868234042896
5452,16.45031011888216,33.008189294544295,0.22094532447623902,103.42150754077744,-0.0,87.3533129621976,8.288998035363463,405.5524553571427,-0.0,13.759327927491007
5453,12.542239785236207,14.103065116496417,0.09094532447623913,42.82568801525933,-0.0,56.41967182464838,-0.0,376.42741071428554,1.5071156401950445,12.639746553487598
5454,-0.0,-0.0,-0.0,-0.0,-0.0,-0.0,-0.0,373.5398660714284,0.11966173198310504,14.027080400200854
5455,-0.0,-0.0,0.07210015329586095,-0.0,-0.0,-0.0,-0.0,374.2023660714284,-0.0,5.418712238505034
5456,1.0380207520899418,-0.0,0.3912442514052119,41.05553260277216,-0.0,31.940659591420314,-0.0,450.3023660714284,1.394850628504173,15.20484158727879
5457,11.169657807154806,-0.0,1.0263745528870718,149.6828010200268,-0.0,146.0325811929099,-0.0,602.7448660714284,4.5068290535015585,23.70615946212627
5458,28.721786294875077,18.75428544705491,1.3466121614716409,307.4824866159415,-0.0,304.1953560905829,20.340564250106233,802.7448660714284,10.069355881378403,28.131381754753217
5459,49.58606198608649,86.31884475509258,2.1466121614716407,480.8459164160487,-0.0,470.2120122265155,48.1802772331003,976.8448660714284,16.1103052275379,48.32162178747371
5460,70.9606161772585,153.09221760794324,2.9466121614716405,657.5957793686616,-0.0,628.0651914372187,76.69902378997963,1105.6073660714285,21.95532141444184,55.65593967391165
5461,91.05834429908452,213.33807806066008,3.7466121614716403,820.9901096215267,-0.0,795.6992223237467,102.95241215569541,1180.4323660714285,27.71530630004542,77.14570223044308
5462,112.70638479228376,261.2195486032513,4.521149718957588,934.6143076248477,-0.0,920.4052340459386,120.55848461857656,1245.0873214285714,32.11059980759014,81.96065805768315
5463,125.99859386054854,290.06217305456073,5.052169136433315,985.6825077134832,-0.0,979.5407146260847,125.21642295614653,1204.8023214285713,33.91705675485702,83.70323128445668
5464,118.58788660650849,293.9746550275746,5.206497189575881,961.5679110723404,-0.0,953.3630312786731,118.04705231575306,1125.4073214285713,33.11260375972729,93.96849872213606
5465,100.1202383771506,271.6488297610284,4.965311701584056,853.7204587057341,-0.0,868.6147765199484,104.46110019646366,1025.8673214285714,30.012707270995023,97.85887394759365
5466,83.2477804861626,232.33254893052504,4.3578998467041385,697.1972835030788,-0.0,753.6811353823991,88.20628683693516,970.6172767857142,25.885354221334453,95.55539285532319
5467,65.43311346007437,192.59149247654204,3.6478998467041386,541.9550613679655,-0.0,629.44749424485,67.20805500982317,873.3858928571432,20.37994662266881,76.18257891456412
5468,50.14038985664669,157.61708613215268,2.9378998467041386,414.35513695937226,-0.0,513.8138531073007,44.20785854616895,752.4858928571432,14.413589949426498,71.0496639480515
5469,37.228450918685645,128.12576059755204,2.3478998467041388,310.0272720104135,-0.0,413.68021196975144,25.001964636542233,640.2108928571432,9.018004209418681,67.00366725965348
5470,26.08882949511245,102.63013799524417,1.7878998467041387,217.9003176578293,-0.0,321.54657083220224,8.116895874263257,585.9608482142861,3.3346366654311517,63.45440014078412
5471,17.64172175229377,81.25021832522906,1.3378998467041388,144.8218228505491,-0.0,249.61292969465302,-0.0,485.1858482142861,-0.0,62.057585844768255
5472,11.88616509940233,66.00267156558799,1.0278998467041387,98.88253306768823,-0.0,200.87928855710382,-0.0,392.6858482142861,-0.0,48.9110612830919
5473,7.937346582301777,53.16631126113394,0.8478998467041388,62.29787644162403,-0.0,168.74564741955461,-0.0,307.2108482142861,-0.0,51.938775215611166
5474,5.273341019337576,42.67542454533032,0.7078998467041389,41.59235169035284,-0.0,144.4120062820054,-0.0,279.51080357142894,4.911461366554793,58.909004744258
5475,3.4943445768763874,32.30429855164053,0.577899846704139,24.44418009229318,-0.0,121.0783651444562,0.5387530881152642,251.11075892857176,6.3483585493732,67.96275618523617
5476,2.482282436572743,22.535076846796265,0.41789984670413904,24.44418009229318,-0.0,95.64472400690698,7.308890612673224,224.98571428571458,10.445252684386833,77.06896044906786
5477,0.7929119023842519,10.998716542342216,0.20789984670413905,-0.0,-0.0,56.51108286935778,8.631680396563212,195.5356696428574,12.600746858456262,69.59275014252555
5478,-0.0,-0.0,0.03107307102708229,-0.0,-0.0,17.862948918434547,6.329001274221149,177.36562500000025,12.600746858456262,74.82354114687496
5479,3.396814923638898,-0.0,-0.0,-0.0,-0.0,-0.0,4.0172310977647,185.32308035714308,13.089655452254192,82.07400088852661
5480,1.0927285899064483,-0.0,0.1464435360245273,10.929285011758367,-0.0,1.1985503063820033,0.5497447042906316,175.71308035714307,12.194138902490067,80.05047133546552
5481,14.671362882764,-0.0,0.5593459376596828,124.64729345483505,-0.0,68.03908909000083,-0.0,271.2780357142859,10.29664313617566,97.96113911582246
5482,32.92291942206329,-0.0,1.1514154317833412,289.3379475694834,-0.0,212.59295287824577,-0.0,406.4954910714288,7.866219431628879,108.16712209674198
5483,44.13559594806429,69.4535225216526,1.9380684721512509,492.76657940589075,-0.0,401.04633343528474,-0.0,579.3854464285716,6.44328605356576,122.11426957610124
5484,56.66666672384242,124.01063672058366,2.7380684721512507,707.6588412000347,-0.0,567.8284580034688,-0.0,742.6729017857144,5.203325980663472,151.37369785515267
5485,81.8409738515102,193.43356748596113,3.5380684721512505,919.8593107537085,-0.0,713.8538193961717,-0.0,827.5779017857144,5.744619558005434,179.09880891647117
5486,103.08444494592194,249.7537146178866,4.287549821154827,1095.0020765553318,-0.0,807.3513227016074,-0.0,866.2304017857144,6.880787668478556,201.91857203229884
5487,108.22749468712553,289.2037950598686,4.7549233520694925,1208.472653301564,-0.0,857.6208471119742,-0.0,857.9654017857144,7.391012162226874,203.55033363582686
5488,108.36475788282658,303.2181419663331,4.498597342871743,1235.6716081101267,-0.0,860.7910158306157,5.259111284026652,802.3304017857145,6.553188179383971,195.60979293640665
5489,103.17012404624415,291.5014761856366,4.277411854879919,1173.9865124835267,-0.0,805.4334472697914,10.55127701375244,712.3829017857145,5.805754768115602,195.4160331516644
5490,91.25406668133176,262.6159222518583,3.72,1045.951924239678,-0.0,704.5334472697914,9.125343811394877,657.2328571428574,4.549030746164743,176.34498036145294
5491,76.72271624247068,228.3672188397617,3.0300000000000002,898.5648849447587,-0.0,583.1334472697914,2.942829076620818,587.4078125000002,2.0264230693875067,153.19531130461712
5492,64.20733751493988,197.48637186093342,2.39,762.2391903088175,-0.0,471.6334472697914,-0.0,466.33281250000016,0.34526265539606804,129.8735668420997
5493,53.41119236294846,168.42123774864172,1.83,637.5055126613432,-0.0,374.5334472697914,-0.0,413.682767857143,0.134825872797526,120.7949917843001
5494,42.670234256820706,140.59253433654513,1.31,522.4936137354505,-0.0,282.0334472697914,-0.0,308.407767857143,-0.0,98.26016559989728
5495,33.58619221184448,115.72811805791193,0.9100000000000001,416.0381573663948,-0.0,203.8334472697914,-0.0,269.03272321428585,-0.0,92.44385465636522
5496,25.88906622801978,94.00394105716491,0.6400000000000001,328.869815883665,-0.0,142.03344726979142,-0.0,236.4576785714287,-0.0,89.38326696615802
5497,19.383473093116308,74.30785976757235,0.4500000000000002,249.81036800884274,-0.0,92.23344726979141,-0.0,207.9576339285715,3.133501421232909,87.77186166833299
5498,13.784225761270413,55.99129992220746,0.30000000000000027,185.251830730395,-0.0,58.32468975885412,-0.0,180.63258928571435,6.830395556246543,86.71127397812579
5499,8.972482989676024,39.61378296529789,0.2200000000000002,128.0466550993923,-0.0,45.0910486213049,-0.0,96.50758928571433,3.55896239722974,86.05395671838994
5500,4.616515763045253,23.861500319152565,0.1200000000000001,76.3641687863456,-0.0,36.15740748375566,5.633860197019729,70.98254464285716,9.397256493187575,85.79173381294707
5501,0.3188195211266014,8.115409095316181,-0.0,24.581682473298912,-0.0,4.657407483755666,23.810088094858635,47.307500000000005,9.92199807361398,71.27653021137235
5502,-0.0,-0.0,-0.0,-0.0,-0.0,-0.0,45.76099645719738,-0.0,15.273441060592662,73.41086607737344
5503,0.8966568668888897,-0.0,0.3723326520183955,-0.0,-0.0,50.58466153201549,77.30982225128079,62.69245535714283,21.475071149584338,80.31959386051045
5504,12.619891053686658,-0.0,1.0486484414920794,-0.0,-0.0,164.55414567311516,113.0949556154777,122.92495535714285,29.417707987243393,78.01953765501271
5505,33.547007789273245,-0.0,0.5913030148185991,65.27093429311248,-0.0,346.9369950881081,148.8800889796746,230.8078571428573,38.70982908730821,91.86849857812894
5506,62.06627489335588,-0.0,0.41312468063362195,285.05509772033963,-0.0,554.6585350232361,184.6652223438715,411.9953125000002,48.001950187373026,93.02783323509817
5507,91.52802118076782,14.904316692271692,1.2131246806336218,508.2377739256028,-0.0,762.3800749583642,220.4503557080684,611.9953125000002,57.294071287437845,109.27361422830943
5508,120.98976746817976,84.3578392139243,1.4640904445579972,731.420450130866,-0.0,965.2623203343496,256.2354890722653,762.5078125000002,66.58619238750266,112.2740231414923
5509,149.12880872454534,153.8113617355769,2.264090444557997,935.4464708055067,-0.0,1132.2020537326252,278.68889256185827,915.4278125000003,73.27800130350589,116.28692375592914
5510,170.7883456473762,218.79121884633008,2.002858967807869,1091.3940368549747,-0.0,1247.5280191643358,286.2810669135753,1100.3652678571432,74.33696880051852,134.54436769166838
5511,183.01258545472874,261.5590700716588,2.802858967807869,1175.6281375900899,-0.0,1314.0259251624432,283.66615809406727,1167.0602678571431,71.41540865170762,148.34433983938393
5512,182.6799220532296,277.1473200679128,3.2734210526315786,1178.383547347649,-0.0,1315.053138941436,273.2708908645656,1156.0602678571431,67.26817287988231,154.4916325253196
5513,168.1469229246225,261.78057221487694,3.237411854879918,1089.4466955352436,-0.0,1231.952695979497,253.06365978147588,1064.275267857143,67.09647645270873,152.1873360651927
5514,154.09508948137224,228.29166926186952,2.78,953.2253415253374,-0.0,1096.452695979497,223.94028060662322,935.275267857143,58.27429449250583,143.99731450074336
5515,129.25543157578701,194.20418210769142,2.21,811.4711448729246,-0.0,973.4190548419479,193.24145938854858,854.6002232142858,48.98217339244101,132.47622384681617
5516,106.4650254867472,163.62787147445653,1.68,680.6841055780053,-0.0,834.3190548419478,164.69175408402992,776.5751785714286,39.6900522923762,105.36944819204363
5517,86.03636665400127,137.0494073402461,1.23,572.8157640952755,-0.0,706.5190548419479,138.638315970081,708.1501339285714,31.4507648577449,92.69766586581052
5518,66.98175435093108,112.14189038333653,0.79,472.9523247146868,-0.0,581.319054841948,114.82259887774309,586.6001339285715,23.8114774231136,78.81116660245632
5519,59.890029820342704,90.7817513039229,0.44999999999999996,386.4502299930761,-0.0,467.51905484194793,92.48802127459967,471.2751339285715,17.018524529676213,66.61485604768808
5520,44.74195948669675,73.13137294662312,0.26,311.32236504411736,-0.0,390.48541370439875,74.1062923944425,364.7001339285715,12.12068435783071,55.56609267006631
5521,31.05196397139626,56.90694673374608,0.1200000000000001,248.93805753832163,-0.0,301.5854137043988,58.74342402509083,264.8501339285715,8.271622366383177,32.31516620393054
5522,18.067351668326076,42.71442480971459,0.040000000000000036,191.7666351461999,-0.0,228.52982850086133,44.22770693275292,224.9500892857143,4.971338555333614,24.53193737104769
5523,15.210047759140739,29.425711463374167,0.010000000000000009,137.77343403249665,-0.0,146.12982850086132,30.62142009581776,186.22504464285714,2.190556556074923,18.268331120992947
5524,3.46466903160994,16.934854550302035,-0.0,88.12778186772292,-0.0,88.99618736331212,21.849443176304266,92.50004464285716,-0.0,14.3784354918555
5525,-0.0,4.520667615311183,0.010000000000000009,31.63766166341165,-0.0,32.0625462257629,9.362016850174602,55.39999999999999,0.5284682260916085,12.414703306488855
5526,-0.0,-0.0,0.15199540112416962,-0.0,-0.0,-0.0,-0.0,-0.0,-0.0,-0.0
5527,3.3648919029632065,-0.0,0.15199540112416962,-0.0,-0.0,-0.0,-0.0,26.97499999999998,2.233577524077626,-0.0
5528,18.63114176699056,-0.0,-0.0,-0.0,-0.0,-0.0,-0.0,148.01999999999998,-0.0,2.3901162013150543
5529,42.59874460924881,-0.0,0.24250894225856,8.67106282024298,-0.0,149.5586558310381,-0.0,337.91499999999996,0.04913419931624752,11.014140600864364
5530,72.06049089666075,-0.0,0.12480327031170235,231.85373902550614,-0.0,349.3834131847336,-0.0,537.915,2.131833972350817,24.819353335040518
5531,101.5222371840727,-0.0,0.12480327031170235,455.0364152307693,-0.0,557.1049531198616,23.445521606728768,737.915,4.781251641836127,40.934950821148725
5532,130.98398347148463,63.193534408582295,0.9248032703117022,678.2190914360325,-0.0,764.8264930549897,56.81403104072202,937.915,14.073372741900942,59.26068857899163
5533,160.4457297588966,132.6470569302349,0.8678027593254987,901.4017676412957,-0.0,961.1940442712653,87.49262432677372,1137.915,17.424300118860792,79.72889106974621
5534,185.16431553124457,200.6228741037362,1.6678027593254985,1095.9330320485167,-0.0,1119.547827520976,111.23681551399035,1328.7,26.083415585706348,98.1967640634996
5535,200.30079415504773,247.53153440614574,2.4678027593254983,1223.0600674886598,-0.0,1214.4452502878773,124.35496737446468,1450.6125,31.74708570925636,111.1362077069035
5536,203.22890680052524,266.48453380073005,3.0917782319877363,1247.8861758741996,-0.0,1228.243679786458,124.8024388823144,1482.8975,33.12621234746602,118.40923615026556
5537,193.14874542378706,257.2373216669088,3.2354164537557484,1179.0091902673905,-0.0,1154.3146136211756,110.46817288801574,1421.66,30.62967083989865,116.82850029989301
5538,173.6271263879095,228.7746002019665,2.97800459887583,1050.4642363431537,-0.0,1027.4146136211755,88.23163064833008,1317.01,24.53183066805315,109.47845343712149
5539,152.41941190498483,198.22758166931695,2.5080045988758304,908.4250951174324,-0.0,887.9146136211755,63.499017681728894,1203.735,17.390052292376197,97.95958452234575
5540,131.80267825389345,168.95626606896013,1.9980045988758306,769.4571027549711,-0.0,755.7146136211755,43.16090373280944,1090.1599999999999,11.021393885454609,85.2751810628311
5541,113.19307507132626,142.5649405343595,1.5480045988758306,649.1255954205143,-0.0,634.7146136211755,26.683300589390967,984.3599999999999,5.801466357089398,73.08915946487473
5542,103.76606364257563,118.17408362128737,1.1380045988758307,533.95634334141,-0.0,522.5146136211755,13.969941060903736,879.6099999999999,2.257102436683608,60.740873752650785
5543,87.07993673159024,97.25393460762992,0.7980045988758305,434.12756779607685,-0.0,422.21461362117554,4.758546168958745,783.7349999999999,0.1712439516504265,48.93522957186631
5544,73.38766018391392,81.42306776031396,0.5780045988758306,362.08681773344415,-0.0,343.3146136211755,1.4339882121807435,701.7099999999999,-0.0,39.723044530139134
5545,61.7953836362376,68.212200912998,0.47800459887583047,305.94207616504497,-0.0,276.3146136211755,-0.0,629.2099999999999,-0.0,31.743977437015836
5546,50.068490300791595,55.35776476587715,0.4180045988758304,255.30622820455324,-0.0,211.91461362117553,-0.0,557.7099999999999,-0.0,25.14977976288109
5547,38.68428857146074,41.899759318951396,0.33800459887583034,206.9574951303875,-0.0,152.61461362117552,-0.0,490.9599999999999,-0.0,19.214575772542556
5548,27.25912425130261,27.79008886106629,0.2480045988758303,158.6829918288738,-0.0,96.8146136211755,-0.0,425.10999999999996,-0.0,13.940000681235915
5549,14.642605007583896,12.171854070498206,0.10800459887583039,99.09469281731161,-0.0,38.91461362117549,-0.0,360.00999999999993,-0.0,8.32605448896116
5550,3.0724488039027236,-0.0,-0.0,52.029547599357656,-0.0,-0.0,-0.0,320.4024999999999,1.7156506184021683,3.477665660322123
5551,-0.0,-0.0,0.177861522738886,71.13248979912976,-0.0,-0.0,-0.0,349.4099999999999,-0.0,0.9886453919338075
5552,6.344826678847895,-0.0,0.177861522738886,171.67319019614897,-0.0,85.51557279676865,-0.0,442.56999999999994,0.3122387169920158,-0.0
5553,21.596691742608677,-0.0,0.177861522738886,340.1066054040416,-0.0,241.48384885985337,-0.0,593.3074999999999,2.6947624009515243,2.7758449915619416
5554,43.719410076605456,27.15108137736999,0.8889064895247838,556.7406000733276,-0.0,440.03726968615956,-0.0,786.3499999999999,7.615176211314496,6.566746090487254
5555,68.33486774885007,96.60460389902259,1.6889064895247836,779.9232762785908,-0.0,647.7588096212876,-0.0,986.3499999999999,13.790683925578538,12.258682969115977
5556,94.4980042710501,166.0581264206752,2.4889064895247834,1003.105952483854,-0.0,855.4803495564156,-0.0,1186.35,20.939309758904933,18.332677601265324
5557,117.12356117071815,235.51164894232778,3.2889064895247833,1208.228207879296,-0.0,1043.0336898441874,-0.0,1371.5625,26.072518294971864,22.098779758103618
5558,134.91724256619403,297.566603026786,4.088906489524783,1374.2460099293055,-0.0,1193.344679231318,-0.0,1516.3525,30.103446470532493,24.279485532599814
5559,145.27890513357835,340.2537554157667,4.655334695963209,1475.0896841094473,-0.0,1285.999308135639,10.294583122668016,1596.55,31.389122124329838,24.03592360219112
5560,153.6935566461976,355.99934355254135,4.808837506387327,1488.6212564428768,-0.0,1295.8692352386774,24.638399823002302,1600.0,29.130800488626708,19.40208168760929
5561,150.59302171110636,344.4161252623351,4.60800459887583,1408.8947736861312,-0.0,1229.5259178756241,28.19430255402751,1530.13,23.83486411224777,14.695424817484895
5562,137.49539014095404,313.86623539505143,4.010592743995912,1272.315717402745,-0.0,1112.2259178756242,22.570137524557957,1421.3300000000002,16.65273547853302,8.543490868853903
5563,113.73366561036568,279.8701541054589,3.2905927439959117,1116.4455547272662,-0.0,978.9259178756241,13.227111984282907,1301.1550000000002,8.051978649067525,2.7832549087326277
5564,90.16194107977729,247.02621638259805,2.600592743995912,971.1496218244395,-0.0,853.4259178756241,5.4557956777996,1186.3300000000002,-0.0,-0.0
5565,78.819057791995,215.9329964933957,2.0205927439959117,833.6447953137051,-0.0,742.3259178756241,2.218467583497052,1078.755,-0.0,-0.0
5566,68.06385698982484,185.65311656035593,1.5005927439959117,701.7826156497594,-0.0,638.625917875624,-0.0,977.3800000000001,-0.0,-0.0
5567,57.97999287020925,157.52228945001528,1.1005927439959118,580.6373126052541,-0.0,550.425917875624,-0.0,886.3050000000001,-0.0,-0.0
5568,39.76477382703308,131.82622802891038,0.8605927439959119,475.6009031686563,-0.0,482.12591787562394,-0.0,802.355,4.3504649901365315,1.7389730944949093
5569,32.04916245112359,107.98493229704123,0.690592743995912,385.55160861838453,-0.0,426.42591787562395,-0.0,724.505,2.547091370659407,1.7389730944949093
5570,25.345083924135338,84.25387584305824,0.530592743995912,299.09832256234625,-0.0,376.72591787562396,-0.0,653.1728571428566,-0.0,13.957084453580183
5571,18.732734412434958,62.19067582234355,0.40059274399591216,218.52815988686748,-0.0,330.025917875624,-0.0,578.8978571428567,-0.0,26.126013420283293
5572,12.238655885446695,40.635092957011,0.29059274399591206,147.68467803511123,-0.0,283.525917875624,-0.0,503.9728571428567,-0.0,38.188401526043705
5573,4.803810933997822,16.6390315359061,0.0905927439959121,63.58475362651795,-0.0,224.92591787562398,-0.0,422.6228571428567,3.413002118178035,48.839343125154386
5574,-0.0,-0.0,-0.0,-0.0,-0.0,177.71134452371564,-0.0,370.6228571428567,3.413002118178035,59.170991380097874
5575,-0.0,-0.0,-0.0,-0.0,-0.0,183.95297057754797,-0.0,394.9778571428567,-0.0,73.38376628844173
5576,6.544178536619022,-0.0,0.43960909555441985,-0.0,-0.0,252.06496669635766,-0.0,552.0278124999995,-0.0,91.73692283263324
5577,21.976518266707057,-0.0,0.8494915687276459,93.45101758358896,-0.0,382.4903683583278,-0.0,704.3203124999997,-0.0,113.65516003929221
5578,44.89352568170237,-0.0,1.6494915687276457,295.8786316973524,-0.0,564.058040382405,-0.0,904.3203124999997,9.292121100064815,140.3300177146924
5579,71.39682242163127,-0.0,2.4494915687276455,519.0613079026156,-0.0,770.5825561204974,-0.0,1094.0553124999997,11.291721316067472,167.96552710802126
5580,97.57922483235177,66.98431505884862,3.2494915687276453,742.2439841078788,-0.0,978.3040960556255,-0.0,1269.5603124999998,12.90379744003111,195.64315543548747
5581,121.1881660474916,136.43783758050122,4.049491568727645,959.5843627079594,-0.0,1161.7574766126645,-0.0,1402.9828125,13.774158672403123,219.9576678127231
5582,140.20546387344373,201.08638951473822,4.049491568727645,1140.5329412080982,-0.0,1305.8971294724056,5.925408284690711,1482.7628124999999,12.7030076490915,240.34023644562103
5583,150.70240180714498,244.99839921795737,4.5500383239652535,1249.4070490990018,-0.0,1382.6661303822993,25.13789931244193,1494.1728125,15.792778092435167,254.52070474460268
5584,151.00814017968256,263.7462225464664,4.704718957588145,1279.9094208057802,-0.0,1388.9075550897958,33.05304611548133,1451.5678125,16.720159061839503,262.1930541876872
5585,139.14888827087628,254.5428911284317,4.425769034236076,1222.2123472866087,-0.0,1317.7356950619333,29.259528487229865,1363.6178125,15.098092737612271,261.85726221431804
5586,118.78040789686524,227.76749786976617,3.8457690342360755,1111.142746087236,-0.0,1201.1356950619333,17.572888015717098,1250.8928125,10.934132401732425,254.9381414289185
5587,96.41813134918893,199.31329106628766,3.0957690342360755,989.7433831547487,-0.0,1075.3356950619334,5.493909626719059,1190.7927678571427,6.282342960031274,243.27977547786273
5588,75.34990133118835,171.94455785145956,2.4057690342360756,880.327143602821,-0.0,965.2356950619334,-0.0,1079.9177678571427,2.513448043901718,230.73461718400426
5589,60.30881670759151,149.25177678105425,1.8557690342360755,781.8891253293118,-0.0,873.6356950619333,-0.0,978.1927678571427,1.2323349317518737,217.50757219305015
5590,52.08154928041821,127.46756997757574,1.3657690342360755,685.9501964594282,-0.0,789.3356950619333,-0.0,881.0927678571427,-0.0,203.50845179641442
5591,35.96946889910855,107.13408100775574,0.9757690342360757,600.453914436333,-0.0,719.4356950619333,-0.0,790.6677678571427,-0.0,191.15360814645382
5592,31.837958775892847,89.38130987159425,0.7157690342360757,529.9180664758412,-0.0,662.9356950619333,-0.0,707.9177678571427,-0.0,181.95612296505377
5593,28.667785335231713,73.87949584697745,0.5657690342360758,465.629767464279,-0.0,612.3356950619333,-0.0,686.7927232142855,-0.0,174.62090189792127
5594,25.874331789355452,59.408638933905316,0.48576903423607576,412.29391950378727,-0.0,562.3356950619333,-0.0,608.2927232142855,-0.0,168.89876255267419
5595,22.810485910745882,44.58230843218276,0.4057690342360757,362.5500885317625,-0.0,509.8356950619333,-0.0,529.0677232142855,1.8116505739211668,163.93398167598764
5596,18.592789668827226,29.517882219305736,0.3157690342360756,318.32894687769385,-0.0,453.93569506193325,-0.0,445.9427232142855,3.455021155653492,159.07247122977242
5597,3.5695140483116132,11.599408150851481,0.13576903423607567,262.60381371785866,-0.0,388.23569506193326,-0.0,414.5926785714283,3.3593881138040818,153.41096078355721
5598,-0.0,-0.0,-0.0,223.70981398789286,-0.0,338.96395584187223,-0.0,341.6876785714283,2.836180684477193,147.39239854688586
5599,-0.0,-0.0,0.06386305569749606,246.83464240515855,-0.0,346.8627477638572,-0.0,374.9451339285712,3.7352513278488946,144.44816080402111
5600,5.941194358568204,-0.0,0.40253449156872745,339.42139942699555,-0.0,424.38915615750653,-0.0,416.4576339285712,-0.0,145.71956029093087
5601,21.96759024084801,-0.0,1.0146039856923859,508.1131855107436,-0.0,566.771884764698,-0.0,512.3326339285712,3.589214052968037,150.92830946297119
5602,45.58688884410941,69.4535225216526,1.3158840061318364,731.2958617160068,-0.0,755.5397984043782,-0.0,649.2676339285713,3.4415862300431446,159.0249192496555
5603,71.95848625010083,131.26137904187829,2.1158840061318362,954.47853792127,-0.0,963.2613383395062,-0.0,781.1626339285713,4.640660917589743,169.53029564983018
5604,98.52065027852949,200.71490156353087,2.915884006131836,1177.6612141265332,-0.0,1170.9828782746342,-0.0,888.2126339285713,5.5415358893351705,180.7308340859674
5605,123.4073578502757,270.16842408518346,3.715884006131836,1400.8438903317963,-0.0,1364.5078772439326,-0.0,965.2151339285714,5.854727360170095,191.3076953545117
5606,143.65065888673686,335.7924273420843,4.433834951456312,1604.1129878368736,-0.0,1521.8762338455515,-0.0,999.2876339285714,5.0448026468558,198.85780238363296
5607,154.45871699736355,379.20188591615357,4.8375625958099135,1735.652086147525,-0.0,1616.788189695094,-0.0,1042.3325892857142,5.0448026468558,200.0677893338979
5608,155.5161439870922,400.4419583298035,4.983893714869699,1785.4614096421053,-0.0,1651.0153632048193,-0.0,1003.1175892857142,5.0448026468558,196.09390179759325
5609,144.91679203706022,393.80222476154756,4.710945324476239,1751.9791566758126,-0.0,1603.743503176957,-0.0,920.8750892857142,4.3996849436676495,185.46526174543447
5610,136.18911456952182,369.6046780019065,4.040945324476239,1642.9233511864884,-0.0,1504.443503176957,0.9200392927308485,873.6250446428571,2.4282990864924408,170.06779364082837
5611,125.15724859558483,340.97570550919227,3.2609453244762396,1517.3126141946414,-0.0,1391.443503176957,-0.0,763.0000446428571,0.40320046866955295,151.00150348421803
5612,105.35980324305088,313.30173798359993,2.5709453244762397,1412.4558981089426,-0.0,1285.743503176957,-0.0,656.2000446428572,-0.0,132.48626559972482
5613,87.24561975472604,287.93920612532463,1.9909453244762394,1312.8982714268693,-0.0,1193.0435031769568,-0.0,557.1250446428571,-0.0,115.04953525266855
5614,76.65891057763531,262.2526363457159,1.5009453244762394,1198.600168211025,-0.0,1105.243503176957,-0.0,463.8750446428572,-0.0,98.40953447514093
5615,69.75989589416811,238.38155008900145,1.1009453244762395,1108.4793756772247,-0.0,1030.3435031769568,-0.0,378.07504464285716,-0.0,84.17280412808466
5616,64.14490949937063,215.261899499604,0.8409453244762394,1026.944787433376,-0.0,968.4435031769567,-0.0,299.7500446428572,-0.0,72.64424985720677
5617,59.89953077183983,193.3855888663691,0.6709453244762394,955.4439524284081,-0.0,913.8435031769567,-0.0,226.40004464285718,-0.0,64.69759936021852
5618,45.60126427182722,172.8157089333293,0.5609453244762393,883.8204281054843,-0.0,861.9435031769567,-0.0,213.8,-0.0,58.113212977497824
5619,32.11396036264188,153.4358290002895,0.46094532447623926,813.613780402001,-0.0,809.7435031769568,-0.0,146.0,-0.0,51.669832910980915
5620,18.982235832053505,133.58356622263182,0.34094532447623915,743.6506901416807,-0.0,755.7435031769568,9.4869901550638,77.55,2.0320406438528,44.26745916066779
5621,14.26243648311967,111.82130344497415,0.1609453244762392,660.6440424381974,-0.0,689.9435031769568,21.397009801429228,-0.0,0.9141310381173051,35.158544549411964
5622,11.843208739456328,95.81924424006435,-0.0,598.7521085309662,-0.0,639.8574724898576,33.71937004476137,-0.0,7.376493386397893,25.251810311250466
5623,17.991084006668043,101.6231824393694,0.07868676545733255,605.4645219518259,-0.0,650.4990180051557,52.60881911005484,22.855000000000004,6.095474537050736,14.670433577030602
5624,33.002280183064606,130.69833807866664,0.40253449156872745,688.7166320147667,-0.0,728.7395165195073,80.19149475528634,133.18750000000006,14.377358735831285,5.457907455814599
5625,57.23380892156426,181.32749319241196,1.0737787429739396,842.8498284859206,-0.0,859.9220840496303,115.76221185237209,307.8900000000001,15.915763433914885,0.18441083939733838
5626,86.6955552089762,247.46669436445222,1.8737787429739394,1030.7824653291818,-0.0,1034.861132870364,151.547345216569,507.8900000000001,19.016622581566367,-0.0
5627,116.15730149638814,316.9202168861048,1.8737787429739394,1235.8657361453218,-0.0,1219.9856486084564,187.3324785807659,707.8900000000001,28.30874368163118,6.147100291524043
5628,145.61904778380008,386.3737394077574,2.6737787429739392,1433.8454758167902,-0.0,1388.5244960828543,223.1176119449628,907.8900000000001,37.600864781695996,16.343869879646565
5629,175.08079407121204,451.4772257700169,3.473778742973939,1601.4415201361348,-0.0,1528.1922083761986,254.01198321249655,1107.89,38.57882456048601,28.5928761130846
5630,198.7414988403786,504.2659650941127,4.2737787429739384,1729.2408656286686,-0.0,1625.7176100381687,276.7888482554585,1275.1975000000002,45.349536071079356,40.85352221181357
5631,212.7878349540847,534.6637044443706,4.4156872764435375,1785.4614096421053,-0.0,1661.7723194810242,286.2810669135753,1372.7350000000001,49.60774406579034,51.10864956696702
5632,215.06142041669992,538.4401430295394,4.596601941747574,1784.5262871156185,-0.0,1622.9994124522154,281.43288012229664,1378.1550000000002,50.21171394183784,57.10101554586701
5633,206.23680375437505,513.0727801548493,4.390592743995913,1691.1974208208708,-0.0,1529.6081624845747,281.43288012229664,1293.3675000000003,47.001012048526576,58.21364462948337
5634,187.63340098019157,468.33915124958145,3.780592743995913,1531.2894144222155,-0.0,1384.6745213470253,252.07001175294496,1191.5075446428573,40.846920873146146,54.489509339858856
5635,167.32926773018525,418.74790518893144,3.0405927439959126,1348.5378890923016,-0.0,1223.140880209476,219.2694223619823,1054.7075446428573,33.16110968995456,45.781835061109035
5636,147.64417188935167,370.6490419728993,2.3605927439959125,1181.1556529209943,-0.0,1071.307239071927,189.4556699061866,922.3575446428573,26.965523949946743,36.80535580714895
5637,129.53349666992113,326.5185137459078,1.8205927439959122,1026.2516380281056,-0.0,917.1237709484077,165.19103336394693,801.3575446428573,22.633330923719647,28.753530717035893
5638,111.68242911775728,283.1765597858431,1.3305927439959122,873.1387295273094,-0.0,786.1901298108585,141.60753631090174,684.2825446428573,18.596250619084437,20.69191141230275
5639,95.45731503591769,242.29079724808736,0.9805927439959122,735.5782720775836,-0.0,669.1564886733092,154.26598480309346,576.4325446428572,16.57622848703604,13.91557517044853
5640,81.22450022745994,205.05503471033163,0.7305927439959122,617.7791592868359,-0.0,567.5228475357601,139.26932468521528,476.2325446428572,16.400097256977496,7.722869699443592
5641,67.53936790461434,169.99760716161651,0.5705927439959123,511.63648905292524,-0.0,472.58920639821093,125.9669671213646,382.8575446428572,17.02885330532707,4.298986280442884
5642,53.946534855150574,135.63875387982822,0.4705927439959122,410.79781032478104,-0.0,379.8555652606617,112.40606338855517,290.95754464285716,17.36982754969693,2.640637406181093
5643,40.6161972454353,102.13013987592609,0.37059274399591213,308.75023798872934,-0.0,288.5219241231125,99.53946220977323,201.50754464285717,17.94496544108201,3.26090479854362
5644,26.902205438777614,67.51343016086949,0.26059274399591204,205.70266565267764,-0.0,196.98828298556327,85.79172154179682,109.08254464285716,18.17376879127318,5.812241280383978
5645,12.40917622294719,31.604816156967367,0.11059274399591212,95.64619970871844,-0.0,98.35464184801407,69.50999266163964,11.407544642857161,17.25868123947449,8.737288383141625
5646,0.9952558429132772,3.1768600723546925,-0.0,10.183240071708823,-0.0,19.20638708928937,53.74060437844919,-0.0,16.089186570795285,12.56048435146586
5647,-0.0,-0.0,0.1926852324987225,-0.0,-0.0,-0.0,43.61769573400526,-0.0,15.52709772949122,19.034917924975495
5648,-0.0,-0.0,0.6941773122125701,35.54403569256975,-0.0,50.93535977234442,43.61769573400526,73.45749999999998,15.999021210772298,29.166301205887265
5649,9.382600740122527,6.584011715873039,-0.0,134.358664735064,-0.0,159.21274829119287,50.99681937955721,227.375,18.719490918739027,42.93965595842903
5650,26.397443804851086,57.4167601024223,0.7999999999999998,284.55095205281225,-0.0,295.23742510635407,65.64394850078143,427.375,23.731772074162986,61.25306310815753
5651,46.36611670340252,122.32963779968908,1.5999999999999996,444.44985553918104,-0.0,463.1362215346609,81.42971105193786,627.375,28.265207870972837,82.03691096501251
5652,66.47751533887853,186.05459001357752,2.3999999999999995,608.5576526334573,-0.0,636.3126838603645,97.37758371027269,827.375,32.16246932646954,103.42974135455557
5653,84.26295915685375,243.37851328673187,3.1999999999999993,743.081179768059,-0.0,792.5322622027857,110.27527297174153,1027.375,35.49905709311723,122.92304896194744
5654,106.1495790965042,287.15425630621917,3.254660194174758,850.5557825120616,-0.0,914.0095299138326,118.54431846949194,1185.2875000000001,37.01154882908054,139.24255518951537
5655,110.00912288477559,311.74276347026085,3.7501507409299952,900.3625270705352,-0.0,979.5733115431847,120.98548251772154,1272.7325,36.869914553410254,149.18304771344793
5656,102.50516783850149,313.39741717839985,3.8963617782319884,877.5556849480138,-0.0,947.2574898439941,110.829714033551,1273.7250000000001,34.01582776308522,150.78062694590164
5657,95.59860828689028,293.55125937462674,3.6800000000000006,809.0567991231192,-0.0,866.7662398763534,90.75992141453831,1190.5175000000002,29.417310738353585,143.7458426947904
5658,80.29178396414305,257.4237821546925,3.0800000000000005,684.9331238781333,-0.0,738.2325987388042,63.855599214145386,1065.6175,22.070597782426923,128.64019851400593
5659,64.65328481575176,219.39819928935992,2.4000000000000004,566.7599936705712,-0.0,605.498957601255,36.75893909626719,936.7425000000001,14.631168442270843,108.98876830662255
5660,46.50323974291956,185.73046292305185,1.8000000000000003,439.22757573973996,-0.0,489.66531646370584,15.785068762278975,814.0175,8.799022717885341,88.14891054120079
5661,35.43957178967063,157.57700375596335,1.3100000000000003,360.9571773213014,-0.0,393.3316753261566,-0.0,702.8925,4.576604248474478,67.84024780056876
5662,25.293408396673204,131.88258747733016,0.8700000000000003,290.20456611867786,-0.0,305.4980341886074,8.9565815324165,598.0425,1.520022132048398,49.08403788279026
5663,17.617441170042433,110.10935765388399,0.5200000000000002,234.8915208534508,-0.0,234.7643930510582,2.4225933202357552,502.29249999999996,-0.0,32.796632940222025
5664,11.680903685317707,91.05945785235654,0.30000000000000027,193.85270536087575,-0.0,180.53075191350896,-0.0,414.99249999999995,-0.0,19.7878442642781
5665,8.0901417455566,73.99170161756079,0.19000000000000017,130.93100223070098,-0.0,138.79711077595974,-0.0,333.5925,-0.0,11.065847931136869
5666,5.474192759931846,57.64251964969185,0.1100000000000001,100.74372719282191,-0.0,102.56346963841054,-0.0,257.86749999999995,-0.0,5.632279156034013
5667,3.9201689559616284,42.44191194874972,0.09000000000000008,75.41289471177984,-0.0,71.9298285008613,-0.0,185.4425,-0.0,2.029779470408985
5668,2.302490955048988,26.563687092425464,0.050000000000000044,50.016726065993296,-0.0,44.596187363312076,-0.0,114.5175,-0.0,0.7042608361726023
5669,-0.0,9.674515058800356,-0.0,16.245417051180226,-0.0,11.962546225762864,-0.0,40.917500000000004,-0.0,-0.0
5670,-0.0,-0.0,0.07940725600408782,-0.0,-0.0,-0.0,-0.0,-0.0,0.4316028630229862,-0.0
5671,1.7484541437956516,-0.0,-0.0,-0.0,-0.0,37.81288204268732,-0.0,-0.0,-0.0,-0.0
5672,14.59548086860196,-0.0,0.7854905467552373,94.6644340701514,-0.0,146.0389682821993,-0.0,-0.0,1.7713328067562237,-0.0
5673,37.180542699957876,-0.0,0.3969672968829836,208.94009076130703,-0.0,308.6927918011771,-0.0,188.36500000000024,5.078962166430159,-0.0
5674,65.6528377354168,-0.0,1.1969672968829834,414.3336254035387,-0.0,505.9032174185673,-0.0,388.36500000000024,9.673869860470099,-0.0
5675,95.11458402282874,-0.0,1.1270183955033204,637.5163016088019,-0.0,713.6247573536953,-0.0,588.3650000000002,14.514272134560313,-0.0
5676,124.57633031024068,42.86496789443318,1.9270183955033202,860.6989778140651,-0.0,921.3462972888233,-0.0,788.3650000000002,18.709239084709527,-0.0
5677,153.34207375375934,112.31849041608578,1.9270183955033202,1070.8326530012441,-0.0,1113.142391169908,1.475490602780532,988.3650000000002,21.688965820257714,-0.0
5678,176.92382034506463,178.00409491843058,2.72701839550332,1236.6794335658942,-0.0,1266.5247170844277,32.83153049839475,1178.1575000000003,22.971171542583875,-0.0
5679,191.27939736834597,222.19234175601514,3.52701839550332,1335.4079575852345,-0.0,1358.6792654502146,52.925760885976075,1292.5175000000002,21.749186362868016,12.555146275047345
5680,194.00989033634514,238.93576732874763,3.380832907511498,1339.8366936392576,-0.0,1368.4205693499096,61.07018316120286,1313.315,21.749186362868016,26.287363540107368
5681,182.75974538278462,224.55980038439918,3.3600000000000003,1244.2503608139898,-0.0,1293.9629605198181,57.027184284530584,1243.865,13.862054971785067,32.29271324628117
5682,161.9271819970858,192.17779675311533,2.93,1084.4995941912375,-0.0,1167.1629605198182,44.57237092500209,1132.49,4.569933871720252,30.212837626537823
5683,138.93985984689445,156.5841181766283,2.37,918.2981977101637,-0.0,1030.3629605198182,30.172370925002088,1014.14,1.7888680614119998,24.106798563023673
5684,117.58196743860914,124.94399896570235,1.8499999999999999,768.9510734729093,-0.0,903.7629605198182,19.19319607234983,903.965,0.06161130035897422,18.28113691668142
5685,98.03888798446017,98.41910413129682,1.41,645.6453363658005,-0.0,788.7629605198182,12.619718665670074,800.865,-0.0,11.786670295128904
5686,79.26158407527484,76.27943367341172,1.01,539.7067566161852,-0.0,678.8629605198182,6.246241258990313,702.89,-0.0,5.684027597398007
5687,62.38928928659251,59.16332258108767,0.6799999999999999,453.33932572982997,-0.0,583.8629605198182,2.506752064491298,611.84,-0.0,1.4354729377563018
5688,49.82934811069096,45.66124941009703,0.45999999999999996,386.4905926556643,-0.0,505.06296051981826,2.672960315964776,525.115,-0.0,-0.0
5689,37.69284710797826,35.519884138521064,0.32000000000000006,326.9556552915471,-0.0,435.96296051981824,5.8920172904245085,443.86499999999995,3.206668691829867,-0.0
5690,27.490588801307958,27.04804031117276,0.19000000000000017,275.5296115353374,-0.0,395.82931938226903,10.782783498675979,365.41499999999996,3.206668691829867,-0.0
5691,18.12333961514066,18.72643576171063,0.1200000000000001,231.32135499494265,-0.0,347.9957090219451,16.764119451524696,286.28999999999996,3.206668691829867,-0.0
5692,9.005324004512754,10.251501190329773,0.050000000000000044,188.70021334087397,-0.0,315.1620678843959,22.45488565977617,206.83999999999997,3.206668691829867,-0.0
5693,-0.0,0.7956194416480677,-0.0,145.51772702782728,-0.0,257.6620678843959,25.853117486888156,123.71499999999997,3.7161481980563473,-0.0
5694,-0.0,-0.0,-0.0,128.74927240756975,-0.0,221.86174573025863,31.19181180596451,78.08499999999997,-0.0,2.7386124389412494
5695,5.251562310509442,-0.0,-0.0,186.75152912860707,-0.0,258.546125377404,47.87641255675454,121.38499999999999,7.2406614909350395,19.183059848263913
5696,23.236582053441495,-0.0,0.7999999999999998,329.1137793846535,-0.0,370.1723324247175,76.340907951439,253.8025,11.583857659127869,41.39069166450757
5697,50.54355734567947,-0.0,1.5999999999999996,552.2964555899167,-0.0,538.740568218535,111.60097130598233,453.8025,20.875978759192684,67.18917092499927
5698,80.00530363309142,-0.0,2.3999999999999995,775.4791317951799,-0.0,743.2653658414977,147.38610467017924,653.8025,30.1680998592575,95.77766861267277
5699,109.46704992050336,44.704725454972134,3.1999999999999993,998.6618080004431,-0.0,950.9869057766257,183.17123803437613,853.8025,39.460220959322314,126.09202384103351
5700,138.9287962079153,114.15824797662474,3.999999999999999,1221.8444842057063,-0.0,1158.7084457117537,218.95637139857305,1053.8025,48.75234205938713,157.1134650881956
5701,168.39054249532725,183.61177049827734,4.799999999999999,1445.0271604109694,-0.0,1357.9616249224568,250.44777050655784,1253.8025,58.044463159451944,188.49548985493624
5702,196.12473268793983,253.06529301992992,4.696532958610116,1643.7311765071033,-0.0,1541.5245206279312,274.71045116545827,1449.79,66.98925328260309,218.5951273711551
5703,214.07708379564986,304.0133493796703,4.258490035769032,1766.038261168958,-0.0,1635.00757138926,286.2810669135753,1574.4375,72.62321224294686,242.9693617456387
5704,218.0164899037307,324.89005617427955,4.479974450689832,1785.4614096421053,-0.0,1661.7723194810242,282.4999570057179,1600.0,74.33696880051852,258.159086233468
5705,207.0650077342414,311.83785894182404,4.6039652529381705,1710.2987973585248,-0.0,1590.538195112269,262.05979710179247,1525.54,71.34634356942902,262.1930541876872
5706,185.10666827020472,277.95111942403594,4.333965252938171,1565.1790521855298,-0.0,1462.5045539747198,230.68140810375712,1410.115,64.56072159360382,258.9510574657822
5707,161.063908184765,240.02437990624784,3.8839652529381707,1397.233536785187,-0.0,1318.0709128371705,228.62237133072293,1283.99,56.540935970763385,249.51736275536743
5708,136.88173659842528,202.5743004322972,3.083965252938171,1238.3680638560115,-0.0,1178.0372716996212,196.38189981795279,1214.614955357143,48.930877602897596,237.34442287929647
5709,114.41131226837945,167.68563675717593,2.623965252938171,1103.5964291080522,-0.0,1051.303630562072,167.84909038769737,1091.9149553571428,42.403713760603395,224.64695477469039
5710,103.58243902826085,136.27029316972954,2.1939652529381712,982.2186325413089,-0.0,934.6699894245227,142.0993850831787,973.2899553571428,36.48872081248789,211.13149930249185
5711,84.81492071170284,111.14803039207189,1.8739652529381712,889.0564528773632,-0.0,837.2363482869735,120.87993518141053,860.6149553571429,32.26395330755616,212.7083956273933
5712,68.5112527584539,90.68147054670699,1.6939652529381712,824.0832092924925,-0.0,800.2027071494242,105.0813104269901,814.9399107142857,29.38307670461428,207.96304235172434
5713,53.68027641132013,74.66181002306571,1.5539652529381713,770.5890975824148,-0.0,734.669066011875,93.23180158612567,776.5148660714285,27.946091003662257,197.3689706129015
5714,49.06372068558939,59.15786236596102,1.4739652529381713,724.925658201826,-0.0,674.0354248743257,82.85969942502547,682.3898660714285,27.201774385098062,187.47489887407866
5715,44.68447335374349,43.23201042001081,1.3739652529381712,679.0839975428187,-0.0,616.6017837367765,75.98013164506476,590.8398660714286,26.94523957051358,178.7414560342877
5716,30.233693172976373,27.442110618483362,1.283965252938171,633.3294517701374,-0.0,561.0681425992273,70.38366799084079,499.58986607142856,27.220377461898657,170.77845338494268
5717,15.715971082049686,10.196019394646978,1.1139652529381712,574.0313485542932,-0.0,499.33450146167803,63.17777408121407,407.46486607142856,26.841849894477647,163.0924317869863
5718,3.1448181567318017,-0.0,0.9807843638221773,533.773729362049,-0.0,455.0291211040678,56.578429136736915,345.23986607142854,26.260988945189467,157.70517189412476
5719,-0.0,-0.0,1.0775881451200822,557.3750754867118,-0.0,470.2370657510838,59.10072331669433,362.34986607142855,27.318336940047722,158.10429584124776
5720,6.98338396820828,-0.0,1.4450817577925397,651.7228445539749,-0.0,548.1154610016114,73.1391280463244,450.3623660714286,30.611192527907665,164.14875219103848
5721,22.438225124904132,39.5223137586557,2.116326009197752,804.414640393896,-0.0,677.707382603101,95.25083136177702,597.6798660714287,34.95526421585036,175.02681031929936
5722,51.89997141231608,107.0175281342291,2.9163260091977516,996.6932199851618,-0.0,845.9558660337358,121.68732385322953,797.6798660714287,39.600504787254344,190.42837481706846
5723,78.06458894499612,176.4710506558817,3.7163260091977515,1197.9637094386253,-0.0,1012.5470627884165,145.56088947389424,997.6798660714287,43.33879823441767,207.35612557750514
5724,102.3740011908065,244.23361675647615,4.516326009197751,1374.8209740446766,-0.0,1168.4239278067917,163.94379686837397,1197.6798660714287,45.44418141713559,224.8149003063066
5725,131.83574747821845,304.81851412256714,5.316326009197751,1531.0041223852463,-0.0,1301.1152856385409,175.29899240793517,1380.8948660714286,46.41405128733254,242.0869501156347
5726,157.05445933748584,348.9183418475113,6.004156872764434,1640.2781437711544,-0.0,1393.378584036687,178.1782573322541,1520.9073660714287,45.15730085835881,255.57979286268622
5727,162.43680728019098,374.04935800622854,6.399999999999999,1676.9731351850537,-0.0,1423.599813419062,172.3634123196246,1591.4473660714286,42.369092003340874,262.1930541876872
5728,162.43680728019098,372.7868326146216,6.399999999999999,1625.0438251173016,-0.0,1379.736300730887,154.84375746342272,1574.2273660714286,38.44393095755074,257.3121879516013
5729,153.84285336544426,347.49652338010617,6.057404190086866,1501.9488234321232,-0.0,1270.173714235857,151.7607072691552,1514.6929910714284,31.334191407427927,241.41949064604358
5730,127.39299929349238,307.0730940157491,5.605209458719613,1330.0931547072298,-0.0,1120.8400730983078,119.47328094302554,1435.6179464285713,22.060693023939816,230.64091558824396
5731,99.9681543420435,266.8763246952295,4.825209458719613,1144.6295029708035,-0.0,965.6064319607585,86.80294695481336,1296.1429464285713,12.768571923875001,215.76900732669893
5732,84.2192811019249,230.36026327412466,4.105209458719612,977.9063277681482,-0.0,826.1727908232093,59.45913555992142,1169.7929464285714,4.78036440332095,186.97040774810478
5733,71.02252920982751,195.7853883082068,3.793014727352359,835.2147354913564,-0.0,702.03914968566,37.57013752455796,1107.8179017857142,5.73458936358956,173.02642408087814
5734,49.66046091834008,162.64075262017508,3.4808199959851063,695.2320368224721,-0.0,625.4055085481109,17.40196463654224,994.7429017857143,-0.0,146.4392710089337
5735,39.73467161706995,133.1780212209889,3.0608199959851063,573.3235679262398,-0.0,531.6718674105617,4.922593320235755,894.9179017857142,-0.0,124.07501095028871
5736,31.619078482166483,107.480524132567,2.8008199959851066,475.03778834796344,-0.0,460.7382262730125,-0.0,803.8929017857142,5.883406725192526,118.99153024678206
5737,25.25175633197513,86.18397422144594,2.6108199959851066,391.8400342523877,-0.0,403.5045851354633,0.5227897838899835,775.1928571428571,6.665780930506593,117.0358482022819
5738,19.601742575668624,66.04432363204849,2.4408199959851067,318.43919924741994,-0.0,353.57094399791407,2.560707269155216,693.017857142857,8.233493300596312,117.35387677869902
5739,14.757308197959079,48.61752450879743,2.330819995985107,262.6619641567827,-0.0,312.7373028603649,7.804322200392932,669.1678124999999,10.8914311138698,118.45795143998922
5740,10.353069986616191,31.833337573806578,2.2108199959851067,213.32121409414995,-0.0,275.70366172281564,13.744204322200396,644.8677678571427,20.183552213934615,106.8950747259561
5741,4.0099905324672305,13.160337094002742,1.9808199959851067,160.41603846314723,-0.0,227.67002058526643,15.09155206286838,612.4427232142855,21.404930042830422,108.2949899994689
5742,-0.0,-0.0,1.7336406398277229,116.69170877341716,-0.0,185.9218866343432,14.681576192876417,599.8901785714284,21.418154666757374,108.91068996526354
5743,-0.0,-0.0,1.6558608748813766,115.64743352888357,-0.0,185.4444851718018,20.459965720938087,590.3776785714283,22.02957328696622,111.45665333904712
5744,3.1225338629771855,-0.0,1.8351250547485198,184.26759319076237,-0.0,259.427736608309,35.33396459752409,649.4176785714283,23.49473227574412,116.03835348494184
5745,15.168774167210913,-0.0,2.6004162712606735,319.82151542956456,-0.0,432.00572916616494,60.041759069211786,815.1976339285711,25.990062980555766,124.0946614671702
5746,34.27160733800645,27.40405154236545,3.2737760055478473,521.6650712002055,-0.0,604.9546152894713,90.5823149493917,959.7726339285712,28.729522775817994,122.68999367822109
5747,54.669040402742205,94.00251493958517,4.0536022702387005,738.2247079796535,-0.0,799.860345126793,124.84107774372141,1114.6576339285712,31.558466356189562,138.84007742231893
5748,74.035388425388,157.33690984957914,4.742370793488572,949.5141064922161,-0.0,988.8518237663438,159.9226027294975,1305.897589285714,34.147249383785784,155.97119628588968
5749,89.90977397056493,212.57600893544372,5.542370793488572,1143.508634860546,-0.0,1136.8580368348717,186.79233273289609,1413.492589285714,35.083431298219594,171.02535640028805
5750,100.30464111023205,254.37347593640786,6.0136227096868335,1293.8029298821216,-0.0,1231.7506832831702,210.42420124735722,1537.517544642857,41.57740079527557,168.73315697701557
5751,103.85805604424488,280.4841880351977,6.399999999999999,1382.7168277191336,-0.0,1267.1012607156977,221.0924403299594,1600.0,40.07290049830425,175.43099309772904
5752,99.16097456276903,287.1123184742873,6.30762902401635,1399.8101874569916,-0.0,1253.2668544620724,224.32691140990352,1549.7725,45.15030644791038,176.532702285394
5753,85.56820961994087,273.70182184991313,5.930329586101174,1379.3662394726628,-0.0,1196.8758863793018,221.80043829721362,1448.1725000000001,42.716039601449815,172.4928951754018
5754,75.62133452550088,248.81832294584927,5.240329586101174,1310.6013046324713,-0.0,1108.9422452417527,212.88943633257708,1379.597455357143,38.422802896962864,162.72413140901622
5755,65.06524409652752,221.42529266331394,4.510329586101173,1202.8157374100326,-0.0,1010.8086041042036,201.39729487874604,1307.9724107142858,33.1246789140678,148.8177576922101
5756,46.988013151366246,198.62677885788435,3.8303295861011732,1107.3004084544793,-0.0,963.6749629666543,191.03344419112327,1238.6223660714286,28.999722201769693,120.42896940503
5757,31.26309972059282,179.94326008533284,3.54813485473392,1032.3850794989262,-0.0,930.3413218291051,184.64503554672248,1181.8973214285713,25.974765489471586,93.12382896549313
5758,21.794101857109755,163.8171191902773,3.0781348547339205,992.6130722435762,-0.0,859.8076806915559,179.96035971175195,1129.047276785714,23.976641506576524,66.86460048786708
5759,19.910739516263572,150.90621260598604,2.6881348547339208,935.9630794527675,-0.0,798.7740395540067,176.93226540919792,1083.722232142857,23.976641506576524,42.71191287118372
5760,11.724881735668891,143.3943489101501,2.478134854733921,901.2962100425183,-0.0,753.6403984164574,178.1853105958384,1049.5721874999997,25.09801933547233,22.323124584003608
5761,4.466332348959057,137.67010236969625,2.308134854733921,901.2962100425183,-0.0,753.0067572789081,213.60289464795153,959.4971874999997,26.573062623174224,17.454486752929938
5762,7.104128765306797,132.90799939597412,2.3430634991605226,904.2984325598203,-0.0,710.9731161413589,215.382265964258,872.3221874999997,35.110087505331244,13.600565858977344
5763,-0.0,128.33827926686985,2.2230634991605225,907.5696290082094,-0.0,667.3394750038098,216.84081213321676,786.2971874999997,36.5754035380585,11.561361902145826
5764,2.419329265268967,122.73332482700134,2.0830634991605224,908.0233919802074,-0.0,662.4058338662605,215.6125213670085,758.4721428571426,38.043163209989814,10.190962920524576
5765,2.8546120008622005,112.76980605444984,1.9030634991605224,889.8326869126679,-0.0,641.7721927287114,208.90485928449377,722.8470982142853,37.74997380734446,9.143456952202783
5766,4.315424908241841,103.20043475347796,1.6732959978830568,869.1156475056878,-0.0,616.6098075800171,230.1650369486161,634.6770982142854,35.996171821652375,8.496563823409218
5767,1.3671301995001777,105.67648588094801,1.8626163406088032,882.7078564200115,-0.0,573.9467781230483,219.26290489973042,633.8245535714282,34.139761068365466,9.395741097102693
5768,15.815641760666953,124.41497264957289,1.9668243119935755,933.743748997983,-0.0,566.7686920829651,206.61385279305287,609.0395535714282,31.199391443863284,-0.0
5769,35.92700003534314,166.60470502658336,2.2900792941090584,1021.5208151928466,-0.0,594.2328764049889,198.68395330554688,671.352008928571,35.18707795526174,10.08785480623553
5770,60.9419305165183,222.04351999368248,3.075603009343747,1126.357066229129,-0.0,642.8109897706464,192.70016666305543,705.107008928571,31.9437612219418,24.866602177832156
5771,89.13308569666488,281.9814877810636,3.875603009343747,1228.3617343395479,-0.0,698.6890628670367,187.54282792851825,752.282008928571,30.063481187392682,43.55845434855126
5772,117.1550773807193,345.1754037537048,4.617905002189939,1325.0937683827813,-0.0,733.6960410516406,213.78438731075622,812.7930357142859,28.615129721060818,63.32857150335778
5773,144.6750091777098,404.35669086559994,5.417905002189939,1400.712002601409,-0.0,746.8462963300307,206.7771420326301,846.2930357142859,27.00029854673894,82.17470532914754
5774,156.46449592700102,450.4434805330418,6.201200817577924,1415.9148444254554,-0.0,778.4113263066649,199.0596482766247,859.8955357142859,31.841133243369086,83.91880148505467
5775,156.761471790659,479.29475017195784,6.399999999999999,1418.9573509541915,-0.0,783.4339651133907,187.60740897510613,901.0479910714288,35.882211847979235,95.35513586025832
5776,157.82137610663142,477.77741417756147,6.213518140010218,1381.2923232281034,-0.0,762.84271514575,171.68279729230804,889.9354464285716,37.98136496318912,98.67007604069792
5777,152.38525417847927,457.8632784401115,5.783750638732753,1306.2824768636387,-0.0,719.9089532003993,150.24793713163066,831.9604017857145,31.340517282512728,81.33671453178636
5778,141.61893110112723,426.32647931686046,5.3815559073655,1200.915159354592,-0.0,654.0753120628501,122.96444007858548,750.1103571428573,22.223127997034762,72.01713315778295
5779,129.2579912360055,392.8839673270728,4.939361175998246,1088.418080112431,-0.0,584.5416709253009,94.43005893909628,660.1853125000001,13.334967778322305,62.007363075193595
5780,118.38993914336555,361.20145533728515,4.289361175998247,988.0961412392963,-0.0,527.5080297877516,69.63536345776032,580.835267857143,5.45164753617637,53.3533162459291
5781,109.08939161097712,332.64084763634304,3.739361175998247,904.9879980762103,-0.0,484.87438865020243,48.81807465618861,457.285267857143,-0.0,32.48729503673655
5782,101.11807765412807,305.9216656684741,3.298541864369663,830.0323059641946,-0.0,447.3407475126532,30.0007858546169,337.185267857143,2.4956722230544104,26.58079538461854
5783,95.81619343918507,283.50605300041,2.9785418643696633,774.6717117500381,-0.0,379.907106375104,16.608055009823183,289.2852232142858,6.90840261869563,8.929491112547062
5784,92.87912217837842,264.6182967656143,2.7485418643696633,726.379534610018,-0.0,322.6734652375548,7.092730844793714,194.11022321428578,5.959151419881724,8.704878157524721
5785,91.69550894814753,246.5872105088998,2.8563471330024104,682.2122171009714,-0.0,272.3398241000056,2.064243614931236,106.3602232142858,5.607456581863762,1.4560276406669965
5786,90.38323240047121,229.07303350815278,3.004152401635157,638.3093251602949,-0.0,223.70618296245638,-0.0,80.81017857142864,6.099652645835652,7.701728940778699
5787,88.39960092923431,210.8221964635683,3.1719576702679038,585.6748502937547,-0.0,175.37254182490716,1.0528487229862478,55.61013392857147,7.528408694185227,2.6336947104147597
5788,85.99268935278229,190.1189865086098,3.3297629389006507,525.2216776150251,-0.0,123.43890068735794,9.21525577005665,33.11008928571431,11.237995859235873,-0.0
5789,81.11827321607876,166.6364943873098,3.1197629389006507,447.2458156183395,-0.0,59.00525954980872,9.05120861877964,5.085044642857156,12.832540958728634,11.096267037105733
5790,76.11579269734811,146.49811559411484,3.190036270895687,380.6976630331213,-0.0,-0.0,8.673317213570314,-0.0,21.76350395949698,22.77793019821329
5791,73.70801944781927,139.22190655745885,3.3124174209796347,347.143585351145,-0.0,14.32263880672577,12.906384526650392,34.185223214285685,23.82038938139447,39.07797842226458
5792,75.14697922374671,148.30082627781593,3.574670824512739,354.9234912491747,-0.0,27.844512497375362,19.74839882855529,95.38522321428567,26.559390473522203,59.924403985247565
5793,79.27040553538151,168.57684531506226,3.6384061336593922,407.39370866794883,-0.0,68.49440535236099,30.06761910118047,206.96022321428566,29.02021919009569,71.15467593992713
5794,85.33759705487705,196.86609993480326,4.016413241842471,463.74191924187255,-0.0,125.1581869817131,65.85275246537738,350.1027232142857,31.18195907818977,99.03614539631499
5795,89.8799177949357,228.46811911801146,4.158025403314111,519.5231979455851,-0.0,223.89322459992022,72.0601944695812,509.51022321428565,39.39358844614952,113.70490195627492
5796,90.50874502643259,256.3407604780384,4.169877728301336,563.91371262693,-0.0,314.2282622181274,73.45980552005969,663.9452232142856,38.88688523379726,143.36392018246661
5797,89.60990848397518,280.7280921205295,4.061265055843492,594.3970432826471,-0.0,353.5920438474795,72.24099369225543,794.1227232142857,44.38761476393507,157.73620795486843
5798,89.95089502018317,292.9733540040644,4.1051689448134905,602.9093318317309,-0.0,371.28477083431244,96.9900534489216,874.3677232142857,40.86913017029491,181.27300322757011
5799,89.07832031958478,291.6813459613535,4.071195981458501,584.3221803783501,-0.0,404.2426776569801,83.15203235819139,892.6202232142857,35.109717607576606,183.41222443465264
5800,86.11932838930502,275.68974388206465,3.6941290422658586,544.3775502905584,-0.0,400.43665299109523,64.00891886635489,848.0602232142858,27.423783048756825,177.0473359911495
5801,77.73245956215243,249.17458757646068,3.489226084020731,490.77977955840413,-0.0,316.30277023794304,41.17563850687622,757.8227232142858,18.563223146190463,176.8446390531725
5802,61.829147459624785,214.7773198316811,2.8192260840207313,404.92191713337115,-0.0,210.06912910039375,16.74518664047151,703.0226785714286,9.271102046125648,157.58656126940318
5803,43.879097221306246,180.9286164195845,2.3270313526534783,302.46314411196363,-0.0,150.0354879628445,-0.0,592.5226785714286,-0.0,143.7326403754506
5804,28.74464460259069,149.52133874056108,1.924836621286225,213.66081364739307,-0.0,108.5018468252953,-0.0,491.74767857142865,0.9005121996209295,128.5394743158418
5805,17.241368982075073,121.75715180557022,1.6426418899189719,137.29804912021902,-0.0,45.568205687746094,-0.0,397.3476785714287,-0.0,99.81961693918385
5806,7.742728390335165,96.77772062557128,1.1426418899189719,78.27085902467499,-0.0,32.73456455019687,-0.0,309.1976785714287,-0.0,85.94783461295073
5807,2.4323770243133893,77.78661450036914,0.7726418899189718,41.50102208234247,-0.0,38.000923412647644,-0.0,287.0976339285715,1.1520732527507107,74.77605228671761
5808,0.23031488400974354,63.36978557438659,0.7704471585517187,21.553874457965975,-0.0,17.96728227509844,-0.0,214.1226339285715,-0.0,65.91571646713423
5809,-0.0,51.25819095916829,0.6104471585517188,13.811628935730482,-0.0,6.2336411375492204,-0.0,146.1726339285715,0.03815219043305973,45.31875210377574
5810,-0.0,40.18635706606381,0.4704471585517189,11.621834464565495,-0.0,-0.0,-0.0,137.72258928571435,0.12508256126409023,40.299296665084235
5811,1.6304697814568847,29.020475317382108,0.330447158551719,11.244925107074494,-0.0,5.233641137549192,-0.0,129.74754464285718,0.5583474732890323,23.602206366413846
5812,3.4336311690289207,18.020306435236996,0.19044715855171912,5.7809008632575,-0.0,-0.0,-0.0,121.34750000000001,1.1916123853139737,23.249794752385025
5813,-0.0,6.6770368748155065,0.2582524271844661,-0.0,-0.0,11.362385148694209,-0.0,50.6725,1.129764575747032,10.636100430734077
5814,-0.0,-0.0,0.0658967807869188,-0.0,-0.0,-0.0,-0.0,-0.0,0.19529454751915387,-0.0
5815,6.403875846090086,-0.0,-0.0,10.374419562026702,-0.0,0.6991543453895019,-0.0,2.197499999999593,0.6109643194626722,-0.0
5816,8.529664492186678,-0.0,0.12385539090444553,97.08249119943554,-0.0,61.86875929429067,-0.0,93.18499999999966,2.7277694769865706,-0.0
5817,19.688931100192086,-0.0,0.5355799693408274,260.7542051382526,-0.0,189.1231465830088,-0.0,257.7974999999997,6.53333056550606,-0.0
5818,48.869383668037905,-0.0,0.9362442514052147,483.9368813435158,-0.0,365.8053919589943,-0.0,457.7974999999997,11.520253711913679,-0.0
5819,72.348791654613,38.648323337027165,1.7362442514052145,707.119557548779,-0.0,564.2586517082318,-0.0,657.7974999999997,16.764938785926468,-0.0
5820,97.4500737982037,108.10184585867977,2.5362442514052144,930.3022337540422,-0.0,760.597579721164,-0.0,857.7974999999997,21.019268635938634,-0.0
5821,122.42478347721746,177.55536838033237,3.336244251405214,1153.4849099593052,-0.0,942.5795834815465,-0.0,1057.7974999999997,24.307264382871587,-0.0
5822,151.47560051427453,242.9081224885977,4.091839550332143,1338.0926695559483,-0.0,1076.9764424787074,-0.0,1209.4249999999997,24.911194871078656,-0.0
5823,162.80895950353758,287.8142470815856,4.58579969340828,1455.7735074922857,-0.0,1152.7312727293645,8.24568742381404,1287.0024999999998,24.911194871078656,-0.0
5824,163.02847371047795,307.3331290808859,4.664598875830354,1501.01437646434,-0.0,1152.7312727293645,21.396598703887108,1283.2924999999998,24.911194871078656,3.4357861833792143
5825,161.3257715757836,298.2976925803372,4.3394149207971395,1432.327681387359,-0.0,1102.7972691684108,22.050489705447752,1199.1274999999998,24.911194871078656,12.285228447273923
5826,148.5344873757209,269.41135214437077,3.679414920797139,1313.8682335125368,-0.0,985.3972691684108,14.979173398964448,1087.8774999999998,15.619073771013841,14.280446793059745
5827,135.85490243415973,237.9759688199491,2.949414920797139,1184.5474409787366,-0.0,881.4636280308616,8.10039147362064,975.2274999999997,13.993975153190952,13.898684087456921
5828,115.06166329565613,207.2532076180314,2.279414920797139,1044.7395335586104,-0.0,786.9299868933124,4.085853163208064,866.4024999999997,7.362651940874034,12.284217077140596
5829,105.10284477855558,179.58878140515438,1.6794149207971387,931.6534048600657,-0.0,706.6963457557631,6.6544189785322345,769.1024999999997,7.362651940874034,10.484592939257247
5830,86.83190491343383,154.76888160362694,1.2294149207971388,814.336603832032,-0.0,640.2627046182139,11.866403261439892,674.9024999999997,3.0422986959344804,8.003082104278228
5831,70.02249789723331,131.15493394652225,0.8594149207971387,725.7980240824168,-0.0,584.8290634806647,20.134969076764065,589.7024999999996,-0.0,5.097043040764081
5832,54.72751150243582,110.9071777117265,0.5794149207971386,649.981223054383,-0.0,519.5290634806647,30.044988723129492,508.20249999999965,-0.0,3.728739862982369
5833,49.88674956267471,91.6141871661665,0.3894149207971387,578.7159624810453,-0.0,478.99542234311554,38.513358074799434,427.95249999999965,-0.0,4.519430368996872
5834,35.700212077949985,73.24644086561459,0.24941492079713878,507.13200409551797,-0.0,435.66178120556634,44.00608891959315,350.4774999999997,3.439713151205643,7.08219628069299
5835,31.539824229916178,53.76774738776182,0.1694149207971387,436.78179894887165,-0.0,388.82814006801715,47.30058793727488,270.6524999999997,-0.0,11.725213674249101
5836,17.45193182163087,35.2238195991448,0.09941492079713865,365.10491297850285,-0.0,340.19449893046794,50.48369206301162,191.97749999999968,0.9931453179271452,18.899300157283047
5837,12.901721898957705,15.030848922072455,0.00941492079713857,285.96668234915603,-0.0,285.36085779291875,50.274261807608866,110.80249999999968,4.363254025379329,26.886468362202397
5838,-0.0,-0.0,-0.0,230.62355373222545,-0.0,247.4555177045757,51.71298942338573,61.459999999999695,-0.0,36.052469269624346
5839,-0.0,-0.0,0.2303372508942258,254.83232139231524,-0.0,266.19971744397475,63.133717598366246,93.0499999999997,3.9962753858112237,49.50772778551198
5840,16.69378791458025,-0.0,-0.0,359.771663593667,-0.0,381.57791134816654,85.5326055410537,217.49249999999972,11.986897744566209,67.76094258334581
5841,34.48953875691369,19.23890435458445,0.7999999999999998,530.343061425649,-0.0,553.2124254659004,116.86648404469801,407.02999999999975,21.164780763900243,90.16129579716772
5842,58.86720967056708,82.56343389523259,1.5999999999999996,747.0636158860561,-0.0,759.5035416820467,151.55891017616824,607.0299999999997,30.456901863965058,117.91345407624993
5843,85.09858614895228,151.53891936734215,2.3999999999999995,970.2462920913193,-0.0,967.2250816171747,185.07498331496242,807.0299999999997,32.243137229768735,149.7790684369915
5844,112.17306063816102,220.99244188899473,3.1999999999999993,1193.4289682965825,-0.0,1174.9466215523028,217.71917834875424,1007.0299999999997,41.53525832983355,182.55320021045242
5845,135.58141827431174,288.9516180886434,3.999999999999999,1413.9749539898846,-0.0,1368.4234463014109,246.0528618476115,1207.0299999999997,49.54697675953453,212.88781290504548
5846,154.69191462296496,347.95459768940475,4.799999999999999,1612.7619792201224,-0.0,1531.6150860180303,271.04272678845274,1390.8399999999997,57.41183326989253,238.791220630141
5847,165.22749029906976,388.6252007648775,5.21,1742.4802322931846,-0.0,1637.7503249825731,285.8783225254876,1500.7149999999997,62.04875314301476,255.52531314023258
5848,165.10045965200908,405.88382014823804,4.41,1785.4614096421053,-0.0,1661.7723194810242,286.2810669135753,1516.0799999999997,63.51432942304509,262.1930541876872
5849,163.43763271484943,394.66352595187044,3.6100000000000003,1733.8014051450195,-0.0,1599.9525268485743,272.3396868390591,1433.6574999999998,61.313321457267804,258.8268361736917
5850,144.24610435062772,367.9781525616926,3.16,1624.9481190889812,-0.0,1490.3188857110251,249.50334106302765,1313.9824999999998,56.71289574069346,246.75062586714935
5851,124.0634354702181,340.05276923727087,2.54,1504.7699734019695,-0.0,1370.5852445734758,256.1429290444139,1184.7575,50.727084557501875,230.63517039495082
5852,104.40385052865693,313.8123809457272,1.98,1399.5145170329138,-0.0,1259.0516034359266,234.32367560629996,1064.1074999999998,45.163218825305215,223.06969207921878
5853,96.10061139015335,289.7379447986064,1.4700000000000002,1302.602618107021,-0.0,1157.8179622983773,215.34410782633924,950.6574999999999,40.47496400290957,205.900274504243
5854,87.4896715250316,266.5623221962985,1.0100000000000002,1201.4769234710798,-0.0,1059.8843211608282,214.86002665583368,838.0074999999999,36.43793100011595,188.4702280302353
5855,79.95545155469472,245.21194383899874,0.6400000000000001,1115.2334416193235,-0.0,983.6688390657904,202.1258419799987,734.3824999999999,33.449676177720306,172.69099916384542
5856,63.72602629748819,225.27538399363385,0.41000000000000014,1040.5197215006817,-0.0,915.8351979282412,192.9256455163445,636.3824999999999,31.61264317492669,158.76749355078042
5857,58.25947057175745,205.59121692713066,0.27000000000000024,990.4475018894941,-0.0,855.7015567906919,186.91032135131502,543.3325,31.102442901536115,148.26851616625055
5858,52.9457843775025,183.91777762852982,0.18000000000000016,902.3421139026538,-0.0,793.8679156531427,179.98360229434056,452.5075,31.045908086951627,141.2612367702304
5859,46.94054709332031,160.34316180898577,0.1200000000000001,802.7775515698529,-0.0,723.5342745155936,170.42093038864311,363.9575,30.672315099780327,136.7440201474843
5860,29.92106711309573,134.2711780461896,0.040000000000000036,686.4538148910915,-0.0,641.3006333780443,157.82603844365295,272.3075,29.810940308629316,134.15133175327333
5861,22.50484899708026,105.85515636206001,-0.0,562.128257019581,-0.0,549.766992240495,141.52721722557828,179.00749999999996,28.31300553310063,132.06681943524072
5862,18.107244991699663,85.44666732813232,0.0938783852835973,467.6813815268696,-0.0,480.77586308065577,127.6574774037448,123.09749999999995,27.45487529533738,131.387496880463
5863,18.107244991699663,92.53497685717494,0.513270311701584,454.50806678630414,-0.0,487.85506371652673,156.51504545666043,160.94,29.124583391740707,136.68794962305756
5864,34.52744337971106,128.51618946881763,-0.0,527.9392136202853,-0.0,567.8189258844131,163.11430921388563,286.89000000000004,33.46802956890538,147.56682630699632
5865,61.28491044981145,185.46400738650703,0.7999999999999998,708.4040015346859,-0.0,709.6819423976891,180.4997244717888,485.50250000000005,39.79405768864707,163.29938226786587
5866,90.74665673722339,254.91752990815962,1.5999999999999996,930.15967220211,-0.0,890.1872695423392,216.28485783598572,685.5025,47.44533876826675,183.12958757423695
5867,120.20840302463533,324.3710524298122,2.3999999999999995,1136.9221947811145,-0.0,1080.8351892032335,239.00356207535876,885.5025,54.75939883471656,203.27666788860716
5868,149.67014931204727,393.8245749514648,3.1999999999999993,1360.1048709863776,-0.0,1266.7402344630134,260.41839793079146,1085.5025,61.68953537752502,223.57184053798252
5869,179.13189559945923,463.03827120580144,3.999999999999999,1564.6280668771851,-0.0,1432.3312701406253,277.4093765190242,1285.5025,68.03435142934478,241.76391355497123
5870,207.1086767608646,519.2813861277035,4.799999999999999,1697.7916117115212,-0.0,1599.3228293187103,286.2810669135753,1473.53,72.61092283654962,255.89192880188045
5871,226.84313689972672,552.3663319102657,5.3588988247317335,1785.4614096421053,-0.0,1661.7723194810242,284.7758200987182,1587.7525,74.33696880051852,262.1930541876872
5872,235.69397029929556,555.6281801732208,5.73228921819111,1785.4614096421053,-0.0,1661.7723194810242,268.2981580550491,1600.0,71.82506353228167,262.1930541876872
5873,233.30187330458452,555.6281801732208,5.726400102197242,1692.9452059793782,-0.0,1594.938235381536,272.46953892287826,1517.975,65.865867269622,261.8609593268941
5874,235.69397029929556,520.6657277888961,5.366400102197241,1545.677114638388,-0.0,1482.7045942439868,238.47032477749514,1451.7999553571428,57.68273623484244,239.26890060924262
5875,222.3220131203285,480.74874899322185,4.856400102197242,1385.8099338937723,-0.0,1361.0709531064376,204.95814403093325,1322.4999553571429,48.68978334140505,212.10313127067388
5876,208.8581307597069,470.495001010135,4.326400102197241,1337.6985242441958,-0.0,1247.2373119688884,208.79753554866525,1250.8249107142858,40.83823040891186,183.4193745645127
5877,195.55847285412167,435.17252875732265,3.836400102197241,1199.5518625045186,-0.0,1108.7036708313392,186.9668872186063,1128.4999107142858,35.108575625572016,168.68205769354068
5878,182.8947684188607,402.81076440392496,3.396400102197241,1160.9344243460514,-0.0,1023.37002969379,175.02738725611306,1007.8749107142858,30.18376081879869,154.94637603780433
5879,171.71644719583006,374.3061386501371,3.086400102197241,1157.8395421956468,-0.0,956.4363885562408,161.6440866667221,902.5504017857144,26.902836914015218,144.2221408887177
5880,163.30928472999332,349.2931779073086,2.876400102197241,1063.9511442055557,-0.0,864.1027474186916,151.2267978651504,801.6254017857144,25.151189377838847,122.61536523394516
5881,169.40039829544452,324.9428392869841,2.736400102197241,973.8014015564866,-0.0,823.8691062811424,141.0415326392172,764.4253571428573,23.801985480866534,104.54783474482882
5882,162.7107403898593,329.54479423619006,2.636400102197241,884.7596419189504,-0.0,747.7354651435933,163.41510883278417,673.3753571428573,23.279614313297266,90.73426635848978
5883,169.58531198588625,332.7184241305992,2.5664001021972407,905.4758236894709,-0.0,673.5018240060441,151.49762356755824,585.1003571428573,22.342628612345244,94.28009359391338
5884,173.20075235043902,333.97777682578874,2.4864001021972406,807.6153662397452,-0.0,637.4681828684949,136.95361570901207,496.9503571428573,20.56908292701554,100.97661250164292
5885,176.48626829628725,329.80333087753104,2.3164001021972407,695.866883307319,-0.0,543.1345417309457,115.87738781117318,402.1253571428573,16.76630817492033,94.90857827127898
5886,167.0924263337625,298.5058370577853,2.159925907000511,594.6181793718102,-0.0,457.2577040381446,92.98682284199197,335.78035714285727,12.52258206044074,105.18062375795397
5887,161.86593040408738,306.5326807956316,2.162378640776699,553.1116817554956,-0.0,469.2083217399392,76.69479706337775,351.4528571428573,12.52258206044074,105.45286804702256
5888,176.5583848465495,330.17146734387353,2.4374041900868675,693.9771662084266,-0.0,545.6149777704059,69.10716299629182,441.3628571428573,10.616832936395266,109.33069953635707
5889,183.30531801512313,368.34917261108956,2.8995937659683184,781.4802764806548,-0.0,628.6207881462619,68.79445440914945,590.4978571428574,10.616832936395266,130.21109155121664
5890,193.74287099175177,387.1558382524085,3.604011241696474,927.3676608271148,-0.0,798.2403262194158,74.95749376981695,790.4978571428574,12.555785562657771,140.23717459115332
5891,216.60416190983588,435.54492562923406,4.34748339294839,1084.9989494706624,-0.0,978.4024568088141,83.73488545691572,990.4978571428574,15.04246969746153,155.40855614469447
5892,224.8226897314385,450.790956380411,5.095779253960142,1243.552245328703,-0.0,1158.6074215300596,119.52001882111263,1190.4978571428574,17.765070461637745,158.50943017655797
5893,229.3447661925503,487.32186590106846,5.7801967296882975,1466.7349215339661,-0.0,1276.7269596032136,155.30515218530954,1372.1703571428575,27.05719156170256,156.59737046572394
5894,229.47706480300008,482.3257693390868,6.23944557996934,1553.2769156401278,-0.0,1396.447061446108,156.07376575479407,1502.4628571428575,28.44015291650409,148.0446232159587
5895,235.69397029929556,463.02964696887824,6.399999999999999,1683.2216495895793,-0.0,1415.4536772073075,148.88632815136236,1559.4378571428574,27.926206985034185,133.03379108030123
5896,234.96507304798092,458.4746344547601,6.399999999999999,1616.7564316074981,-0.0,1400.4899229035295,163.10056621828227,1529.2028571428575,31.97717595287648,113.75894603733707
5897,229.76040717986564,421.388155031714,6.010817577925394,1587.6119650628764,-0.0,1320.6844217381179,169.53497053045186,1426.2228571428575,35.04620633314698,93.13644049776326
5898,204.82063982824434,396.7130210525293,5.2408175779253945,1396.0141119887717,-0.0,1188.8507806005687,135.2721021611002,1339.7228125000004,35.04620633314698,82.28075845326309
5899,190.96549431096852,344.37535422592805,4.440817577925395,1199.582505675786,-0.0,1050.4171394630193,102.44518664047152,1192.0728125000003,27.596907832491485,56.92945418119161
5900,165.7378483073684,321.98925320095486,3.9486228465581417,1017.5953674023378,-0.0,922.0834983254701,72.68624754420432,1055.9978125000002,21.0939438730299,48.30811165664062
5901,143.20405266707738,276.4794328733781,3.5564281151908888,856.9438035605197,-0.0,808.6498571879209,46.67072691552063,929.8228125000002,16.517812642971357,29.864857525435617
5902,135.80314984584396,233.08318184560613,3.2342333838236357,705.631805656098,-0.0,705.2162160503717,22.192927308447942,867.047767857143,12.470957781519918,14.964118990358166
5903,117.46552208324987,221.54969300889314,2.7742333838236357,568.5762503085133,-0.0,614.5825749128226,-0.0,759.022767857143,9.28021201807862,4.709166481879628
5904,115.00732910913761,185.42344198112124,2.474233383823636,557.2053171927078,-0.0,538.1489337752733,0.8572686001461847,659.647767857143,7.477295360458628,-0.0
5905,114.66587427081626,179.46185743325378,2.264233383823636,449.680434174612,-0.0,473.6152926377241,15.532612966601178,569.397767857143,12.568080305104921,12.58305937990843
5906,115.38577435605549,147.2946492939372,2.352038652456383,352.8524702471243,-0.0,418.4816515001749,-0.0,541.7227232142858,11.387156400321452,13.781943038895276
5907,104.04260369687645,145.2344805448991,2.153557148331996,379.5900816189578,-0.0,370.5480103626257,18.139587981386228,461.4727232142858,10.133065224941024,28.69443629304586
5908,105.73425103840958,145.0195361723814,2.201362416964743,428.4135481604744,-0.0,333.4143692250765,8.94685713659252,441.4226785714286,8.596032222147407,30.252313635828923
5909,105.80320677382755,144.90267757677438,2.14916768559749,360.6017626118903,-0.0,295.2807280875273,0.45805556488328136,355.7226785714286,13.879486249181525,43.610718851890326
5910,91.92083303426185,145.61653323724363,1.7886950233593706,415.19934541888847,-0.0,266.4611770706804,-0.0,285.32017857142864,12.06451080441273,41.85961392032557
5911,79.98980412508888,153.11355782759642,1.758960690561356,415.19934541888847,-0.0,279.7694841411008,33.95805609490959,267.7326785714286,12.157794952123407,40.95723724053125
5912,85.14584099471917,169.58910312716858,1.8609815953719258,444.16147159093225,-0.0,355.3769052876436,69.7431894591065,325.2801785714286,21.44991605218822,44.11316162416715
5913,94.77913658077192,164.74952246104877,2.1711118512300174,623.401048312799,-0.0,481.91210398291935,90.78652435173002,452.6526785714286,30.742037152253037,67.18830510544896
5914,95.22178032519653,196.3934754146862,2.606058152054895,728.286575865578,-0.0,602.6330532062475,113.42433212845883,622.2976785714286,40.03415825231785,79.67554803638583
5915,96.68112343491983,230.97309087315458,3.145235418643697,951.4280030002249,-0.0,764.610200109493,149.20946549265574,811.5126785714286,45.57559339430409,93.29845954108372
5916,100.95799015970294,239.2333595034982,3.4557821738813055,1057.7421678068476,-0.0,920.1158091390132,184.99459885685263,998.7326785714287,54.86771449436891,106.28522525417179
5917,102.83376140607777,248.65061675574356,3.9316661343893715,1254.2334280802545,-0.0,1051.807328047831,192.65142129053487,1163.7376785714287,56.61602825602149,117.46891389542972
5918,111.69800033792573,279.0362387521774,4.227557759690488,1292.1973001747954,-0.0,1102.4564557867407,191.45286140304552,1284.7326785714288,56.58441540922334,123.45381801269605
5919,100.97789242723341,264.1936273290684,4.2613415669026935,1268.6670902459077,-0.0,1137.7635145098789,212.830630057964,1337.8926785714289,53.00066088770739,124.81763461330274
5920,98.54049489805662,263.8233364264676,4.11819384626615,1295.6770187903182,-0.0,1106.0001226295055,190.9920400055907,1313.1801785714288,47.04834290383354,136.14107537071854
5921,92.26287898269996,250.90139318889828,3.588778925469012,1269.1051791926955,-0.0,1014.8090337389335,157.99774222697923,1204.2951785714288,45.46183903652481,129.2121831895957
5922,81.6546860085877,228.13267997566487,2.818778925469012,1194.8937695431189,-0.0,884.4753926013843,122.21260886278232,1061.7201785714287,36.16971793645999,130.85109175814088
5923,70.52438992746026,175.6900081819417,2.206584194101759,1003.0412951049261,-0.0,747.1417514638351,86.42747549858541,917.0451785714287,31.506979327824975,114.14368642680883
5924,49.2521818591085,155.23056720080592,1.4065841941017592,827.0550674278525,-0.0,621.8081103262859,50.6423421343885,775.8951785714287,22.21485822776016,109.54838141071674
5925,43.649604745605245,111.44121549475764,0.766584194101759,668.7390780176643,-0.0,515.6744691887368,51.549710076482,650.9451785714286,14.314479813027415,105.42037208991115
5926,39.86606504127472,98.70390814610975,0.43438946273450607,516.9102034938021,-0.0,421.6408280511876,26.585073534242312,529.8701785714286,7.723828653269304,86.66076580634939
5927,38.292525336944195,89.21993081938058,0.25219473136725307,388.7684438562659,-0.0,342.80718691363836,37.95864972780929,419.32017857142864,7.723828653269304,69.3372601932844
5928,25.808980586037862,83.56761850361077,0.21999999999999997,382.1677490073459,-0.0,278.87354577608914,23.03939628969534,373.17013392857143,4.6526793053020645,53.556396111658856
5929,26.663319533686142,79.35007187707672,-0.0,276.7864234324132,-0.0,222.8399046385399,10.891852085373138,331.7700892857143,2.30591904753381,53.58260076425435
5930,15.220345040873763,75.71538665093287,-0.0,174.713991465388,-0.0,172.60626350099068,5.38090313890374,236.39508928571428,1.1737733231483114,41.11318318927854
5931,16.711600049673574,44.43817851161627,-0.0,174.713991465388,-0.0,127.97262236344147,26.90359524602671,144.3200892857143,7.335281899187503,29.461752981895152
5932,18.07535049822188,40.7058761300903,0.077805268632747,198.07156036605403,-0.0,88.03898122589226,26.90359524602671,113.77004464285713,6.1933616179857705,19.329945357339874
5933,17.13621317428838,33.85190873760497,0.07561053726549394,99.61873680759284,-0.0,38.405340088343024,14.695736699857747,76.64499999999998,3.590492262207371,22.9740114422159
5934,3.067937802839639,-0.0,0.002322477918096033,108.71142689898022,-0.0,-0.0,2.251224615387784,4.562499999999972,0.7301287953391684,13.081471802213624
5935,5.204767079901819,3.8195265378802965,-0.0,32.23273084074419,-0.0,-0.0,-0.0,-0.0,-0.0,7.792645409147057
5936,1.050546258465646,19.642404946743497,0.16378380721220515,-0.0,-0.0,96.39252564049713,8.077738849140303,75.62500000000003,1.3566812465467954,7.063778113643188
5937,3.128473987697147,47.57187160758711,0.316926372362946,144.3458629129222,-0.0,253.3984568241547,26.156648918267337,219.47750000000005,6.068212489014661,12.250570350130083
5938,11.101641477758248,90.89402072421662,1.0010397656763266,241.3369919173071,-0.0,410.418075435843,50.033745180451184,412.68000000000006,12.691363854205921,20.79537953249934
5939,35.412742216335005,148.63064905114987,1.6480453865245634,464.51966812257024,-0.0,618.139615370971,85.8188785446481,612.6800000000001,20.090494098475773,47.58325526151155
5940,61.49442001366734,191.11913010004903,2.448045386524563,644.1628072807886,-0.0,825.861155306099,121.60401190884501,812.6800000000001,26.384062231584636,60.69207709284722
5941,87.39733028329755,259.1168667336506,3.1994020548945166,867.3454834860518,-0.0,981.813041489808,155.35028460340055,1000.2325000000001,32.68907727458472,86.83778850826877
5942,101.6436953985551,289.97629971751616,3.8192359843784205,1000.0485877470214,-0.0,1132.9332641405038,191.13541796759748,1199.7499553571429,37.40912784160601,107.96023229227663
5943,116.64807401864572,333.2941025848161,4.1200229031316145,1060.9016206686345,-0.0,1181.85433244581,200.5427643270895,1307.3329464285716,39.84757631258543,121.93950174449483
5944,123.86544656680452,353.3772123532401,4.060825151470909,1074.2315124361514,-0.0,1200.4621562850245,197.59108828295714,1355.8329017857145,39.84280062988646,113.74214825105327
5945,121.25936484754561,347.35862612589966,3.631995309876632,959.2930633098468,-0.0,1146.7995697899944,216.34297786035268,1267.0554017857146,37.23333814474405,97.7450904576472
5946,98.82405459933936,327.1746686676582,3.139800578509379,905.5932790573013,-0.0,1047.4659286524452,193.80132756565718,1139.1804017857146,31.905985095083484,89.82701836356756
5947,75.87817409303916,274.84961402931714,2.3398005785093794,732.3959874593027,-0.0,937.732287514896,171.4710721629067,1062.1053571428574,25.75663929258639,66.91986490285932
5948,66.04056961802688,252.56136943761223,1.8576058471421262,568.729368190793,-0.0,838.7986463773468,183.26016898515735,934.6053571428574,21.195075294069007,60.63449711349319
5949,58.957581930784286,233.20741197937073,1.2948597069129129,526.725592432481,-0.0,755.7650052397976,168.2752966865326,816.6303571428574,17.982289475949596,42.29941905846656
5950,52.863435486347775,186.9592665969971,0.94266497554566,376.52339873234126,-0.0,679.7313641022483,187.07382376418602,700.6803571428574,15.474390936238299,39.92549777575016
5951,48.58447608777492,145.09112121462348,0.4926649755456601,357.56226982081773,-0.0,576.0977229646991,175.96812631821354,596.7053571428573,14.195768765134106,39.763022999683486
5952,45.91435793200813,134.95954660099986,0.43047024417840696,248.19074845016706,-0.0,527.3640818271499,167.63787091546305,556.8053125000002,14.21959023323397,43.32344123691627
5953,44.48846423127772,99.11140121862624,0.21047024417840698,150.30634196584236,-0.0,486.03044068960065,161.35849959915657,520.4552678571431,15.39707716013992,36.355407006552326
5954,30.650640302316962,92.87840087192941,0.07047024417840708,170.45011515645987,-0.0,447.4967995520514,154.53944262469685,429.20526785714316,16.730673185056013,45.81896973894455
5955,17.227236994759238,59.570494767441964,0.20827551281115392,84.46171716636869,-0.0,370.6631584145022,148.11468820426464,339.50526785714317,23.848652351760045,43.752444788504384
5956,16.631913552122782,45.653918316888934,0.03827551281115399,-0.0,-0.0,333.629517276953,140.10879429463793,246.63026785714314,24.870077482497443,42.71044806659935
5957,1.245818638449908,9.672672256238934,0.03608078144390092,10.584249724388528,-0.0,283.4958761394038,129.55948191742772,143.53026785714314,30.83153875669504,54.090237016036426
5958,-0.0,6.295089542986139,-0.0,6.20753859621891,-0.0,247.3762043147554,119.10360253345638,124.85772321428598,29.61715751539687,66.29481575099996
5959,-0.0,-0.0,0.013863055697496018,-0.0,-0.0,284.68402815396985,117.12599089925845,134.82772321428598,29.944843498583488,69.59957072780058
5960,8.349567953414311,22.850113440715276,0.3539448134900355,138.4300631808337,-0.0,404.6335988548181,128.06048015202586,229.550223214286,33.40353543942822,92.57355647003578
5961,25.0402190035889,67.8698217538437,1.0229535002554928,297.34626791694416,-0.0,578.1537812362467,147.93955909236348,429.550223214286,37.95162666627377,106.38111615420839
5962,50.2698268196693,137.3233442754963,1.8229535002554926,496.6420693731426,-0.0,785.8753211713747,176.9694707808331,629.550223214286,44.86739796231825,138.01430017529017
5963,79.26452925485154,206.7768667971489,2.6229535002554925,719.8247455784058,-0.0,993.5968611065027,206.9531298043883,829.550223214286,54.15951906238307,156.9494208137358
5964,108.27883753947211,276.2303893188015,3.4229535002554923,943.007421783669,-0.0,1201.3184010416308,242.73826316858523,1029.550223214286,60.27814926875078,188.302705152175
5965,133.40287641327387,339.77523833910533,4.2229535002554925,1166.1900979889322,-0.0,1405.8521903125556,262.22055026310977,1223.0552232142861,65.0100443429955,202.63932538417689
5966,162.86462270068583,387.33420266610034,4.882899846704138,1278.4974151283936,-0.0,1560.1294177543355,272.3855000042731,1419.550178571429,67.52350195109302,211.78557590646005
5967,174.6479931577752,414.1156287847347,5.422233055332507,1319.067549417444,-0.0,1647.9074908507257,273.0527482778247,1545.6901339285716,74.33696880051852,229.67621105112914
5968,175.8062795595824,413.501012658275,5.507618849916053,1276.8644656937158,-0.0,1661.7723194810242,262.5890351536055,1527.5926339285716,74.33696880051852,239.92284258860207
5969,164.20392803982992,382.2798308900695,5.123140055843493,1148.6773319044676,-0.0,1588.7525268485742,236.25684177791553,1417.4026339285715,68.27784104243315,228.18604902082146
5970,143.22633675924786,361.7941984866248,4.3831400558434925,970.8039893410678,-0.0,1460.918885711025,230.64141993611904,1265.9276339285716,65.42238604956871,222.4104925228694
5971,121.1845210236294,340.05141754932646,3.5831400558434923,901.5072859979143,-0.0,1323.485244573476,222.90713758351706,1110.8026339285716,56.130264949503896,213.10877258114652
5972,101.48828466660791,293.98063017596115,2.8331400558434923,730.7050922977746,-0.0,1196.5516034359266,187.12200421932016,958.6776339285715,46.83814384943908,204.58415962612418
5973,83.26570250652884,251.36555566913242,2.173140055843492,581.6166943076835,-0.0,1083.8179622983773,186.19715212212094,818.9276339285715,45.411965225181746,182.38530817690622
5974,65.9792699831407,210.82310328480773,1.633140055843492,552.1693611062085,-0.0,980.2843211608281,187.33831181274095,742.5025892857143,44.59311751853659,175.53943742382012
5975,63.696870794998084,173.23351230087326,1.2331400558434922,426.48894612765025,-0.0,891.2506800232788,191.29833201416648,618.9775892857143,38.02206277425253,171.7541955697659
5976,50.124074227546345,144.13448800010988,1.2309453244762392,310.67295671746206,-0.0,816.3170388857296,167.05039488253584,504.15258928571427,32.782728037779634,170.63775869092194
5977,50.055310995340136,108.90705051715094,1.0309453244762392,309.69712149951556,-0.0,746.2833977481804,175.92357814879438,397.3025892857143,28.00194603852094,172.8933972177596
5978,37.54827173184601,74.83223515669604,0.8509453244762392,308.6510480146835,-0.0,677.4497566106312,153.492536891427,291.3775892857143,23.20166222747138,176.71784071980753
5979,37.147157700709144,41.51741979624114,0.6909453244762392,203.83323741174627,-0.0,609.916115473082,162.93546475493503,245.80254464285716,25.587749101075936,167.74666199428412
5980,24.929548179121056,8.53188660212773,0.5209453244762393,98.62922251885756,-0.0,541.8824743355327,139.4515747745814,200.2775,27.776279613884547,158.58365934493912
5981,11.505022596381435,1.4724456209919765,0.2509453244762393,93.71074045412257,-0.0,463.8488331979835,145.00393289349216,89.90249999999999,21.441879457661365,161.92609021457946
5982,-0.0,-0.0,-0.0,-0.0,-0.0,399.8863272414878,118.64376460582842,-0.0,21.803221226057033,165.21772629549878
5983,0.19825691068053786,-0.0,-0.0,94.50000782732894,-0.0,403.4799401521984,134.01708066007447,45.55745535714284,17.01657833660347,171.54699592075622
5984,13.055210671462792,53.271529264635305,0.4225498211548284,159.46934276083155,-0.0,478.45825486419176,160.14032660496332,129.7855803571426,14.641311661893301,167.46117969287104
5985,35.117436035403884,99.96396327543283,1.1414384261624928,382.6520189660947,-0.0,608.3357641908417,195.92545996916022,271.4905803571427,14.394239336359602,179.6363273953354
5986,63.40482744507062,162.15912854205817,1.9414384261624926,571.9511369447832,-0.0,775.5413329510948,204.83490136547397,457.4355803571427,22.534096551376727,194.9512208168821
5987,92.86657373248256,231.61265106371076,2.7414384261624924,781.4724947454336,-0.0,960.4323283594396,214.93039052578894,657.4355803571427,28.97063032060435,196.43704918964414
5988,122.3283200198945,301.06617358536334,2.9943152784874822,987.4542866086874,-0.0,1140.6233237677843,223.46917637539912,857.4355803571427,29.571687100944118,211.9402801853434
5989,150.3014828054939,365.50243406375347,3.794315278487482,1182.0186298809365,-0.0,1300.3431839950756,259.254309739596,1057.4355803571427,29.773532841199913,212.84154145116986
5990,171.87514125755857,434.95595658540606,4.594315278487482,1405.2013060861996,-0.0,1413.6350250580308,258.37984828817514,1202.3655803571428,35.682909627014986,224.12394622886055
5991,183.28795734635742,461.3185060841986,5.052626469085335,1466.4088464950873,-0.0,1459.3134203085585,277.753626780865,1276.2030803571429,38.2491410387409,228.56511805142108
5992,182.8262974044342,460.68282097112336,5.198012263668881,1442.1124965617075,-0.0,1438.5070332192693,286.2810669135753,1320.3205357142858,38.264252803760264,215.31863990255914
5993,181.7758414487284,455.0740744502506,4.888709759836485,1320.017272265014,-0.0,1342.0444467242392,281.5603729209744,1270.2254910714287,35.19670199692035,210.23911040906194
5994,159.32705492894038,403.13689611366544,4.188709759836485,1172.3804877462717,-0.0,1198.3108055866899,267.1860119829107,1179.1754464285716,25.904580896855535,200.22443468076554
5995,148.25212381903725,348.02971777708035,3.3987097598364846,967.072830467885,-0.0,1042.2771644491406,249.99279053404155,1026.3754464285716,19.132209636929073,186.7950420153481
5996,126.02757999529162,296.5063480181863,2.6587097598364844,880.0409018133699,-0.0,963.6882395174174,214.20765716984465,938.4504017857146,13.52811836919145,174.7017500204274
5997,106.18034456543083,275.7057404503512,2.0587097598364843,808.1000795509474,-0.0,896.4993145856943,178.42252380564776,800.9004017857145,9.470361642647738,163.90028194932833
5998,86.9229129692034,228.46665782492056,1.5187097598364843,629.0221840056751,-0.0,766.965673448145,169.50101159057033,725.3503571428573,5.961383096501996,153.14799627061143
5999,82.17874828376087,211.99462452401224,1.0587097598364843,464.2314033467288,-0.0,651.6320323105958,133.71587822637343,599.5753571428573,4.247517271948142,145.29898102236587
6000,66.20169077926073,199.44473478983562,0.7587097598364843,320.2366311820161,-0.0,553.6983911730466,101.56951280397658,542.2753125000002,4.453153259185156,125.95270833131332
6001,50.759820320624236,171.654273263912,0.5687097598364843,297.1700386922455,-0.0,465.0647500354974,103.96509292681664,431.42531250000013,5.3051237876160835,122.77740370398504
6002,36.290445301736234,133.0442434611805,0.39870975983648443,283.75988875931193,-0.0,383.4311088979482,108.65124279425395,381.37526785714294,-0.0,121.36926883663136
6003,22.42549090425127,122.68150226085753,0.26870975983648454,157.7344442651102,-0.0,305.097467760399,110.26958194305722,277.900267857143,2.0251377990278847,107.47041738741339
6004,21.271307977802728,113.31900033842071,0.15870975983648444,144.2936220026876,-0.0,228.36382662284979,84.1760652436466,174.27526785714298,4.599053778453741,108.6425340019197
6005,6.8307742017208,102.70888126060176,0.008709759836484546,14.328611571089375,-0.0,146.73018548530058,55.495711609069005,123.05022321428582,6.553467946088725,110.47854994592925
6006,8.34570374672549,99.96166088730742,-0.0,22.03956237083161,-0.0,86.48197099584306,62.61105085481396,48.80772321428583,9.56230118487191,114.65213097758655
6007,6.19447302747704,93.42611825053734,-0.0,-0.0,-0.0,162.26317451349422,79.41582298192256,66.01522321428587,8.128631247684602,109.64300148049408
6008,14.397756105416805,111.98706188957871,0.655258048032703,173.3246651797926,-0.0,240.31290629141117,75.07757358970477,171.1427232142859,15.294122851029098,109.30985425300041
6009,43.85950239282875,152.4605590199269,1.4552580480327029,304.52526915017955,-0.0,377.9046668158321,110.86270695390168,346.7652232142859,24.586243951093913,127.64885642219524
6010,71.51356624557576,207.3616887980598,1.4552580480327029,492.51185751636353,-0.0,564.2101147682838,146.6478403180986,546.7652232142859,33.878365051158724,149.38875580680642
6011,100.9753125329877,270.4168652516866,2.2552580480327027,715.6945337216267,-0.0,771.9316547034118,162.2253123948202,746.7652232142859,43.17048615122354,172.52244356913582
6012,130.43705882039964,334.8558566396661,2.406714358712315,938.8772099268899,-0.0,979.6531946385398,198.01044575901713,946.7652232142859,52.46260725128836,180.7859920264669
6013,159.8988051078116,404.3093791613187,3.206714358712315,1162.059886132153,-0.0,1178.7727327116938,210.4657012588816,1146.765223214286,56.458694274244756,201.82039548639935
6014,184.1925813087338,473.7629016829713,4.006714358712315,1313.3562772240484,-0.0,1338.5785028182827,246.25083462307853,1307.0502232142858,65.75081537430957,218.2296573615879
6015,199.18145454473935,499.4027406302589,4.006714358712315,1387.6206160605855,-0.0,1432.299369777253,270.7347926125386,1394.5577232142857,67.67403819404664,228.91591264567356
6016,213.0109719451867,495.61287081414406,4.006714358712315,1360.1839135960633,-0.0,1437.8784496053227,248.66660791719454,1442.5776785714286,70.51001541076356,232.28755333403242
6017,212.46703554886815,461.5871635057662,3.86,1337.6462977242322,-0.0,1416.8033731786988,242.27373137387065,1339.6201785714286,69.18035675046036,228.1674047582944
6018,201.39281614040758,409.2078714051809,3.32,1253.423611797893,-0.0,1273.4697320411497,206.48859800967375,1256.1951339285715,64.01780734919173,217.5004021424564
6019,176.05705883644998,352.79619645997775,2.67,1159.244483314717,-0.0,1118.2360909036004,187.5989129065806,1106.5951339285716,57.79914884991294,203.16622976664382
6020,152.45149769885904,299.4602343813111,2.09,959.3589538781802,-0.0,969.9024497660512,170.18093703727922,960.8951339285716,48.50702774984812,189.6206108841815
6021,129.8388243337499,276.15703449370346,1.5800000000000003,767.4516457200618,-0.0,898.113524834328,155.70068218958883,878.3700892857144,44.459092881962235,163.2105647989376
6022,120.67326824273475,252.59216959513645,1.0800000000000003,688.6200661858153,-0.0,763.7348081269653,140.05245091753696,743.0700892857143,35.166971781897416,150.6518641945899
6023,100.09578192348926,232.00587896349623,0.7200000000000002,626.2360356004982,-0.0,702.645883195242,126.52681296572084,614.8200892857143,31.73369874923588,139.89152837500652
6024,81.68809943787711,213.66792332089665,0.4700000000000002,503.29475623832724,-0.0,652.8569582635189,90.74167960152393,549.7700446428571,29.8321457243855,130.7852805935123
6025,77.401954847762,197.82425481176045,0.29000000000000026,349.38653748383445,-0.0,542.1233171259697,81.37635599155456,436.09504464285715,21.502774752095213,123.78884410343217
6026,71.84974826788533,155.53996767829705,0.18000000000000016,204.11298256459713,-0.0,505.83439219424656,45.59122262735766,325.52004464285716,13.873403779804924,119.15794215809093
6027,56.0453276464823,142.58058630262425,0.1100000000000001,174.52404987713905,-0.0,405.40075105669735,39.75418978359654,219.47004464285715,6.614756438907534,115.74175714987078
6028,52.74533269305811,100.81844273589256,0.06000000000000005,31.70693751473874,-0.0,306.6671099191481,3.969056419399628,172.09499999999997,-0.0,113.18947147115387
6029,37.023603677770225,88.37310921579702,-0.0,0.41800482728062605,-0.0,210.33346878159892,-0.0,69.66999999999999,0.659396049726289,111.74536186861533
6030,24.448259579182615,84.07669955392154,-0.0,-0.0,-0.0,143.9280884239887,1.7734924873952558,-0.0,2.7108001530482184,112.18335539905074
6031,35.84570712689951,104.30919749669305,-0.0,96.13263848364052,-0.0,157.47878666431765,16.438335399774058,68.49495535714286,8.083435657212023,117.5777537373699
6032,46.83208041097514,124.59753888171804,-0.0,173.60016873111073,-0.0,320.3874053072973,45.09073503856203,221.00741071428573,17.02646638568021,128.04676042870327
6033,67.97964100206772,169.74294627599292,-0.0,325.31833817494487,-0.0,480.9647535568786,80.87586840275894,421.0074107142857,21.306561431386477,143.7069209840488
6034,96.72728480327896,230.89904889369166,-0.0,548.5010143802081,-0.0,688.6862934920066,116.66100176695585,621.0074107142857,30.598682531451292,162.413913277278
6035,126.1890310906909,300.35257141534424,0.7999999999999998,768.1825938876243,-0.0,896.4078334271346,134.94758015288082,821.0074107142857,39.89080363151611,183.06119618910793
6036,155.65077737810284,369.80609393699683,1.5999999999999996,991.3652700928875,-0.0,1104.1293733622626,170.73271351707774,1021.0074107142857,46.77233907658504,205.45825177229173
6037,185.1125236655148,439.2596164586494,2.3999999999999995,1214.5479462981507,-0.0,1311.8509132973907,206.51784688127464,1221.0074107142857,56.06446017664986,228.02404439067595
6038,211.58099036931065,494.07844991326317,3.1999999999999993,1379.8052284384726,-0.0,1519.5724532325187,242.30298024547153,1386.1299107142859,65.35658127671468,248.13188774484738
6039,227.62375355291982,554.012268072689,3.999999999999999,1585.8075545295055,-0.0,1634.1789884551838,269.91114685517914,1482.579910714286,69.0676431733886,262.09257012247417
6040,230.51339744719587,555.6281801732208,4.601267245784363,1582.898561106808,-0.0,1661.7723194810242,286.2810669135753,1480.527410714286,73.69976210976716,262.09257012247417
6041,219.0301200363338,554.170767378838,3.8316504854368927,1475.3291167936356,-0.0,1595.5096524474598,255.94068295355203,1388.184910714286,74.33696880051852,260.92866739736314
6042,197.03666200575805,532.4468595918157,3.3916504854368927,1408.9935457536226,-0.0,1469.1760113099106,246.20581120998736,1312.0098660714289,71.21097938362756,251.71084717390733
6043,184.89128384010354,477.0901896137344,2.781650485436893,1323.036195992028,-0.0,1393.8870863781874,210.42067784579046,1229.1848214285717,61.91885828356274,238.98321565903746
6044,160.71417161258535,449.722473249021,2.211650485436893,1118.6417729475838,-0.0,1249.4534452406383,198.1160615049763,1087.8598214285716,57.49770884323831,226.09495524513568
6045,137.14975099118232,395.5741382599804,1.7016504854368932,1038.8230785270111,-0.0,1112.119804103089,187.74916618577313,952.1598214285716,54.47167212450575,213.346065932202
6046,115.024367778952,343.2919946932487,1.2716504854368933,965.6865968906235,-0.0,980.1861629655399,177.58600367600025,879.9097767857145,52.22368995477827,201.2398181507078
6047,107.75610184081569,295.44794683767145,0.9716504854368933,901.0412216463284,-0.0,928.8972380338167,170.77942269864383,760.1347767857145,51.329373243856885,191.68275276159576
6048,89.8561018408157,278.4507090287304,0.7816504854368933,740.6241092839281,-0.0,821.9635968962675,166.21999299830117,648.2847767857145,51.46677654074665,184.28304584104427
6049,72.87610184081569,263.47751907536656,0.6516504854368934,591.7634394783647,-0.0,723.6299557587183,164.317144830375,542.3597767857145,45.28029809567133,178.6947854271425
6050,56.85610184081569,250.3143291220027,0.5916504854368934,556.0091706261621,-0.0,697.5410308269951,162.7803084502681,441.98477678571453,39.1947707235293,175.12124195036182
6051,41.24610184081569,209.0043291220027,0.5516504854368933,415.9049433774358,-0.0,604.4073896894458,161.75290232556398,340.70977678571455,40.53706129882718,172.0099625878487
6052,25.03610184081569,167.0343291220027,0.48165048543689326,272.02249485029097,-0.0,508.4737485518966,159.47834492384607,239.20977678571455,41.598853685915934,169.76258255483881
6053,18.76418170573696,148.63113916863887,0.2516504854368933,110.04004632314616,-0.0,463.8848236201734,128.63014818033065,181.5097321428574,40.98747880240773,165.67583142086082
6054,-0.0,135.68967573959952,-0.0,72.20049126719566,-0.0,365.0794432625632,121.35280367420422,96.1897321428574,40.11269353133184,161.9497320048115
6055,4.1853858428246,148.12141736449485,0.0790393459376596,15.874163499949177,-0.0,338.8015585688158,125.27995886167254,98.1472321428574,41.45700103567606,163.86865857166578
6056,8.184484863824816,158.02474982323525,0.49864844149207943,143.8392010928726,-0.0,448.63871987660457,136.92842922737603,178.20973214285743,44.10728205247417,169.934791494518
6057,21.921116994899556,219.2930614679518,1.0013157894736846,342.15499212861573,-0.0,618.5321611286683,158.43280948722878,328.1497321428575,48.62604590234793,172.6122947683955
6058,51.382863282311504,288.7465839896044,1.8013157894736844,565.3376683338789,-0.0,759.8660309381277,185.17890238978833,528.1497321428575,54.916397253293596,188.8075438215784
6059,75.67124934284044,346.8340484668446,2.6013157894736842,728.5070482063559,-0.0,967.5875708732557,213.3392396367127,728.1497321428575,61.3999135870285,206.88358977282022
6060,105.13299563025238,416.2875709884972,3.401315789473684,951.6897244116191,-0.0,1126.2354099956158,241.24104451090014,928.1497321428575,60.937991075013706,226.05017597352514
6061,127.21582964233217,485.74109351014977,4.201315789473684,1094.1397172482573,-0.0,1266.783490733579,241.24104451090014,1128.1497321428574,66.18975592318981,243.46888575842266
6062,143.17094252580893,523.2506205891913,4.956318344404701,1297.030880890853,-0.0,1436.7911026448794,241.24104451090014,1271.0622321428573,62.95274179508164,255.49696453495042
6063,162.3587321306436,539.8855196603043,5.368980582524271,1435.5474596777578,-0.0,1480.554803735697,251.59079832404657,1342.6722321428574,64.40022315766579,262.1930541876872
6064,170.03712490470647,528.475621675796,5.402835973428717,1489.241900545485,-0.0,1448.8624262285757,250.65122723789582,1319.4822321428574,62.963033103785754,260.1812860248376
6065,165.36083504536228,515.4726035492043,5.058709759836484,1336.960481715013,-0.0,1340.9140506620495,239.54139393116452,1206.6347321428573,59.15982152982107,252.03556428430048
6066,137.14083504536228,456.91121557508563,4.328709759836484,1228.4387063850484,-0.0,1246.5251257303262,218.28569704025213,1050.2597321428573,49.867700429756255,236.4997566932522
6067,113.72781633998721,394.6762106079637,3.5287097598364845,1113.3169310550838,-0.0,1073.391484592777,195.67341861692324,945.7846875000001,41.849041930477476,218.45250259555422
6068,85.56147053692963,363.18587212074624,2.7587097598364845,897.9016398854326,-0.0,909.6578434552279,174.4082914706081,847.209642857143,34.879161611596665,201.55279567500273
6069,73.23685879573574,308.25872358689264,2.1187097598364844,809.462077339653,-0.0,793.4689437746022,138.6231581064112,700.209642857143,29.48733584172092,187.65635918492256
6070,50.10416718962058,255.40586218650245,1.5987097598364846,727.6393914133139,-0.0,718.780018842879,122.65036887758134,620.7595982142858,24.451619169855327,175.77136920149215
6071,41.55320964536912,206.7410964972667,1.2487097598364845,552.8360747609621,-0.0,588.9463777053298,108.35675450140373,548.9345535714286,21.19884432540292,167.40273137041848
6072,35.27956049500251,160.95418724129928,1.0087097598364845,502.83915906197103,-0.0,471.11273656778064,97.20459395626736,486.9595089285715,12.096306082515675,161.74881047646588
6073,30.50687393546316,117.59703870744568,0.8587097598364846,350.8793998527822,-0.0,429.2238116360574,86.61844519895024,372.8345089285715,10.575251245874426,158.45878891201653
6074,26.819766754520778,76.46345947339695,0.7387097598364845,318.0784926480246,-0.0,394.0348867043342,77.49457542002213,263.3095089285715,9.773698221024045,156.73103146183473
6075,24.16285573994505,36.56725811684419,0.6687097598364844,289.86070882382654,-0.0,296.601245566785,71.52925181005277,214.43446428571434,9.773698221024045,156.11145008783132
6076,21.34537446727537,25.155005406537363,0.5487097598364843,211.52246638888386,-0.0,200.26760442923575,66.49418360283389,165.30941964285716,9.981872451148305,155.19677435953494
6077,15.926360345684461,10.08608271814926,0.2687097598364843,63.360536866677606,-0.0,90.83396329168653,30.70905023863698,50.309419642857165,1.2280650868174403,151.78373384647423
6078,-0.0,-0.0,-0.0,40.55381469706063,-0.0,-0.0,24.841149784135123,16.261875000000003,-0.0,148.61148373041956
6079,9.116495926582198,-0.0,0.138214103219213,-0.0,-0.0,-0.0,-0.0,20.394375000000025,1.682876333326817,150.0891201218625
6080,17.390453002220774,18.842303101083903,0.5988809402146138,40.805379482400596,-0.0,64.44953043158111,16.780643312073888,110.50437500000004,5.343864451634722,155.34245492369664
6081,34.533103762956166,61.019528644686005,1.18508175779254,260.8898189015978,-0.0,188.12671760409376,41.60765828082784,270.7393750000001,11.12352822455055,165.7853534954203
6082,58.30387842134624,118.02477848916595,1.98508175779254,484.0724951068609,-0.0,395.8482575392218,68.22494957801177,470.7393750000001,13.526816694765252,180.67569664455593
6083,85.42390025659894,181.6946265741849,2.7850817577925397,666.1830339862146,-0.0,578.0102673208185,71.45618849029773,670.7393750000001,20.89518724714207,198.0213086480644
6084,113.56525513874949,246.767419384691,3.5850817577925396,858.3950546942217,-0.0,763.0436941683389,106.13691325204708,870.7393750000001,28.32566380328916,216.90365672215438
6085,143.02700142616143,305.66894001741423,4.385081757792539,1025.2777665403803,-0.0,931.8059455655387,138.77126211172663,1070.739375,35.123409027342284,234.5846306213195
6086,161.0196694238768,350.3313677442245,5.143025038323964,1147.016569974894,-0.0,1061.9258863313642,165.93556046956883,1217.841875,40.66328021676034,250.3427109905046
6087,183.19278676684382,380.54458336976063,5.621216147164025,1207.6676749471312,-0.0,1135.4895068836477,153.6245772077819,1350.384330357143,43.82013466900224,260.1019840168013
6088,181.7410129921479,376.7158765627629,5.69801226366888,1185.183528393605,-0.0,1139.7685061731827,165.60594734301026,1394.2017857142857,44.268186326521665,262.1930541876872
6089,180.278574029487,344.6891581308781,5.346474195196729,1176.1625478865005,-0.0,1060.0915476725802,163.37569561246147,1341.6242410714285,41.87092435647552,255.69034808002323
6090,156.93786232804445,294.67291703735003,4.626474195196729,997.9020904367749,-0.0,926.257906535031,149.952415224496,1244.6491964285715,36.08149492396224,240.96925742609605
6091,133.04158948901093,244.9347617207326,3.826474195196729,928.1707232583659,-0.0,852.3689816033078,114.1672818602991,1114.6507589285716,29.267676401249975,223.0728209360159
6092,110.99706390627131,198.9904050475624,3.076474195196729,875.0580538921464,-0.0,789.2800566715846,102.84969891830615,1018.7507142857144,22.8782469687367,206.62066119261087
6093,92.27408941345892,185.1349920535162,2.416474195196729,734.5576813847557,-0.0,674.3464155340354,95.26610418849394,879.8757142857144,17.664428446024438,192.67504231014854
6094,74.61400269312836,173.83671765907982,1.8264741951967294,600.287981206854,-0.0,567.1127743964862,90.09193971408449,744.7757142857143,13.231108111521305,179.74086993433596
6095,72.55737904994936,139.28592035147068,1.4064741951967294,480.64405125630043,-0.0,474.07913325893696,56.12298097145188,674.5756696428572,10.056340514232378,170.51650884993742
6096,59.41613357242487,135.58098591319683,1.1364741951967294,485.74916910589593,-0.0,392.3454921213878,56.1411544145277,557.9006696428572,8.410849285550551,163.74787101886375
6097,47.39911254993676,104.02305994022171,0.9164741951967295,385.2034179625933,-0.0,383.8565671896646,24.992824355588603,503.97562500000004,7.789747147067709,158.1792331877901
6098,35.25881142223352,72.46442606783194,0.7864741951967296,287.1527647171496,-0.0,307.7229260521154,24.65991724856618,394.52562500000005,7.427197745799069,152.85814253386292
6099,23.676192780142426,70.01855438650107,0.6564741951967297,195.30211147170593,-0.0,230.8892849145662,22.585359846848284,285.25062500000007,6.381753818958833,147.9337814494644
6100,16.289584599447053,39.13158552507063,0.4964741951967298,209.57963790120445,-0.0,184.47387071072365,17.9994075531854,230.25058035714292,5.01680808032773,142.40124428888748
6101,1.4867697909892996,32.50713957681296,0.2364741951967298,99.88542721259776,-0.0,88.9402295731744,10.681431683884005,107.30058035714293,2.0738077926915555,134.46053105213218
6102,1.2856221299529,3.8602465037346025,-0.0,-0.0,-0.0,9.96347241890772,6.902426986936026,57.14303571428579,0.09636847231251355,125.95461250929888
6103,-0.0,-0.0,0.06939192641798664,-0.0,-0.0,-0.0,13.584888351342832,70.65799107142863,-0.0,122.73228485216788
6104,-0.0,-0.0,0.06939192641798664,-0.0,-0.0,26.72122938237493,-0.0,148.9454464285715,-0.0,125.57508323695765
6105,9.087395172824785,-0.0,0.06939192641798664,-0.0,-0.0,110.28464858832248,27.247589396401075,228.1579464285715,5.340679672814052,133.05662778401913
6106,25.979245974386764,-0.0,0.34811190597854047,-0.0,-0.0,242.5762077664075,31.106941581693476,366.3529464285715,11.509620520126132,142.2860715657848
6107,45.79438186399713,-0.0,1.1481119059785403,-0.0,-0.0,386.43922427968346,43.11102327445592,540.1754464285715,11.227157093676032,152.81172257811727
6108,65.97482314676292,-0.0,1.9481119059785401,136.28338670190817,-0.0,554.7448333092037,57.46816965433753,740.1754464285715,17.469393142708913,162.15282904407067
6109,81.46158531608236,36.449921420601015,2.74811190597854,321.3171521389973,-0.0,711.8933972783727,74.05014787819847,940.1754464285715,23.01409050473281,168.19218697532523
6110,92.05935793586309,91.48507546289255,3.4850051098620347,463.7154491617978,-0.0,835.4709468742899,81.58041866724969,1131.6779017857143,27.42195821617065,169.90069121961915
6111,94.92883418611358,126.91159848255764,3.895086867654574,547.0716582264172,-0.0,904.9920957181305,81.8993734951116,1200.1704017857144,30.359653067670894,167.4191319156182
6112,89.36422808555186,136.4821383729948,3.9410654062340322,558.7322963187681,-0.0,907.0571659640319,107.18968199717358,1237.1803571428572,31.596967995625878,160.51055681520288
6113,84.71513322946956,123.89508923911087,3.6300000000000003,498.77136471859126,-0.0,852.3803282712308,125.39254984685778,1188.4953125000002,31.38298804390887,148.44123897961194
6114,63.81920248485082,97.37159033504705,2.9800000000000004,391.10449530834205,-0.0,761.7466871336817,104.74146929675955,1045.9203125000001,29.193416705870813,131.00065167816854
6115,43.17501899652598,72.59974650769874,2.3200000000000003,286.2949790513044,-0.0,673.5130459961324,86.0640626169953,956.445267857143,27.21601626201145,112.69780026245759
6116,24.83700338589807,51.46837130187894,1.68,196.4814712885002,-0.0,589.9794048585832,70.05836517102281,869.3452232142859,18.70835423150812,94.23595516295043
6117,18.86399689577317,33.96651754028681,1.1700000000000002,123.92930818467403,-0.0,513.9457637210339,87.83036965535601,788.9701785714286,18.44317198366905,77.37247484820759
6118,14.318298799533114,18.740137367345106,0.7200000000000002,63.978055677222386,-0.0,438.81212258348467,71.83390600113205,652.3451785714286,17.746317029860414,61.66308257155394
6119,2.3418342788324473,8.204225815931913,0.3700000000000001,22.914828652471243,-0.0,372.37848144593545,86.81691245010178,577.2951339285714,10.936305963836215,48.561866371078665
6120,2.9267246816923667,2.3406871748927642,0.18000000000000016,1.0396271104206107,-0.0,317.84484030838627,68.65404408075011,452.7951339285715,5.3614482568449375,38.31800863916393
6121,5.704895189767409,-0.0,0.08000000000000007,-0.0,-0.0,275.11119917083704,68.65404408075011,333.9701339285715,6.740298816520503,30.382326983427568
6122,-0.0,-0.0,0.040000000000000036,-0.0,-0.0,239.3775580332878,49.92870026935522,221.57013392857147,8.20697848201737,23.102368581016073
6123,5.5237681276780215,-0.0,0.040000000000000036,-0.0,-0.0,206.44391689573857,26.01632305913911,167.4200892857143,9.049316359156848,16.47159257098674
6124,3.4462136313159633,-0.0,0.020000000000000018,-0.0,-0.0,171.41027575818936,27.76632361419921,115.47004464285716,1.3687708691061253,10.191634168575245
6125,-0.0,-0.0,-0.0,-0.0,-0.0,126.27663462064015,23.25758153664634,12.295044642857164,0.018534267540961658,4.018216627106451
6126,-0.0,-0.0,0.11540878896269802,-0.0,-0.0,77.91424947194595,20.536777174270988,-0.0,-0.0,-0.0
6127,-0.0,-0.0,-0.0,-0.0,-0.0,56.3511797457099,-0.0,79.66495535714283,-0.0,0.14442236361628602
6128,13.144801892457703,-0.0,-0.0,-0.0,-0.0,78.64463157935184,-0.0,202.07245535714284,-0.0,-0.0
6129,42.60654817986965,-0.0,0.7999999999999998,-0.0,-0.0,149.72346979181827,-0.0,393.54745535714284,-0.0,12.167020451901056
6130,72.06829446728159,41.97405100225373,0.7520618293306076,-0.0,-0.0,270.8166800098572,-0.0,593.5474553571428,-0.0,20.298011762295186
6131,101.53004075469353,111.42757352390633,1.5520618293306074,217.95843646576273,-0.0,409.3958806457281,-0.0,793.5474553571428,3.075833278076173,37.693728605299626
6132,130.99178704210547,180.88109604555893,2.129361267245786,441.1411126710259,-0.0,574.0891311330341,-0.0,993.5474553571428,8.905062178309807,54.55220959931722
6133,160.45353332951743,250.33461856721152,2.9293612672457856,664.3237888762891,-0.0,744.2966730873784,-0.0,1193.5474553571428,16.55428053585407,70.65681847444337
6134,189.91527961692938,319.7881410888641,3.7293612672457854,887.5064650815523,-0.0,874.2904470751577,-0.0,1381.5600892857144,21.796943131741493,82.25747588121982
6135,218.4382241790907,389.2416636105167,4.529361267245785,1069.807561673899,-0.0,961.6989957611811,-0.0,1541.0675446428572,23.033244722417486,89.08461550903964
6136,234.54190843371796,433.4405732886136,5.09416198262647,1194.1711367910248,-0.0,1018.7649922002274,-0.0,1600.0,23.033244722417486,88.32731293187469
6137,235.69397029929556,445.1487579758972,5.140508431272356,1231.7754075967907,-0.0,1044.4312705241439,-0.0,1536.9975,21.021377474590704,79.03015131616422
6138,226.17469097013714,436.6959173000289,4.720508431272356,1209.2385122754936,-0.0,1030.4976293865946,-0.0,1499.6224553571428,15.89894417076096,63.00113645668247
6139,215.88175744403628,426.82569874666467,4.230508431272356,1169.444263800985,-0.0,1008.3639882490453,-0.0,1395.9974553571428,7.269052878213143,46.32784485052558
6140,205.43786132710818,417.0078630379183,3.8005084312723563,1132.4886706674984,-0.0,981.6303471114961,-0.0,1295.9724553571427,8.348841538798371,31.624993434814634
6141,196.5130026193528,408.4145537405215,3.390508431272356,1095.6490435570777,-0.0,948.996705973947,3.983721103963788,1265.6224107142855,7.784833901076929,20.264657615231243
6142,187.5706393513459,399.5064886881328,3.030508431272356,1050.6422590891636,-0.0,914.4630648363977,8.504939178619978,1182.4974107142855,6.747706294600125,13.363189544132162
6143,180.20422955366328,392.17009858094724,2.810508431272356,1009.4772108716635,-0.0,885.6294236988485,15.426157253276166,1109.9724107142854,6.747706294600125,8.11253908065092
6144,173.52915643853524,385.5896705524283,2.650508431272356,973.2499073988108,-0.0,869.5957825612993,28.183328176655344,1046.8974107142853,1.9641495432462204,3.2422660343415757
6145,172.1069968205865,378.9911567469987,2.5805084312723556,936.9305869374911,-0.0,863.1621414237501,47.43126530828599,1038.1223660714281,-0.0,0.8489740394208756
6146,165.60094287362514,371.68598289773166,2.5105084312723553,905.4370367035193,-0.0,863.7285002862009,72.8322476265571,973.2473660714281,0.5772031158563884,1.188386349213678
6147,159.51353400310322,363.33557473770037,2.4805084312723555,873.5821418105696,-0.0,872.5948591486517,102.3994381963017,909.9473660714282,3.556755267233651,-0.0
6148,152.3393869967904,354.8611187220919,2.4205084312723555,835.683689474457,-0.0,885.2612180111025,135.51770931614453,846.1723660714282,7.133816477565258,0.6000412088246954
6149,142.69331480882306,341.94856699532886,2.2305084312723555,786.3030243541593,-0.0,884.6275768735533,162.5397132454176,824.347321428571,16.425937577630073,2.804862128044512
6150,133.00548627542,329.65374631493734,1.9600357690342358,740.3496116595059,-0.0,873.0796039996987,183.58592359282568,744.6773214285711,23.14363958748475,4.28365496683268
6151,129.7406732917452,332.00778561923414,1.8653168114460905,740.4406756031469,-0.0,863.8598919057832,198.27789524660525,688.827321428571,23.14363958748475,-0.0
6152,133.0883178538514,345.4318122475401,1.9396448645886555,793.332205501011,-0.0,868.9253245750891,210.25246587135692,669.8748214285711,25.32456178395735,-0.0
6153,153.17888102674263,369.61615633958326,2.202434849259069,907.0369718506736,-0.0,918.718534793128,224.34738408113532,689.6048214285711,28.0979718241066,4.664123020370813
6154,172.01292445002284,407.6896738835569,2.8653372508942248,1093.846766153319,-0.0,1053.8394420213656,244.4397173544163,783.5054017857145,35.74779397446704,21.788101246868404
6155,191.72104072910057,446.4309990607569,3.6055314256515065,1305.0894109579428,-0.0,1230.4454940128246,263.1207028286746,900.1853571428574,43.280557952240656,46.732189218750676
6156,208.09711482874613,486.82776531747083,4.404195196729687,1492.33069456127,-0.0,1412.7514251964822,276.74357976649696,955.6528571428573,49.529158368219186,74.44650120354089
6157,231.1545724665542,523.4441903554716,5.204195196729687,1653.0252349521168,-0.0,1565.643387067239,285.0988099304141,998.7978571428573,53.60586256995751,100.2047381357888
6158,235.69397029929556,547.870305920735,5.871336228921818,1761.6566083823084,-0.0,1650.0931993836903,286.2810669135753,1011.1503571428573,55.117615832003274,119.10539047723036
6159,235.69397029929556,555.6281801732208,6.281898313745527,1785.4614096421053,-0.0,1661.7723194810242,286.2810669135753,985.9103571428573,54.56372749750966,131.49278009565376
6160,235.69397029929556,555.6281801732208,6.399999999999999,1785.4614096421053,-0.0,1643.652204694437,267.98854539981676,917.3503571428572,52.71234962754166,138.4865295738871
6161,234.60294455614763,548.6190313018502,6.22458354624425,1673.2733682621117,-0.0,1634.1917016197215,243.0516792139317,871.4853125000001,49.36271093597021,142.22069457267202
6162,213.36663523510208,498.3916335558666,5.71458354624425,1500.530136552095,-0.0,1516.0580604821723,211.9943118268983,803.110267857143,44.34762338417152,142.404609423914
6163,190.547812233302,472.8581943903727,5.15458354624425,1316.5642155241221,-0.0,1390.7244193446231,181.29549060882366,679.585267857143,39.56909581675051,142.2852538446846
6164,181.05109738509293,422.08056730074674,4.66458354624425,1249.756235904206,-0.0,1276.590778207074,154.408064282694,562.110267857143,35.92957187291125,142.03809960644872
6165,160.28514391476867,400.65808524679755,4.29458354624425,1188.586911625312,-0.0,1216.9737654702176,133.0377302944818,452.185267857143,34.00466246245473,141.2090586711172
6166,153.14265352159597,353.23093671294396,4.202388814876997,1022.6716204556608,-0.0,1126.2401243326683,114.79765170902012,345.385267857143,33.3163130363759,138.6964958234543
6167,147.3001631284233,308.0778360346676,3.9823888148769973,980.4409515177887,-0.0,1050.506483195119,101.18213108033643,301.7602232142858,34.09135632407779,137.21839843105252
6168,131.00324706727176,293.7255932586046,3.9823888148769973,844.0345539560449,-0.0,990.4728420575698,91.26287764222249,209.2102232142858,36.183457784366496,136.8829425700902
6169,116.36633100612022,281.6033504825416,3.952388814876997,827.1652296771508,-0.0,941.6392009200206,84.37761241628928,179.86017857142863,39.42433742505317,138.75402757007055
6170,102.62672333885354,271.9311077064786,3.992388814876997,822.0047990061643,-0.0,899.6055597824713,77.49607999978633,154.26013392857146,42.653046171561144,142.3939175452612
6171,101.2615413395657,262.3669606415701,4.042388814876997,815.8443683351777,-0.0,856.8719186449222,68.4785947345604,128.28508928571432,45.55496949050767,146.8960716347194
6172,100.36539674945058,252.8168614322388,4.1141213774728085,807.6750440562836,-0.0,810.2382775073729,88.6614047198759,101.98504464285716,47.527663742688695,152.76703069938785
6173,98.40656055322032,242.47057080059858,4.1141213774728085,800.027498498971,-0.0,756.8046363698237,105.87054083485742,69.71000000000001,48.561354371287976,159.00188909355956
6174,84.5394446900454,205.80443849415585,4.130002828673626,793.7344570536615,-0.0,708.9994573585493,91.82224646032687,-0.0,49.670606758153674,165.909345490715
6175,85.34500131441852,202.7031520311347,4.128937422439594,692.7329660782585,-0.0,684.6652121819926,112.17272417889343,25.105401785714378,51.13078790510679,173.87396725613004
6176,89.219835610807,206.05789985754996,4.174218464851449,608.5569070750362,-0.0,688.244734972001,105.23394575483081,73.32540178571439,52.87853657611425,182.68646569569276
6177,96.67019098984008,217.45238301676503,4.297376359588291,658.754413872497,-0.0,724.8237342615361,103.57244798685443,175.6504017857144,56.20909342389178,191.32800212252823
6178,106.41639697611728,233.94325481437528,4.549236349368567,664.9434107484727,-0.0,787.145205259514,106.71872174232641,375.6504017857144,61.01239470193481,199.51863147454057
6179,117.39769078083472,252.17870818003865,4.810271096430395,618.2568706609906,-0.0,857.452183444118,112.11689997463006,575.6504017857144,65.85300772700462,210.049200420957
6180,115.32675398069847,268.8042932892605,4.988012537411489,680.4680664118732,-0.0,930.6876237549967,147.6663322292851,775.6504017857144,69.8838443455652,222.345827026095
6181,124.778251223096,284.8995557954992,5.1839910759909476,732.7660339400718,-0.0,997.9088934066389,180.442663820639,971.2878571428572,72.96501939056883,235.90441132573648
6182,132.55977943129807,297.69676465238337,5.316443809767136,767.7172481299742,-0.0,1047.2018620090748,208.91243265062153,1116.3328125,74.33696880051852,247.77954087803565
6183,136.62870846014678,302.9677447828242,5.336548561938827,667.3911335063385,-0.0,1059.5953541119839,231.64792116005725,1195.1202678571428,73.8606101722433,256.48233295098134
6184,135.5349017864044,297.55047800698685,5.2358357361851215,653.7215852187327,-0.0,1028.4466161220532,214.56455450729155,1204.0077232142858,70.42883882232402,260.6323196268352
6185,130.0147393439379,281.7011660630045,4.982422348346593,619.4605836851098,-0.0,953.99848217113,188.37224086570103,1156.4251785714287,71.43034114349504,258.42402754147514
6186,119.8868657385349,258.94343976404724,4.72022761697934,555.4841869910572,-0.0,844.3648410335808,186.86801745219532,1029.3001785714287,62.49594098727186,251.57876038909876
6187,95.50283744986517,233.38142633162659,4.13022761697934,479.2949051833307,-0.0,729.4311998960316,185.9129099522456,897.1501785714287,53.20381988720705,242.8728643376905
6188,85.54516001082882,210.24512576574253,3.6102276169793406,409.6709595403486,-0.0,624.0975587584824,155.52725179900395,768.7751785714287,51.58501948240348,232.73589919680438
6189,77.3011367687349,173.86038344116915,3.1702276169793406,353.9341287836925,-0.0,532.0639176209331,159.71182995720747,650.0751785714286,44.10423748314479,222.42031778929396
6190,64.04601966018097,154.5483700087485,2.7502276169793407,193.5255609089312,-0.0,443.63027648338385,132.05446257017405,530.5751785714286,37.29662275448305,211.63593140657326
6191,44.66102878068398,137.97064370979123,2.4402276169793407,159.56695143069362,-0.0,363.99663534583465,105.86683978039017,418.55017857142866,31.318284394428417,201.18764569434933
6192,39.91950097833856,123.25125239987463,2.2402276169793405,25.058383555932366,-0.0,292.66299420828545,80.81497337567504,368.8751339285715,25.852164230394074,192.18363672880054
6193,23.931622326359754,110.30210036784419,2.1602276169793404,12.2126591913688,-0.0,226.62935307073624,86.95397196609859,326.1000892857143,21.103149540788138,185.18289819372308
6194,21.12086094847495,71.24423400033206,2.0902276169793406,7.810492269968236,-0.0,163.69571193318703,60.99247884232649,230.77508928571433,16.439520317799445,179.63951812720617
6195,6.3920197056688774,60.98532124618778,2.3280328856120875,6.073661513312146,-0.0,102.9620707956378,35.76696191260419,139.15008928571433,12.05150200461177,173.7945028454536
6196,3.924912524726496,50.328552058775216,2.3080328856120875,3.558609478237585,-0.0,43.12842965808862,11.001735979401833,106.47504464285717,7.829320044408874,168.10030517131884
6197,1.738767934611385,38.15987858251712,2.2580328856120877,-0.0,-0.0,52.13950472636542,20.127571504992385,17.125044642857162,4.116865339180618,162.76346596574462
6198,-0.0,28.192040790069505,2.5091314603255706,1.8313581942115178,-0.0,7.277159846938389,-0.0,-0.0,2.0123272854251653,158.22880713326472
6199,1.3255602600298513,-0.0,2.56512532849113,-0.0,-0.0,-0.0,-0.0,17.044955357142825,0.5170251860266575,154.70042837975703
6200,5.089867518275618,10.408631810877967,2.6997012099423308,93.5460847037779,-0.0,35.565070245901445,7.400625740061987,79.36026785714293,-0.0,151.01852982325585
6201,11.848933070362099,30.55748782615233,2.9318013632381916,132.329448742571,-0.0,106.87249139244423,4.991529511717015,138.44526785714294,1.0449648408874523,148.90159886809923
6202,21.31611073660838,57.16243050848729,3.5185258960508055,253.62761917351108,-0.0,193.33675625300236,35.34008119588421,299.4902232142858,2.4401344575748523,148.89910150753664
6203,32.54382587731572,85.93960643931251,3.9013235455142694,462.2607254595879,-0.0,275.9866088387208,33.57967041169653,495.4226785714286,4.4711520286201365,151.83665628582054
6204,46.42400549196701,113.62162106864616,4.58439452697277,669.74149494105,-0.0,342.9937481003934,30.924835295193073,633.6151785714286,13.351417574218871,154.80928910055346
6205,62.4787063026213,142.68719468196045,5.104836530038687,757.5432256570514,-0.0,389.5298327195469,59.720092531886344,764.0051785714286,16.233607813331584,158.99173294836015
6206,77.33652383575695,167.77845417350122,5.859910577414408,782.5574864036878,-0.0,409.15210910286817,53.842513265548064,869.1401785714286,20.070074785424865,161.98394244978732
6207,87.5313394204876,184.62870893353863,6.242715891670923,750.6144962695396,-0.0,472.5623787858016,77.69515924743516,928.6976785714286,21.05679005318739,162.81168438661552
6208,78.28762827476936,189.76652687233792,6.399999999999999,673.4588412855145,-0.0,441.5569178896571,64.4868759361244,978.7901339285714,19.517449597195224,159.95862916704453
6209,75.9248065391688,179.44211274273025,6.2650562084823695,672.7447002164571,-0.0,389.59461327949725,46.142436149312374,902.4876339285714,15.904335712867795,152.02662818384806
6210,67.27097946344155,160.04509434318769,6.076418716694651,523.4517492444934,-0.0,378.60568834777405,22.728683693516693,800.3626339285714,10.357622756941135,135.81783950790413
6211,58.16485311433245,138.59497526536873,5.566418716694651,478.04433110068334,-0.0,291.3720472102248,-0.0,692.3376339285714,5.227920671759691,115.20917676727211
6212,49.71200687043848,118.6131812423466,5.04641871669465,437.0942661100848,-0.0,210.13840607267562,14.317191124804701,589.2376339285714,1.6322876299102802,93.43007383619415
6213,42.84686135316267,103.19971227412127,4.874223985327397,301.0298171545926,-0.0,139.9047649351264,10.916895874263261,491.4876339285714,-0.0,72.44279482893782
6214,24.50671990981406,90.16314262761955,4.752029253960144,171.41781925017085,-0.0,77.67112379757717,2.279174852652261,399.21263392857145,-0.0,51.657151036917156
6215,11.131007782569997,81.4560944253455,4.522029253960144,170.83890312283233,-0.0,71.04998077621849,-0.0,319.88763392857146,-0.0,34.78295375154622
6216,10.582422475724435,76.09023267825846,4.362029253960144,73.54959453636661,-0.0,45.11633963866927,-0.0,302.9875892857143,-0.0,20.277561441385554
6217,10.582422475724435,72.76174880866738,4.292029253960144,98.1280315622396,-0.0,32.48269850112006,-0.0,233.01258928571434,-0.0,9.360596689263259
6218,-0.0,70.53278638330396,4.50983452259289,130.6460345255091,-0.0,28.24905736357085,-0.0,166.33758928571433,1.3665931824502788,2.6484116475360846
6219,2.5320031922544093,48.69790703318762,4.459834522592891,167.36004598301213,-0.0,30.815416226021647,-0.0,156.41254464285717,-0.0,-0.0
6220,4.844968975336087,46.03918388571037,4.409834522592891,202.19583616209664,-0.0,33.781775088472436,-0.0,88.76254464285716,-0.0,-0.0
6221,4.527168333957155,40.31665216054205,4.189834522592891,107.78565945042394,-0.0,20.34813395092322,-0.0,8.41254464285717,4.882184997947691,-0.0
6222,2.1062100386257914,31.29717269518862,4.1157568070662105,-0.0,-0.0,-0.0,-0.0,-0.0,-0.0,-0.0
6223,2.972269726222459,27.722399004701874,4.084027073144027,39.6118561241437,-0.0,-0.0,-0.0,16.402500000000018,-0.0,-0.0
6224,7.547313509872756,32.74103352198486,4.069348948828383,7.8390986152653,-0.0,51.96438566835966,-0.0,114.96000000000002,-0.0,-0.0
6225,6.871257993408356,47.15324647481371,3.956505310606615,16.31024614275981,-0.0,169.02796595137593,-0.0,277.1075,2.8702053351770065,-0.0
6226,23.716391317187117,69.3910048454824,3.9393029600700795,52.084589935030124,-0.0,348.490781118316,-0.0,458.52750000000003,8.01866990993891,11.19054317163291
6227,30.34823720069477,96.7439860310078,3.9848011716183676,128.22632743717733,-0.0,546.7961485322334,-0.0,650.9850000000001,12.484399368000703,32.73060563643055
6228,37.29679934333057,99.23518276866747,4.0665334148478,339.9830208757826,-0.0,725.8444708857995,21.233807937635653,838.9125000000001,15.030080112642597,53.215489747421714
6229,55.18881958028469,129.54253045359056,4.392777620629244,430.1683195660073,-0.0,878.5359092560832,50.68303819875305,1006.9700000000001,15.516470331822124,71.38016073827279
6230,56.952690343522114,153.55741950554372,4.400631478575079,461.1550948614003,-0.0,984.9279113961071,67.79088546761997,1126.9150000000002,12.746466133129433,83.46446692780071
6231,64.80513663814608,161.95181412774153,4.233316711073801,450.2869045747672,-0.0,1024.563593322589,70.80696417945929,1179.6175000000003,13.32801650149112,89.06539892584489
6232,64.70325884443736,158.02810748062612,4.152404555077013,501.9675216213428,-0.0,992.7145331785209,63.44799563306676,1220.9199553571432,12.452507082824582,91.44445951127625
6233,57.75665735834918,141.483614748245,3.6329896342798738,384.6275872911129,-0.0,896.123484557216,49.839882121807456,1132.0974553571432,10.106873955755043,91.09330180983173
6234,44.69131567470671,116.52038505790583,3.0607949029126207,332.1207306234089,-0.0,759.3898434196667,29.755009823182704,1011.0224553571431,5.433091761217371,87.12311154619054
6235,31.8261701574309,90.73643753390814,2.458600171545368,245.66155256417022,-0.0,626.9562022821175,14.126915520628678,891.6474553571431,1.456818625634046,81.17921066163206
6236,20.832379563715673,67.95129362047962,1.6986001715453678,214.66632129349728,-0.0,511.1225611445683,3.774459724950887,777.3974553571431,-0.0,74.95505829521358
6237,11.958214878273148,50.142570473002365,1.0386001715453677,211.94223888608434,-0.0,413.1889200070191,0.129666011787819,675.1724553571431,-0.0,68.65719530787781
6238,5.617134131679094,8.953218766954066,0.7264054401781148,219.6626245182089,-0.0,324.95527886946985,-0.0,576.5724553571431,1.9089704255091426,63.244615383420964
6239,1.5037541117031967,1.9120929063712886,0.5742107088108619,249.14925691145248,-0.0,253.82163773192065,-0.0,488.4224553571431,-0.0,58.36323048375385
6240,-0.0,-0.0,0.2542107088108618,187.59083301031336,-0.0,200.88799659437143,-0.0,453.25750000000005,1.8690841234959308,54.20813496316944
6241,1.2312550087998098,3.481705737075945,0.3320159774436088,134.02750700703325,-0.0,201.9543554568222,-0.0,380.7825,-0.0,50.99731618926017
6242,3.3984817289298963,6.7648372072250815,0.4198212460763558,184.66967136073936,-0.0,162.22071431927301,-0.0,306.4825,-0.0,48.493038276293596
6243,-0.0,-0.0,0.6076265147091027,138.23519649419924,-0.0,148.9358531667462,-0.0,236.73250000000002,-0.0,47.9034773004481
6244,3.9199365672512556,3.59480641535232,0.4176265147091027,78.44827057658863,-0.0,111.802212029197,-0.0,159.48250000000002,5.918744982325375,48.09416780646261
6245,4.916218937560089,-0.0,0.3554317833418496,-0.0,-0.0,56.46857089164776,-0.0,71.2325,9.891155423456834,48.563474579101424
6246,-0.0,0.10375410122270523,0.03307613694430239,-0.0,-0.0,0.649019874800878,-0.0,-0.0,4.813066179580733,49.44616949338976
6247,-0.0,-0.0,-0.0,-0.0,-0.0,-0.0,-0.0,5.030000000000001,9.686659308134164,51.64936138702576
6248,-0.0,-0.0,0.32055442003065915,44.3598675871914,-0.0,46.16924252549666,-0.0,87.26500000000001,8.994890440491009,56.327683714297535
6249,13.103746900019264,2.1314402962570114,0.9603883495145629,169.29660195356053,-0.0,160.60893565450505,-0.0,279.43508928571407,10.34022088964228,64.17703728600777
6250,33.70555987239267,59.444487767045146,1.7603883495145627,348.0227409892142,-0.0,318.3051906126586,-0.0,470.2225892857141,19.632341989707093,77.59334547351567
6251,56.48957427547914,122.52365642994891,2.5603883495145627,554.3551571990356,-0.0,491.7725807518656,31.155919455339976,670.2225892857141,28.92446308977191,95.44887729948434
6252,80.76971821884406,185.96635590843988,3.3603883495145626,769.9450441837962,-0.0,662.9684732866145,66.47230513181975,870.2225892857141,29.413746627345674,111.58018731668199
6253,92.75181830966805,245.38221240199408,4.160388349514562,957.0877774904028,-0.0,810.1646074369664,95.6441772649624,1070.222589285714,35.09503545863197,127.81744791585064
6254,98.62788852071074,289.81596857069974,4.817041389882473,1082.1367219871695,-0.0,914.4612248185244,114.89101666552858,1215.7175892857142,35.09503545863197,140.75108602699024
6255,107.03545394170983,314.7361756523362,5.183942258559018,1144.5392472862502,-0.0,954.972939052464,123.7608579675425,1273.2250892857141,36.68112285460272,147.23701800372658
6256,105.80636469203935,315.44862705945775,5.264977005620847,1113.2603426984651,-0.0,919.1428661555025,119.99035470930517,1234.3325892857142,35.96877621613784,149.36303600401328
6257,94.60723282057079,288.0513839781637,4.8842641798671425,983.4301093210242,-0.0,793.942503732098,102.4607072691552,1120.0900892857142,32.1908251784005,147.1897691852225
6258,76.7419955363886,244.90843316957904,4.084264179867143,791.4348746587344,-0.0,646.9088625945487,76.91139489194498,979.3650892857141,26.21469394834196,140.5737928949824
6259,59.50850550850032,202.4499988381001,3.284264179867143,603.3494442007266,-0.0,501.5775194898457,51.74891944990177,833.7150892857142,19.748289973258053,131.0710242619396
6260,44.065603979712,163.9417938502635,2.514264179867143,439.7965072649567,-0.0,352.1775194898457,30.516699410609043,692.1650892857142,14.95016599036299,119.05693505755899
6261,31.637711571426692,130.8057224949148,2.16206944849989,299.5631787377509,-0.0,224.7775194898457,14.258153241650298,560.6150892857142,10.913038383886185,104.22498442089784
6262,19.980211495874702,100.64368906089948,1.64206944849989,184.56234373278312,-0.0,137.24387835229646,3.016699410609043,490.5400446428571,6.768627161638801,87.73580125098806
6263,11.586954116365103,77.40735855917691,1.25206944849989,98.93356818744988,-0.0,55.943878352296494,-0.0,388.6650446428571,4.131546857003589,70.70410248495071
6264,6.8071730084372835,59.88673098974712,0.95206944849989,45.58574570965868,-0.0,29.010237214747285,-0.0,308.7650446428571,2.91396836415925,54.497057882760394
6265,4.787017808782167,46.02418919722797,0.77206944849989,19.45354013466499,-0.0,25.97659607719808,-0.0,245.29004464285714,3.269557141911867,39.79164849580576
6266,3.8628343204573277,36.03592460392839,0.7252838710854823,13.102287627213343,-0.0,14.476596077198053,-0.0,246.11499999999998,1.8740187037456417,27.66322016023977
6267,3.6509683465203366,27.144320054466263,0.6352838710854822,15.974635034092216,-0.0,14.476596077198053,-0.0,190.015,0.14925119881390891,18.075672205565663
6268,3.5804572961439334,19.425327693264343,0.5152838710854821,25.0350079236716,-0.0,35.24295493964883,-0.0,131.89,-0.0,11.283092669872627
6269,2.281871427422068,9.675617498403916,0.533089139718229,18.021151040598966,-0.0,20.242954939648833,-0.0,64.33999999999999,-0.0,4.883846337924985
6270,-0.0,-0.0,0.25708760675961884,-0.0,-0.0,-0.0,-0.0,1.9499999999999886,-0.0,0.3032227736545261
6271,-0.0,-0.0,0.13613461749032912,-0.0,-0.0,-0.0,-0.0,-0.0,-0.0,-0.0
6272,0.8965026987417488,-0.0,0.4263849551062131,-0.0,-0.0,-0.0,-0.0,-0.0,-0.0,-0.0
6273,10.288674786860742,-0.0,0.7715229213811237,57.326830168064646,-0.0,32.059236092001385,-0.0,36.247499999999945,-0.0,-0.0
6274,28.218608935053826,-0.0,1.4120620118256815,246.44722576419628,-0.0,205.32763296288758,-0.0,208.23000000000002,2.307697045332297,-0.0
6275,50.79330817774924,-0.0,2.1485949704357985,459.31848082048896,-0.0,393.4957882181707,-0.0,392.57,7.035878417599589,0.9688449747796746
6276,76.90701568164121,62.326716447062225,2.9485949704357983,682.5011570257521,-0.0,577.721230149408,-0.0,590.4475,12.925425985255727,4.872061237354108
6277,100.74609959710186,131.78023896871483,3.708188736404117,905.6838332310153,-0.0,738.1898686358973,-0.0,783.8974999999999,19.037017306975997,10.534555042932336
6278,119.80304176255646,195.8156314177153,4.307085006204832,1088.2334155830679,-0.0,861.5876135569359,-0.0,944.92,24.831538501841774,14.434478056138618
6279,130.55092476967693,239.42694742383236,4.604346120154755,1213.4057925311326,-0.0,934.1003345225546,-0.0,1048.5725,29.30427937410339,15.741635067334133
6280,129.87651953788705,257.35464887035243,4.5845632892911885,1256.0913846189244,-0.0,952.0423632690586,-0.0,1070.7225,31.886800522700515,14.45768359397082
6281,128.03218996653084,247.60036228401722,4.196558690415358,1212.6239450853243,-0.0,914.4564533897609,-0.0,1007.705,31.98643286524532,11.700633564197624
6282,109.16283767334836,221.73685344570956,3.486558690415358,1104.3184203340531,-0.0,829.8564533897609,-0.0,905.98,28.23177406776577,5.633839666339682
6283,92.33369746877281,194.64144031855636,2.706558690415358,981.6813126569184,-0.0,735.2564533897608,-0.0,797.48,24.47711527028622,0.7981148579595754
6284,74.2553077664176,170.12983576909423,2.056558690415358,876.0570900934578,-0.0,648.4564533897609,-0.0,695.0550000000001,21.600511021811744,-0.0
6285,68.51422645794725,150.75989623059147,1.774363959048105,787.224884518464,-0.0,576.0564533897609,-0.0,599.755,19.70929223995451,-0.0
6286,52.915836755592046,131.13162170304807,1.284363959048105,705.1718108182633,-0.0,505.3564533897609,-0.0,506.755,17.15712438352061,-0.0
6287,39.262830265467144,116.33477290857786,1.1621692276808522,643.7414264360187,-0.0,449.8564533897609,-0.0,422.80499999999995,15.770840181913087,-0.0
6288,36.70693600286043,103.92578054737595,0.8921692276808522,597.9030590422411,-0.0,409.35645338976093,-0.0,349.13,14.404105093938028,-0.0
6289,35.667191376944636,93.36750601983255,0.7121692276808522,564.442912926882,-0.0,382.45645338976095,-0.0,283.755,13.554475480391375,-0.0
6290,35.333596387719766,82.82852359287446,0.7999744963135993,537.2520944820338,-0.0,362.25645338976096,-0.0,225.32999999999998,13.012176784456894,-0.0
6291,35.16980523212823,71.75049827746105,0.6499744963135994,506.2999313782077,-0.0,346.75645338976096,-0.0,170.53,12.889379900313283,-0.0
6292,34.33139728876701,59.71295151781999,0.7377797649463465,470.021087450659,-0.0,328.75645338976096,-0.0,114.13,13.071422992736196,-0.0
6293,21.366447375981554,44.37993116952849,0.48777976494634645,421.25421804040985,-0.0,298.45645338976095,-0.0,47.205,13.014415159735776,-0.0
6294,7.989244574770405,29.11757627727134,0.15954266734798173,359.36021456552953,-0.0,268.2848349775015,-0.0,-0.0,12.962534643297207,-0.0
6295,-0.0,29.782534208895147,-0.0,346.72962078458863,-0.0,290.78374770728794,-0.0,-0.0,14.533734963433945,-0.0
6296,3.3113128310236917,58.19585453678252,0.16702861522738854,438.04157680149467,-0.0,386.853070771319,-0.0,-0.0,19.817114262190792,-0.0
6297,27.549332704532404,111.13565082465708,0.737687787429739,607.4555985926474,-0.0,557.4070956366327,-0.0,179.75749999999994,27.571500662509596,-0.0
6298,50.331366667234434,180.58917334630968,1.5376877874297388,830.6382747979106,-0.0,765.1286355717607,-0.0,379.75749999999994,36.86362176257441,-0.0
6299,79.79311295464638,250.04269586796227,2.3376877874297386,1053.8209510031738,-0.0,972.8501755068887,-0.0,579.7574999999999,46.15574286263923,-0.0
6300,106.48661548345797,319.49621838961485,3.1376877874297384,1277.003627208437,-0.0,1180.5717154420167,-0.0,779.7574999999999,55.44786396270404,-0.0
6301,127.39211556185151,388.94974091126744,3.9376877874297382,1500.1863034137,-0.0,1388.2932553771448,-0.0,979.7574999999999,64.38793697359611,-0.0
6302,142.0323917692189,446.16548778190105,4.622577925396013,1667.922903651625,-0.0,1558.9757826380005,-0.0,1163.7224999999999,71.26285233408254,-0.0
6303,146.00158306199765,478.7434020095843,4.967010730710269,1774.2670213165025,-0.0,1647.0878592953445,-0.0,1273.8024999999998,74.33696880051852,-0.0
6304,138.47429942729585,485.48704257829786,4.966282575370463,1785.4614096421053,-0.0,1661.7723194810242,-0.0,1290.7775,73.7545805917454,-0.0
6305,130.3578456233416,465.80118945226434,4.536747572815532,1715.8663884445812,-0.0,1600.5434546620777,-0.0,1214.4325,69.90938578822076,-0.0
6306,116.22804627440777,432.00724179515964,3.736747572815532,1581.3771788366444,-0.0,1488.7434546620777,0.42750491159135606,1101.4575,62.340254362883236,-0.0
6307,95.76712617460923,399.0320977486241,2.9367475728155323,1447.7008543423817,-0.0,1369.3434546620776,-0.0,983.3824999999999,54.32234475714775,-0.0
6308,84.24600838412684,368.5157573126577,2.2467475728155324,1321.437414961793,-0.0,1260.7434546620775,-0.0,873.2574999999999,47.45565697101428,-0.0
6309,64.90046997224141,342.14108188765067,1.6767475728155325,1212.1037373143186,-0.0,1168.7434546620775,1.4936697906853666,774.3074999999999,41.94019100448284,-0.0
6310,46.18108119704691,317.47926786303384,1.1767475728155325,1103.9780426783773,-0.0,1087.2434546620775,8.213316156107766,680.2574999999999,37.05155776735445,-0.0
6311,40.14053366465848,296.25817167207555,1.0745528414482794,1013.6176842071806,-0.0,1022.7434546620775,19.376380989113656,597.5324999999999,33.9897572596291,-0.0
6312,35.64132281482461,276.6020804482392,0.8045528414482794,949.8032047096492,-0.0,969.7434546620775,34.067736588327804,521.0074999999999,31.981622210709837,-0.0
6313,31.44690667812108,257.977664169606,0.6345528414482795,910.5772743307481,-0.0,921.9434546620776,50.019406529388704,449.4074999999999,30.532039899004776,-0.0
6314,27.440939451490312,238.08516211406214,0.7297675012774658,848.5417754905249,-0.0,873.2434546620775,64.61626311092112,381.3574999999999,29.243453963717975,-0.0
6315,23.153617301298958,216.90100498180277,0.6397675012774657,779.5400298891826,-0.0,820.5434546620775,76.99602735453607,312.5324999999999,27.718308044053494,-0.0
6316,17.22955701531671,192.8906663614783,0.5197675012774656,703.1809311346288,-0.0,761.0434546620775,86.60211772781702,241.8074999999999,25.32976941060829,-0.0
6317,9.124141805773881,164.23771555289363,0.2597675012774656,603.7902494542116,-0.0,705.5098135245282,90.61940652938873,161.6324999999999,20.512001710397577,-0.0
6318,-0.0,137.1828041186766,-0.0,531.0491662785225,-0.0,630.4095316396581,90.26777466044439,102.4249999999999,20.512001710397577,5.407263295030093
6319,0.8684144967787208,133.88108742256995,0.04315789473684195,531.0491662785225,-0.0,614.3511174242233,99.67685297838958,134.67249999999993,20.512001710397577,20.111713631327145
6320,12.681781508435117,157.41866998420346,0.4087685232498718,595.3850915816587,-0.0,679.7719625227344,117.375040231499,253.32249999999996,26.077060375973016,39.39622312420407
6321,34.427638378853594,204.53330823926262,0.7822534491568749,723.0209149820107,-0.0,778.8260679265825,142.96868746240085,441.37249999999995,25.676485529450485,64.16726469459371
6322,63.56275784528631,267.7051414680508,0.27854624425140706,924.4062271248351,-0.0,926.9508655495451,173.52267808646025,641.3725,26.040214568229267,91.5867506575462
6323,93.02450413269825,337.15866398970337,1.0785462442514069,1119.2267856997994,-0.0,1094.1610495513323,204.5190349498821,841.3725,26.040214568229267,120.12147641326217
6324,122.4862504201102,406.61218651135596,1.8785462442514067,1342.4094619050625,-0.0,1267.671112745318,234.947307406876,1041.3725,33.88545126980698,148.76163041198728
6325,150.31601025729333,472.2145633868638,2.6785462442514065,1558.8776760557212,-0.0,1452.8048214777086,260.94040239009087,1241.3725,33.88545126980698,174.8755981480448
6326,173.26675097509772,522.9509238255043,3.4785462442514063,1721.1961690962196,-0.0,1598.7961390401908,278.60668267161947,1411.7425,36.48121299986314,195.81545808451423
6327,177.2247442068161,553.3010642545297,3.99685743484926,1785.4614096421053,-0.0,1658.36477752668,286.2810669135753,1506.9125000000001,36.48121299986314,209.13167602979604
6328,180.8276533832523,555.6281801732208,4.088244762391416,1785.4614096421053,-0.0,1661.7723194810242,282.0474208204172,1506.1950000000002,35.95796265375005,212.89948475892024
6329,171.420458947585,528.0805617297391,3.800120081757793,1682.6075691002857,-0.0,1573.0382353815362,265.19098772989173,1407.1925,33.048547470449236,207.21805525482063
6330,153.1313530590877,484.9457265007965,3.120120081757793,1515.7173499174455,-0.0,1471.904594243987,239.9962922485558,1275.6675,27.230968977604896,193.30572720098758
6331,134.9160975338995,440.7327955606995,2.390120081757793,1347.3311222403718,-0.0,1368.5709531064379,221.0420034242806,1142.1425,22.01823046132708,176.96396527291236
6332,118.57738397813552,399.0015296315619,1.790120081757793,1189.957779676972,-0.0,1273.6373119688888,232.56292735851557,1015.2425,18.317662839227957,160.20094554677337
6333,104.01501622542912,360.0183594135787,1.300120081757793,1045.7577562898498,-0.0,1149.7036708313394,215.19475447049984,902.5675,16.44148430732782,145.12647931398467
6334,89.99687292775911,322.0718591736768,0.850120081757793,957.2744700388109,-0.0,1025.9700296937901,197.75290771215015,794.1425,14.228745791049999,131.50283068881382
6335,77.55468310041336,287.1582203341651,0.5201200817577929,935.8403710712784,-0.0,911.336388556241,180.34681733886922,691.6925,12.857501839399573,120.94471660838187
6336,66.23555897091006,254.10577788408423,0.3601200817577929,815.2167477698256,-0.0,804.7027474186917,165.15762283985154,601.3675,12.278974271978566,113.71113075648505
6337,55.838341782055295,221.43096252362932,0.26012008175779283,697.1922138719983,-0.0,742.6691062811425,150.79475447049987,515.8425,12.266330359383936,110.22169571595145
6338,45.37861091244601,188.9999656751093,0.19012008175779277,584.701433213052,-0.0,638.5354651435932,135.81106095380045,434.91749999999996,12.214682823207564,110.22559387916326
6339,34.72483351316099,155.65611736044292,0.15012008175779273,466.0750781224758,-0.0,574.701824006044,120.51223973572579,357.8425,12.236202557628149,112.95892591661722
6340,22.734514144451737,120.09489116828058,0.08012008175779269,342.2309358160845,-0.0,502.36818286849484,136.01194559530455,278.16749999999996,12.169893186227432,115.3577924988101
6341,10.824194775742486,84.62961712054101,0.03012008175779264,217.14323606653022,-0.0,387.03454173094565,118.85084539884089,198.41749999999996,12.54747471681657,117.75665908100298
6342,0.5867358493672246,54.241283276241674,-0.0,110.74938161837838,-0.0,292.54349310964074,105.01905635897316,148.20749999999995,13.780118673559134,120.27154909357225
6343,-0.0,46.743619266052136,0.2739831374552887,81.07925741959903,-0.0,272.43710602035134,102.78208749646399,190.05249999999995,17.8011152444458,126.43246490419604
6344,11.689839652713292,69.29110943952207,-0.0,239.12273054347975,-0.0,379.95813405639046,113.50796232859719,319.2475,24.742056506163884,136.72174812560257
6345,22.954986857223236,113.72676875233198,0.13762391415431918,370.9959610912231,-0.0,553.0640249707809,135.86151717781553,515.885,33.79845849715676,151.55734100427122
6346,40.89168185915419,173.83796198707415,0.937623914154319,594.1786372964863,-0.0,760.7855649059089,164.84535648109517,715.885,43.09057959722158,169.54763527723782
6347,70.35342814656613,240.26183885768552,0.937623914154319,807.5525660362786,-0.0,963.8761978908492,194.5697191654833,915.885,52.38270069728639,189.3516018094018
6348,91.77792162786079,306.0894128124976,0.769678078691876,1011.7656071029161,-0.0,1171.5977378259772,221.59953573926737,1115.885,60.98650596017225,210.95373950934865
6349,121.08948822303094,367.6083367120308,1.5696780786918758,1234.9482833081793,-0.0,1372.1846196328004,257.38466910346426,1315.885,68.40426674778195,231.70477548412978
6350,145.85114044430128,418.2280077936992,2.3696780786918756,1373.1424999725,-0.0,1548.1474750690077,269.17880583522725,1497.8625,73.24264099466777,248.65840085150393
6351,160.9427349677724,447.9436857575811,3.1696780786918755,1443.9530096803105,-0.0,1616.9397188246346,269.35079112466696,1600.0,74.33696880051852,259.6335799753176
6352,165.1507405184164,450.4091176680024,3.538124680633623,1427.7657844837363,-0.0,1598.2616327845515,286.2810669135753,1599.0625,71.31786239548636,262.1930541876872
6353,155.51199264161926,422.5678279838888,3.41,1318.787779176208,-0.0,1482.8132974872924,255.0106711073781,1501.995,64.4891012803204,262.1930541876872
6354,137.2726187107131,380.43253406766155,2.91,1155.6028112157771,-0.0,1320.0796563497431,226.97564897014792,1370.745,55.19698018025558,262.1930541876872
6355,120.32369074757645,338.3948473725726,2.33,991.7800985106988,-0.0,1153.946015212194,191.19051560595102,1231.7199999999998,45.90485908019076,247.2890452221384
6356,104.81939781321552,298.29500717650814,1.78,840.5503133904622,-0.0,1037.1123740746448,155.40538224175413,1155.1699553571425,37.18262981814627,243.13323724232635
6357,92.3230017718394,262.69992273543556,1.35,707.9174473608335,-0.0,934.6787329370954,120.58553941267749,1031.4199553571425,36.45894213493459,237.12673759020834
6358,80.4394935029451,256.591409063113,0.9100000000000001,580.3548195980903,-0.0,837.1450917995462,119.22650263964329,908.5699553571425,29.424494676869813,229.4875336333768
6359,69.74944326462656,224.32442033319495,0.5800000000000001,466.1535364943251,-0.0,711.4114506619969,90.2086244471089,789.9699553571425,24.177829022784746,222.5811599165707
6360,60.57169229968986,193.55624514808986,0.3600000000000001,480.0239905086651,-0.0,642.3778095244477,67.47385038031126,680.5199553571424,20.909170615863157,208.3885557948493
6361,51.91989480507742,164.6049792189522,0.2100000000000002,390.97914996173694,-0.0,585.0441683868985,82.06412598448728,580.7949553571424,19.535577628691858,192.1996415723573
6362,44.00866756855894,137.09633541231858,0.14000000000000012,311.49075197164575,-0.0,494.4105272493493,99.11294775762204,541.5199107142853,19.086373731719547,192.5931419202393
6363,36.238973180961686,109.19412230588007,0.08000000000000007,232.71523909522858,-0.0,446.17688611180006,82.81412653954737,445.5199107142853,18.159162587583758,181.00573697767106
6364,28.24177423311293,81.59667488867731,0.040000000000000036,155.0912666735074,-0.0,395.54324497425085,96.8873098058059,351.7449107142853,21.951299299329563,171.44286026363795
6365,19.771687512782364,53.238041016287525,-0.0,68.3446049338302,-0.0,338.10960383670164,107.13770328817445,251.51991071428532,19.270517300070875,162.55205895528647
6366,13.527721281166539,30.600464253025244,0.08540878896269799,-0.0,-0.0,256.06142961651125,118.25331938719647,180.23741071428532,23.978065678536616,170.85265474999707
6367,17.80262120652309,34.22307480893776,0.4989192641798671,9.343550883912293,-0.0,248.8264998624127,118.25331938719647,188.59491071428533,24.397034051778647,170.47658058181472
6368,34.22449442017855,68.99613442177095,1.298919264179867,113.8628298273589,-0.0,365.819065772177,122.96062197031503,283.94991071428535,28.403326041095013,176.4374686064597
6369,59.56499669296868,138.44965694342355,2.098919264179867,293.43286221362524,-0.0,548.3393286921399,139.71983858109735,451.4799107142854,34.156541055556644,199.87183456492446
6370,89.02674298038062,201.92682451590073,2.098919264179867,514.746460272169,-0.0,756.060868627268,175.50497194529424,651.4799107142853,40.38885157136079,207.02995322920475
6371,118.48848926779256,262.36865024328597,2.8989192641798667,737.9291364774322,-0.0,963.782408562396,196.42954820610728,851.4799107142853,49.6809726714256,224.85423794459797
6372,147.9502355552045,312.98821177470813,3.609902912621358,961.1118126826954,-0.0,1155.058951426634,214.71080018518148,1051.4799107142853,54.427864393171845,231.24865167137733
6373,173.34707037287944,351.82774353874083,4.409902912621358,1179.0728488189848,-0.0,1362.780491361762,250.49593354937838,1251.4799107142853,57.589968721597735,249.3353718158033
6374,193.40222948838561,377.53586860235276,5.209902912621358,1353.590662022364,-0.0,1541.3578396113433,286.2810669135753,1384.3224107142853,65.58388292844501,248.28142144753815
6375,205.2078975285298,388.0406763200368,6.0099029126213575,1463.12670708371,-0.0,1621.9931188451533,286.2810669135753,1481.692366071428,70.76627531563808,256.5531523781231
6376,207.60144434815413,380.1019901073552,6.399999999999999,1483.7175825381973,-0.0,1661.7723194810242,272.5897889174614,1437.8623660714281,74.33696880051852,243.5325438691166
6377,199.3728699472586,353.7187695276664,6.375641287685231,1407.6828998000194,-0.0,1613.281190321185,279.93186672065957,1336.284866071428,69.16539678266007,238.30085828616245
6378,184.0162412575038,313.84466206662614,5.925641287685231,1271.8451316682497,-0.0,1583.192265389462,249.74424393087568,1205.1848660714281,68.53682182104028,225.7323463904007
6379,166.54635070353987,271.92745392730956,5.325641287685231,1129.434954956577,-0.0,1477.0586242519128,250.58167081206545,1069.8098660714281,67.78381046737991,195.23550796235412
6380,149.47319828536686,231.68452298721252,4.775641287685231,996.5226079318869,-0.0,1442.6696993201895,252.33422539463047,993.1598214285709,68.11125000008707,164.42885824289348
6381,134.75120462438778,193.95801281306677,4.503446556317979,886.1120820999458,-0.0,1416.4807743884662,255.91507074340373,922.0097767857137,62.76693338152287,148.9751892195647
6382,120.84748194812082,158.12268909410807,4.301251824950725,787.0984753586127,-0.0,1393.791849456743,259.05623043402375,855.0597321428565,57.698227672759685,133.92479062670725
6383,108.81030124127807,127.0661689857185,4.219057093583472,715.1600089863061,-0.0,1312.7582083191937,263.81428599890705,741.3347321428565,60.74272537805366,107.98040502151417
6384,98.9815876855141,101.11035677674361,4.2668623622162185,663.196682983026,-0.0,1240.1245671816446,236.46615240362217,690.9096874999993,64.57505218916894,85.25727721438489
6385,91.17307029611679,77.29144388949234,4.414667630848966,625.0124888545389,-0.0,1169.5909260440953,240.584325846698,624.4907589285716,67.52791207667717,79.8231048385723
6386,84.10302005779826,55.845143190501275,4.5694304328783115,595.4292053224264,-0.0,1161.9505504817537,243.73825567484258,521.8907589285716,64.70563551279109,77.53471848935864
6387,78.05163313692516,37.542880412843616,4.509430432878312,569.0508238924548,-0.0,1159.7616255500304,247.2581972908064,419.39075892857153,68.89167508455405,79.34947663530441
6388,72.69448891209446,20.2508469788283,4.389430432878312,543.6288850193203,-0.0,1085.9279844124812,249.87813890677023,372.39071428571435,72.70699102492411,84.11983209926315
6389,65.61331639859402,-0.0,4.149430432878312,491.62781427139265,-0.0,993.6943432749321,246.73010409837258,258.41571428571433,74.33696880051852,89.33270315934944
6390,58.38370359351081,1.9707005413701175,3.8389577706401923,433.90965369991085,-0.0,892.0892045329249,239.08179243669784,213.35316964285718,74.20200944038105,93.72796095327699
6391,60.34998865715258,-0.0,4.018278113365938,399.42592478636135,-0.0,871.4712537051865,231.37564484647447,231.18312500000005,73.1768857428621,98.7164847859609
6392,70.31695404850296,17.416598389104344,4.362174337542886,397.8694561579278,-0.0,871.4384879099368,195.59051148227758,321.2555803571429,71.17269045253599,104.35155649732093
6393,84.61575717757935,76.71229404995536,4.612608675815752,417.4545001408392,-0.0,903.8622839438324,190.23963969002648,410.2555803571429,69.60995437926336,98.78863276605465
6394,103.41344382810942,115.68010987905188,4.964565752974668,455.5060268676102,-0.0,895.0980464088485,190.32883985013933,597.3380357142858,68.16986821779317,109.42608892887881
6395,121.3041292620396,157.3650770210814,5.240048634936855,493.32734236527267,-0.0,954.8354090629732,188.00983231314822,732.7855357142859,65.73032710825899,121.10658354347294
6396,138.7587710873639,197.0192775294105,5.566236677859696,558.546269922107,-0.0,955.1421859012413,184.93382511169656,854.4580357142859,62.293615280993414,119.41511027919186
6397,152.2659288819229,235.91897583562073,6.100350071173077,621.6037385735075,-0.0,945.7347920802728,178.71111806197572,991.6254910714288,58.01979841741414,129.23443083689546
6398,160.57094310864744,264.89973361112504,6.399999999999999,653.1135395453229,-0.0,907.5277606827087,142.9259846977788,1083.5829464285716,52.726546567365546,121.19328775933536
6399,163.8404171979191,276.3608060339548,6.217501277465507,634.7610736573994,-0.0,824.8356650604575,125.04033976757094,1113.6979017857145,46.389134149118725,121.19328775933536
6400,160.86770497005688,272.06360852135896,6.091877828673624,584.645883923914,-0.0,702.7442942850153,103.71867964062878,1087.2853571428573,39.960455335350694,119.06944634275776
6401,152.63596407901326,249.674634466981,5.7516784984305405,588.2297852673194,-0.0,560.2676982078171,82.3078592402103,1008.3478125,33.36613677473629,112.42994565252965
6402,137.6352386212642,214.15543263062438,5.0294837670632875,437.8566550597572,-0.0,393.834057070268,56.18615056147865,849.3728125,24.76209280884026,99.59225097562191
6403,122.38048487484538,178.01908226041417,4.229483767063288,399.62550023718575,-0.0,300.6451321385448,31.949510645025974,690.3728125,16.392165188117858,84.68084567779687
6404,110.22074024892959,146.4336790675048,3.5672890356960347,268.22842099502463,-0.0,230.25620720682164,15.569648724644026,603.1227678571429,9.878299363564004,70.14818258190806
6405,100.07215438020772,119.5356537520914,3.0850943043287815,161.3975885139826,-0.0,182.36728227509843,6.722006843554809,530.2227232142858,5.276604433188847,56.451620156516015
6406,91.45895172371617,94.49572414783248,2.6528995729615286,64.24588790773356,-0.0,80.1336411375492,3.4574690882023305,469.7226785714287,1.4431894950025317,30.747988996902926
6407,84.74844067333977,73.50555526568738,2.4107048415942756,-0.0,-0.0,-0.0,-0.0,420.49763392857153,-0.0,22.366143508631954
6408,82.02427542602095,58.458955683347156,2.0907048415942757,9.098688079072502,-0.0,18.933641137549216,-0.0,388.89758928571433,1.6053129949824587,4.855845552764258
6409,81.26011017870212,58.458955683347156,2.1285101102270225,-0.0,-0.0,-0.0,-0.0,306.44758928571434,-0.0,5.537773458684619
6410,80.95325332526815,49.570681155803754,2.2263153788597694,9.481354392095,-0.0,4.566358862450798,-0.0,226.94758928571434,0.5775342287475436,5.537773458684619
6411,80.8246674565463,49.570681155803754,2.0963153788597695,21.211168329494,-0.0,19.432717724901593,-0.0,147.19758928571434,3.111082951822045,10.98347475879632
6412,81.05089454196079,55.57837982557236,1.9063153788597695,34.39343331796351,-0.0,36.29907658735236,-0.0,125.24754464285716,-0.0,17.755339502678822
6413,78.3907758243177,43.005818164565554,1.5863153788597695,80.58945926009085,-0.0,37.26543544980312,-0.0,91.8225,-0.0,8.838122879932719
6414,74.96441551387372,27.512451385640613,1.4496495182130071,60.949948902250696,-0.0,30.28887964187226,-0.0,17.702499999999986,-0.0,-0.0
6415,74.27700880433065,46.96654861347862,1.4070945415723766,52.804858823006526,-0.0,34.08337847646055,-0.0,-0.0,-0.0,6.091578085617264
6416,80.83730451173275,50.83680236923183,1.55429173662311,71.69010993827024,-0.0,53.863102612804674,-0.0,93.51495535714285,-0.0,0.11672985483164844
6417,96.72035814153921,72.68785096441127,1.9567699740856985,122.25370818279455,-0.0,58.08517764979011,-0.0,243.9899107142857,-0.0,1.4176477161068317
6418,118.40334021722055,109.76299347346287,2.553711676034746,220.1069429647868,-0.0,128.63543292818025,-0.0,369.39491071428574,4.619546411738206,10.232089857391506
6419,140.11680739554748,153.37756896239924,3.2390028925468997,342.55265921089836,-0.0,209.3140295250437,-0.0,556.6523660714286,4.619546411738206,35.363218665670054
6420,158.78197854749467,196.05707640918482,3.8591178188188904,446.49837508736726,-0.0,275.4212895945178,-0.0,663.3598660714285,6.697692862532207,43.95658323500289
6421,172.48588720264308,260.2178203163733,4.393823956128183,530.9851379906008,-0.0,329.4001680762514,9.544905142990153,742.2073660714285,8.193092242358421,50.57054712507768
6422,181.56433623610414,285.8469202360827,4.57779176399737,573.8537627095376,-0.0,368.9508260473132,14.817929000820122,782.4473660714285,9.054058308961046,53.33464758489196
6423,185.18891450427125,293.83884939129393,4.757104441930066,680.7112176849026,-0.0,394.38755497474136,20.326399356164778,805.8278571428574,10.485173326965914,51.94262761271061
6424,182.21678525930153,283.9398031634785,4.732898979852542,637.5671655799337,-0.0,397.796143930032,22.682052826356546,746.3278571428574,5.391376743940819,48.27656752261078
6425,173.89323248600186,283.9398031634785,4.465407876487332,567.4627857993452,-0.0,362.94813078691027,22.15776031434182,704.1703125000003,5.391376743940819,55.11613405179725
6426,160.2332552117074,250.3665634057885,3.8832131451200795,464.9040127779376,-0.0,294.9144896493611,13.799803536345756,579.0203125000003,3.890619914475325,57.17630041840623
6427,147.2653992854341,218.0480794030904,3.1132131451200795,371.09860140397507,-0.0,232.88084851181188,6.522986247544196,460.8203125000002,2.0191394536169316,57.46602659456926
6428,136.1188982827214,189.85292542231105,2.4532131451200794,294.79410062638703,-0.0,161.9354879628445,2.0461689587426335,409.77026785714304,1.0598771887788256,44.93723752986152
6429,126.68375220356928,164.4246707632553,2.1010184137528265,233.43805939410302,-0.0,82.40184682529527,0.12593320235756522,363.7452232142859,0.3689422179711528,48.06797002222834
6430,119.25302674582021,141.0983203930451,1.8588236823855735,183.3166819970745,-0.0,53.16820568774607,-0.0,269.1202232142859,-0.0,54.32159552789461
6431,113.3011425308772,121.6662571562983,1.6192499452514773,146.90818971372,-0.0,38.93456455019687,-0.0,240.8701785714287,-0.0,64.7128309839814
6432,109.02617437708572,103.73895960878724,1.6070552138842242,122.51657404980595,-0.0,39.50092341264765,-0.0,166.9951785714287,-0.0,65.69360134006392
6433,104.87427192113671,87.17452346166638,1.6648604825169713,107.41606477798443,-0.0,49.16728227509843,-0.0,99.8201785714287,2.6202586412563633,70.75952882371345
6434,101.25293972328164,72.10699657051298,1.5348604825169714,205.0566202947791,-0.0,23.73364113754922,-0.0,95.22013392857153,2.6202586412563633,77.34834932066244
6435,97.40044876823265,56.77780466840021,1.6626657511497185,192.71255357979456,-0.0,-0.0,-0.0,91.82008928571436,-0.0,85.19943393187899
6436,93.057761646817,40.716229921669566,1.7504710197824656,178.88627408062504,-0.0,17.46635886245076,-0.0,85.1450446428572,-0.0,92.69806572024203
6437,85.93391576820743,20.562511608207227,1.6982762884152125,148.58177330303704,-0.0,17.132717724901568,-0.0,9.770044642857187,-0.0,95.71971645721642
6438,78.02336406678805,-0.0,1.5767867180086137,111.2566362684255,-0.0,-0.0,-0.0,-0.0,4.205685174966801,95.30264462583673
6439,73.73484990511804,13.44502540782841,1.4809384352872472,94.40163111371538,-0.0,-0.0,-0.0,39.19245535714285,4.205685174966801,92.9461345284999
6440,74.81399359326545,9.232260665660888,1.4409639389736477,100.53146752060161,-0.0,-0.0,-0.0,76.68745535714285,-0.0,104.24210586557012
6441,80.08681006251177,14.707846404936593,1.5846276644280606,129.10144895663507,-0.0,40.88373533887065,-0.0,165.64245535714286,5.119518633376577,108.86184869532825
6442,90.45968288238078,32.12945851532341,1.916753321410322,290.1670067831168,-0.0,122.62399223761935,-0.0,297.3174553571429,5.119518633376577,113.28843048030919
6443,102.34293477681032,83.60367530231622,2.286523331995036,336.9110041089062,-0.0,233.63518297108567,-0.0,493.12741071428576,11.283949597600488,121.3858042549535
6444,112.24200361832638,110.8311703850373,2.697823746258851,371.3077982307626,-0.0,377.1126117592013,-0.0,624.2174107142857,11.283949597600488,132.48577736689862
6445,119.64548991624058,127.05194882753213,2.974540614278414,392.7309334426034,-0.0,485.4524256960112,-0.0,799.0148660714286,16.26491700033239,159.16816479087746
6446,122.57361898489575,131.08007538013342,3.066441437331192,391.0669496535609,-0.0,568.0212252595691,-0.0,934.1523214285714,16.26491700033239,169.71193639828783
6447,120.26700847136803,122.85777057800823,3.0035262154171836,370.2572336241381,-0.0,606.519292334745,-0.0,945.4823214285715,16.26491700033239,176.0338591536419
6448,112.46754942650254,104.33284243596333,2.843559383896635,330.32914791187767,-0.0,609.2989359325549,-0.0,963.9297767857144,17.643621791793976,179.64668605684471
6449,100.4187408123461,105.888718601092,2.5653631195707716,372.9496417791996,-0.0,535.4273175202953,-0.0,883.6372767857143,17.7792933161963,178.40363126614642
6450,84.21603544992445,71.20857952167837,2.0131683882035185,372.9496417791996,-0.0,428.7273175202953,-0.0,834.9622321428571,15.598085600363268,169.4008797098976
6451,69.76623610099061,65.57477193312856,1.4409736568362652,277.70466446784053,-0.0,326.3273175202953,-0.0,784.9121875,14.070496041494726,156.74416605087148
6452,57.09665115942945,62.1876243884162,0.9487789254690122,197.60415519601904,-0.0,233.62731752029532,-0.0,741.6371428571429,13.703855557202855,142.599024833807
6453,47.409383732256146,35.4584225520596,0.5665841941017591,128.83032674792003,-0.0,174.0936763827461,-0.0,643.7121428571429,14.639658712115041,128.22608495773602
6454,38.78404148673737,38.56150435098958,0.23438946273450612,69.40894935089153,-0.0,95.39367638274612,-0.0,605.8870982142857,15.246232800261717,113.38434010645479
6455,32.59062442287315,17.273728247706174,0.03219473136725309,26.983580448096546,-0.0,31.993676382746116,-0.0,516.4370982142857,16.862581445224627,114.9890350903627
6456,28.165282177354378,-0.0,-0.0,8.20667109060554,-0.0,9.760035245196896,-0.0,490.58705357142856,20.34476644317232,118.08718921332792
6457,24.574930811332603,12.563799632588498,0.02780526863274696,-0.0,-0.0,0.1263941076476982,-0.0,408.58705357142856,25.295231433308853,122.48534333629314
6458,21.376878718692666,12.563799632588498,0.11561053726549397,0.15957567051350452,-0.0,3.5927529700984664,-0.0,384.4870089285714,30.42375097245046,114.94850413071893
6459,18.29786403522546,12.563799632588498,0.213415805898241,12.537690514139797,-0.0,-0.0,-0.0,356.51196428571427,36.122994142984965,123.79734992599008
6460,15.394624896721874,4.612524763847141,0.053415805898241076,36.71778518959184,-0.0,16.76635886245078,-0.0,263.83696428571426,41.253957321330624,134.57726481073905
6461,11.305236121527367,18.02130949506989,0.06122107453098802,18.319894329585196,-0.0,-0.0,-0.0,215.0619196428571,43.74596417793614,131.4844504812162
6462,5.544792799395612,3.734213122807752,0.0026722297247976923,-0.0,-0.0,-0.0,-0.0,105.44191964285712,44.73282419449984,129.56430183634663
6463,0.931185365800296,-0.0,-0.0,-0.0,-0.0,32.99911407612235,-0.0,67.19937499999996,45.76143076811235,131.19650341459604
6464,-0.0,-0.0,0.04809402146142061,-0.0,-0.0,108.98329237693186,-0.0,51.494330357142786,46.95835891623601,150.73484236860594
6465,4.7498440119679834,-0.0,0.29417731221256993,-0.0,-0.0,200.88148025990938,-0.0,22.519330357142778,46.91394820921775,174.41271112250047
6466,14.27084530645202,-0.0,0.7438988247317315,-0.0,-0.0,305.7223411976655,-0.0,39.811830357142796,43.08503559918146,200.8499030571924
6467,27.672925185514888,3.052027152102923,1.3014971895758807,-0.0,-0.0,405.23465947061254,-0.0,90.37683035714282,36.191350981804064,228.29311351386517
6468,40.609787523561394,70.85177422301312,1.8725089422585584,138.26949702603244,-0.0,501.03276681505565,8.670426450176521,125.45433035714285,30.319483884297757,241.15452198135188
6469,49.15999553408882,131.92108837753312,2.3316453755748587,335.07882833159647,-0.0,584.159658439911,33.35791326663578,204.9992857142857,25.826058828554057,249.2613552481928
6470,49.279019381555415,173.81159096582627,2.6300843127235556,488.5650051042669,-0.0,645.5725807518655,55.87065872945104,238.57790178571446,22.39612478966029,262.1930541876872
6471,48.944884248941825,193.19749371458437,2.7826494634644856,586.0754583016028,-0.0,681.0573228224154,75.8070830374236,269.27785714285733,19.69342864671407,251.98196075337867
6472,45.18042470206331,195.12435989421635,2.6675779253960132,615.0055105694603,-0.0,682.028256657133,92.64453198117357,273.95781250000016,17.308709417087535,234.30261985922698
6473,37.19007960332893,180.9535628601713,2.3403985692386295,589.7023722319587,-0.0,646.2995931845223,99.25998601645624,204.62531250000018,14.001419055247805,209.6637752998257
6474,26.340868753495073,161.6081397987743,1.7403985692386295,536.1507706042387,-0.0,582.7995931845223,85.144858315081,176.075267857143,7.866829691658246,192.6101062764969
6475,17.622834901861147,144.81056323640172,1.1603985692386294,486.78229235707806,-0.0,528.0995931845223,56.510280711937575,153.50022321428582,2.8492985006555003,174.6843618474865
6476,11.834052866772627,131.18131172882596,0.6703985692386294,452.727609819966,-0.0,493.79959318452234,20.725147347740666,135.97517857142867,-0.0,157.70452938038693
6477,10.15259746657497,123.92872026508766,0.38039856923862936,441.7431655497394,-0.0,487.4995931845223,-0.0,132.3001339285715,-0.0,143.97551452090516
6478,9.753655747131823,118.47969810115426,0.3014256515074093,433.65872127951275,-0.0,486.6995931845223,-0.0,133.15008928571433,-0.0,116.14270135767373
6479,11.382985012400791,115.1711544929932,0.11142565150740935,437.04360467979717,-0.0,497.1995931845223,-0.0,83.87508928571432,-0.0,90.56397623253147
6480,14.214809717418255,113.76475445156383,0.06142565150740931,452.82848808008157,-0.0,521.0995931845223,-0.0,42.67508928571432,0.5483051619820358,67.18852153786057
6481,18.683176391859952,115.18358872089873,0.0514256515074093,480.300486366692,-0.0,552.3995931845222,-0.0,2.6000892857143185,-0.0,59.07585883073556
6482,24.59731861126527,117.54813585677022,0.09142565150740933,510.7418123238134,-0.0,587.8995931845222,-0.0,19.95004464285715,4.452672120132625,52.57954827596732
6483,30.749731815382706,120.72268299264171,0.1514256515074094,540.4524659514458,-0.0,624.4995931845223,-0.0,37.07499999999999,12.03203506414351,46.899589873555826
6484,36.383107610327414,123.4715172619766,0.20142565150740943,563.8235536416817,-0.0,658.2995931845223,-0.0,-0.0,19.930899819945264,41.5737646399783
6485,40.543595632790314,122.7332129317017,0.1514256515074094,573.167960508195,-0.0,679.0995931845223,-0.0,12.424955357142835,25.946870050175423,22.27189463091279
6486,42.996681487430024,122.03425585871565,0.01801226366888109,577.555357330507,-0.0,691.9995529152551,-0.0,23.502410714285674,31.268065900036643,17.02634343012006
6487,48.78782479593389,136.71330523403833,-0.0,622.1117476827196,-0.0,731.322715222454,-0.0,16.33999999999999,35.46181714323723,-0.0
6488,62.97709698492571,171.8866076366822,0.2586791006642821,723.3034963173224,-0.0,776.5284752617237,-0.0,-0.0,38.77620945363534,-0.0
6489,83.67830930407185,231.64494001617197,0.767935615738375,867.8662911731155,-0.0,863.4555279636477,-0.0,58.382455357142845,41.859940382346686,-0.0
6490,109.39956390186558,301.09846253782456,1.3291875319366375,1019.8099353454533,-0.0,977.2964291706711,-0.0,90.18245535714287,45.46894194472297,-0.0
6491,135.66252018479938,370.55198505947715,1.9137327542156357,1175.9265596996156,-0.0,1112.6941338224426,-0.0,210.31241071428573,49.154742823841524,-0.0
6492,165.12426647221133,438.2102595405164,2.506042411854879,1358.77397474428,-0.0,1255.7917176664125,-0.0,344.2223660714286,52.87075076656773,-0.0
6493,194.5860127596233,493.98600991605787,3.0148262646908526,1549.3861547214099,-0.0,1416.470072647673,-0.0,467.5498214285715,55.75286859831336,-0.0
6494,217.2786131291134,533.0997853536477,3.3447956055186503,1683.5254639093282,-0.0,1511.7111752010323,-0.0,554.3447767857143,57.50731945903159,-0.0
6495,230.79746929088083,552.2952805399876,3.3360705160960644,1759.5335209367215,-0.0,1554.124379397857,-0.0,554.3447767857143,58.329601713378835,-0.0
6496,235.69397029929556,555.6281801732208,3.1633546244251396,1785.4614096421053,-0.0,1554.3524388314602,-0.0,560.6897321428571,58.48632300046895,-0.0
6497,234.62008044965484,543.7025487814104,3.038804246660339,1785.4614096421053,-0.0,1517.5380668258877,-0.0,480.2672321428571,57.56706540848047,-0.0
6498,228.5769142751753,524.4337857638509,2.666609515293086,1755.6384234081654,-0.0,1454.3380668258876,-0.0,441.3421874999999,55.23435206199584,-0.0
6499,222.07355193432915,530.5468377600494,1.9966095152930863,1709.87405004408,-0.0,1379.6380668258876,-0.0,396.31714285714276,51.82363146834774,-0.0
6500,217.1282644118284,537.2920432572233,1.3866095152930864,1661.281174663523,-0.0,1303.4380668258875,-0.0,356.8420982142856,47.891012725546304,-0.0
6501,212.91065937493983,515.3821235872082,0.9266095152930864,1615.7548951643535,-0.0,1225.2380668258875,-0.0,320.1670535714285,44.646223088566174,-0.0
6502,208.04610179488768,489.5412766083799,0.5366095152930865,1557.555645609175,-0.0,1169.2044256883382,-0.0,234.36705357142847,41.26976074561648,-0.0
6503,201.71842379397503,463.5202102201531,0.21660951529308647,1501.6554854576218,-0.0,1129.570784550789,-0.0,178.95772321428583,39.41524385366171,-0.0
6504,194.3089802957625,465.46405952396077,0.00660951529308651,1453.7850870391833,-0.0,1099.43714341324,-0.0,163.30767857142868,38.14611242832419,-0.0
6505,187.5312475718318,440.34848659287206,0.15441478392583335,1414.4919993027886,-0.0,1072.7035022756907,-0.0,153.75763392857152,36.35752649303738,-0.0
6506,181.38139349987995,445.390441542078,0.0944147839258333,1374.027762703134,-0.0,1042.5698611381415,-0.0,146.50758928571435,34.468987859592175,-0.0
6507,175.9080813973523,450.2666836247474,0.19212314767501287,1440.260122852558,-0.0,1009.5362200005923,-0.0,137.18254464285718,32.09999833977943,-0.0
6508,171.20785323367312,427.5075413938537,0.14212314767501283,1399.2780990370884,-0.0,980.602578863043,-0.0,70.55754464285717,30.150510631757562,-0.0
6509,166.21243802413028,403.77435130738286,0.09212314767501278,1358.5485262726893,-0.0,950.1689377254938,-0.0,2.1325446428571553,28.093692006123515,-0.0
6510,161.7999447178787,409.2599100814487,0.04247572815533976,1313.314622638428,-0.0,915.6638392527537,-0.0,-0.0,25.57613286631889,-0.0
6511,159.3866967706614,391.8707666704718,-0.0,1313.314622638428,-0.0,883.2870418292199,-0.0,-0.0,23.22480767683126,-0.0
6512,161.9806460789093,384.46994953170736,0.08080991313234531,1296.4945300635163,-0.0,868.981258778938,-0.0,43.44,22.49182165042162,-0.0
6513,169.44851253740728,390.5999450849383,0.29596320899335704,1303.5772981341993,-0.0,881.0036157007936,-0.0,140.2325,23.76289859493016,-0.0
6514,181.376242815818,408.21366710817904,0.7553833309000664,1337.9633834666577,-0.0,918.1827357981302,-0.0,279.45750000000004,27.749276859842006,-0.0
6515,193.434760391326,429.4674260539737,1.3054650886926058,1388.1267835957171,-0.0,971.0901166754059,-0.0,479.45750000000004,32.382050771750045,-0.0
6516,206.0489756276627,450.8027385172374,1.8669571684064534,1446.7110522196263,-0.0,1033.111627942651,-0.0,630.2925,36.841993904591064,-0.0
6517,217.71665253023193,480.19631865713063,2.392335298196949,1598.4464656825555,-0.0,1089.3904258858504,-0.0,827.8149553571429,41.18737165558393,-0.0
6518,228.79462664441957,487.03066209402925,2.8643077049419667,1643.150227359645,-0.0,1122.9839179887595,-0.0,1000.6525892857143,44.7676232339188,10.405148514808753
6519,234.82351743513016,481.65288099684864,3.1140522118402805,1651.1488505822101,-0.0,1121.006476256951,-0.0,1062.6050892857143,45.81500174507517,10.405148514808753
6520,233.716137612565,493.0949812387715,3.386433361924228,1605.2976350728873,-0.0,1087.7295177563483,-0.0,1056.5225892857143,44.40354404884828,20.870650677186454
6521,235.69397029929556,490.9720122211279,3.37,1508.0663654880104,-0.0,1027.7815046132266,4.527308447937131,1034.2925446428571,39.38511531984538,24.135732583656328
6522,217.9207996401165,448.27646909277064,2.8200000000000003,1371.0215249410821,-0.0,941.0478634756773,2.310805500982319,923.2425446428571,32.001463964808295,21.73120280006595
6523,199.6758999656496,405.1871173867224,2.22,1229.5549056725724,-0.0,851.2142223381281,-0.0,811.7175446428571,24.3299835039499,17.813591294590175
6524,181.80176671564328,391.77529356096875,1.7000000000000002,1093.2576140745737,-0.0,765.380581200579,-0.0,707.5675446428571,17.52678303528035,13.618998737725757
6525,165.22724113290366,350.6199996447415,1.2400000000000002,964.8900842096895,-0.0,685.1469400630297,-0.0,607.1925446428571,12.993205459204157,9.099877952326207
6526,148.76212705106406,309.0723328181402,0.8500000000000003,941.80626598021,-0.0,606.1132989254804,-0.0,509.01754464285716,7.743670449340691,3.913587406952068
6527,133.2664244701245,297.25100741664653,0.5600000000000003,818.6369149225768,-0.0,537.5796577879312,-0.0,420.59254464285715,7.743670449340691,0.8272968615779277
6528,131.3449851180957,258.0040683579476,0.37000000000000033,706.5626617628026,-0.0,480.84601665038196,-0.0,396.4675,4.869746349278238,-0.0
6529,117.56946046251679,220.41213426637054,0.26000000000000023,598.8746128929798,-0.0,428.51237551283276,-0.0,320.4675,2.2299858962310033,-0.0
6530,104.02643124668637,211.0277280550882,0.18000000000000016,490.68166192101603,-0.0,378.9787343752836,-0.0,247.4925,-0.0,-0.0
6531,104.02643124668637,202.1816568328465,0.15000000000000013,389.7104896706338,-0.0,333.14509323773433,-0.0,178.54250000000002,-0.0,-0.0
6532,90.90012192564082,165.83711055300927,0.08000000000000007,290.3828748634146,-0.0,288.81145210018514,-0.0,111.2675,5.67734502138117,-0.0
6533,89.28804210620746,127.6249471177899,-0.0,290.3828748634146,-0.0,239.0778109626359,-0.0,41.5175,2.640075509379585,-0.0
6534,89.42948676114038,92.04061194744543,-0.0,307.4263154404803,-0.0,201.3154258139417,-0.0,-0.0,-0.0,-0.0
6535,89.42948676114038,102.0519225991947,0.19645886561062859,280.2431847613848,-0.0,228.48069740617896,7.370636975065729,55.53750000000002,0.4285600716550011,-0.0
6536,94.87192700516249,105.92351738195113,0.7111394992335207,453.7867650115349,-0.0,333.6020878656226,37.71561680342184,201.00250000000003,3.5662428055843858,-0.0
6537,111.53010308235237,130.87371897810323,1.158372508942258,597.4142636885405,-0.0,510.6940497363794,73.50075016761875,401.00250000000005,9.501942453137215,-0.0
6538,133.50403915785293,198.91159607209147,1.958372508942258,780.0971849333953,-0.0,718.4155896715074,109.28588353181566,601.0025,18.79406355320203,-0.0
6539,157.30093806811578,268.36511859374406,2.7583725089422577,995.5969872818905,-0.0,926.1371296066354,145.07101689601257,801.0025,28.086184653266844,26.382393272357476
6540,182.70099961516433,337.81864111539664,3.5583725089422575,1214.2429713667602,-0.0,1133.8586695417634,180.85615026020946,1001.0025,37.37830575333166,59.15652504581838
6541,207.75777243850777,407.27216363704923,4.358372508942257,1423.239010332758,-0.0,1341.5802094768915,216.64128362440636,1201.0025,46.67042685339648,91.93065681927928
6542,225.81675950728604,445.6865988089573,5.158372508942257,1586.8740391500305,-0.0,1525.3290553309307,252.42641698860328,1401.0025,55.96254795346129,121.88547243096434
6543,235.69397029929556,491.2672984002053,5.958372508942257,1679.63015224175,-0.0,1639.7072895043898,276.70599869599755,1537.5100000000002,64.91270104627263,144.3180650891594
6544,234.73613978532234,511.5044282727356,6.399999999999999,1785.4614096421053,-0.0,1661.7723194810242,286.2810669135753,1573.5400000000002,70.13249153643109,158.3034062702435
6545,235.28008304500867,506.28924393184525,6.359759836484414,1681.6190926430204,-0.0,1630.252687925643,279.6780224563684,1557.932455357143,70.13249153643109,161.96240223140322
6546,228.15992840722984,487.6576991209531,5.939759836484414,1516.871869427237,-0.0,1541.9190467880937,261.7795941656022,1444.857455357143,67.48563667497965,157.13837580029664
6547,206.69092748006915,466.5197236098659,5.389759836484414,1378.7379467295184,-0.0,1440.7854056505446,241.39059613023872,1326.507455357143,64.37534179790589,149.3324626720944
6548,198.36096900865698,446.1715088208925,4.899759836484414,1317.4971244670958,-0.0,1338.3517645129955,241.39059613023872,1213.057455357143,61.482105093418944,139.3512037077392
6549,191.29639374947513,427.1416290209597,4.459759836484414,1263.3127447615102,-0.0,1244.6181233754462,222.22419141511102,1103.4325446428568,59.81081383992692,129.95686302149858
6550,172.60719665594777,408.414371343531,4.099759836484414,1105.0952832788414,-0.0,1156.384482237897,204.0332287432053,999.4575446428569,58.34196622563896,121.81497515811148
6551,155.68049500216893,392.6335443662974,3.869759836484414,1071.7446568121368,-0.0,1132.414043941788,188.5365686253271,903.1075446428569,58.156060438764186,116.78943944708114
6552,152.797060259175,380.03914808925884,3.719759836484414,1048.4980218511987,-0.0,1065.4804028042386,188.1739510274698,814.3825446428568,58.29214740472594,114.88679674935024
6553,150.91784997121744,368.6754696458788,3.669759836484414,1030.324706066538,-0.0,1000.5467616666892,204.6076450992293,728.9575446428569,58.23561259014145,116.77258160965772
6554,148.97748092606594,329.1956989895212,3.639759836484414,1015.668266901318,-0.0,934.8131205291401,186.2823012878344,700.2574999999997,57.87423779899044,121.75006445847492
6555,147.30884089620233,290.1645026000903,3.639759836484414,890.4005246805962,-0.0,867.3794793915908,166.47385335070277,612.6574999999997,56.90069211366074,128.7028931434451
6556,132.82846680447503,278.6803555351818,3.599759836484414,869.0996174758386,-0.0,794.4458382540416,144.85970796759864,520.4074999999997,55.53447734594321,135.91798594268283
6557,128.486172577669,234.21939842363707,3.389759836484414,715.8834157098129,-0.0,703.7121971164925,119.12670207368902,415.2824999999997,52.32192803703177,140.6363491723919
6558,122.47029059771107,216.95349944509002,3.141170158405722,563.4151060017266,-0.0,615.8498119677982,125.48039073296506,323.7524999999997,48.577174774175425,145.09386758387134
6559,122.96080168229157,190.04659456719804,2.995393459376596,571.0700828348413,-0.0,590.7150835600355,110.06861962766776,314.89499999999975,47.1523662021505,154.3281747214593
6560,132.2610031736056,180.78110948463046,3.057485947879406,662.5559735733136,-0.0,641.6792678820593,139.77865541480128,400.71749999999975,48.16288814046882,166.6658438234461
6561,150.70155910368544,222.69963616067005,3.397447623914153,819.9162172992935,-0.0,764.3711089450146,175.5637887789982,572.4474999999998,51.71655545287629,181.51007738029318
6562,162.84973370619744,280.75090440836175,3.984693408277975,1038.3688293518649,-0.0,934.1052203700768,192.45210296995154,772.4474999999998,57.266665628901436,198.49645320685497
6563,188.37795915024958,346.14968109702454,4.632171691364332,1259.4699046946546,-0.0,1124.75330110804,213.25823923971114,972.4474999999998,63.35743225810334,216.6543146768072
6564,217.4436947273783,413.60617851623454,5.345884006131833,1378.3276374398988,-0.0,1307.9300050493466,249.04337260390807,1172.4474999999998,69.3611883694546,234.8108022301748
6565,229.3052677173372,474.067175358484,5.936070516096064,1568.7883463808162,-0.0,1465.6640359358746,261.02131799756097,1372.4474999999998,73.24211563665196,249.30498028982151
6566,235.69397029929556,522.1801542565172,6.326617271333673,1708.1134726609891,-0.0,1577.3271732569522,263.4535743825003,1527.2549999999999,74.33696880051852,259.0593223881598
6567,234.5112182372856,550.330346742019,6.399999999999999,1777.2754173704916,-0.0,1623.6625732985638,286.2810669135753,1600.0,73.14705224485168,262.1930541876872
6568,235.69397029929556,555.6281801732208,6.2277491057741425,1785.4614096421053,-0.0,1661.7723194810242,286.2810669135753,1579.0925,74.33696880051852,258.67793893221847
6569,228.62228180856945,538.3125514200327,5.811274910577413,1729.2732740438512,-0.0,1623.3831126644309,282.53219013683264,1515.0874553571427,73.05406550160744,260.7595703630825
6570,214.61364177870584,508.1633993880023,5.061274910577413,1628.1564008160276,-0.0,1539.6941877327076,269.13150306910296,1415.5874107142856,68.39381783401808,254.68401386513042
6571,200.03865594578465,476.6723430671263,4.52908017921016,1520.739527588204,-0.0,1455.2052628009844,255.89309497976228,1257.2624107142856,63.653071978219586,248.24782846814645
6572,187.33636171897862,449.1793824574048,4.1268854478429065,1430.7226543603804,-0.0,1381.2163378692612,243.32069867824083,1164.6123660714284,59.81476976162515,242.16666862222195
6573,175.60848811357562,423.4666611255695,3.5468854478429064,1351.0622236893937,-0.0,1248.382696731712,232.57089569695515,1080.3623214285712,57.23502028224492,236.80595499670287
6574,165.68868932651807,399.9303704939293,3.2031839915322275,1285.271120688918,-0.0,1195.8937717999888,223.48140705751624,1002.462276785714,55.26748899888498,219.68408459887354
6575,158.7515821455757,380.70431914017524,3.1409892601649743,1235.258238966861,-0.0,1157.7048468682656,217.36166301532683,935.0372321428569,54.46339773114735,218.87091815050093
6576,153.69178335851817,364.77636349757563,2.9609892601649745,1200.971127472152,-0.0,1131.9159219365424,214.01166357038693,875.9371874999997,54.30080102803712,220.21674538592453
6577,149.6546761775758,350.7243599993988,3.1187945287977215,1174.1969010911168,-0.0,1111.8269970048193,211.16912974430755,823.3121428571426,54.67725525035022,224.22974238132272
6578,146.6992980119213,337.88640435679923,3.3365997974304684,1152.6880108748262,-0.0,1094.138072073096,207.09634051547766,718.2121428571426,54.98787311967854,230.26072674431336
6579,143.7893030584971,325.26059228093135,3.2965997974304684,1133.2573419369542,-0.0,1025.3106108821678,203.19899332986978,671.4620982142854,55.354600087017005,223.4469064873505
6580,140.71834551424564,312.32501948294964,3.5144050660632153,1111.7524432264302,-0.0,1005.6216859504445,198.89221588885914,625.3620535714283,55.572548873957494,229.94179017984436
6581,135.55738796999418,295.10754239612237,3.2944050660632156,1069.916872186417,-0.0,965.6327610187213,190.23258972486227,566.5620089285711,53.94171948050001,219.71979384670314
6582,128.84068537593183,276.11381119353774,3.2732680761369437,1023.945498591505,-0.0,923.900800608815,178.8687046373246,519.371964285714,51.91516548819307,207.9564850359343
6583,128.50151090911072,271.6100188965008,3.3442389042995835,1017.8905532289674,-0.0,872.9803636680905,176.65905545689287,475.73196428571396,52.04817168755686,214.17781732310792
6584,137.29425422512938,290.0559980563147,3.630843355354405,1050.4230740908804,-0.0,883.7875431990303,183.40159715740197,565.4444196428568,53.83520744517805,209.29437508529853
6585,154.19518788259325,327.04642863961936,4.152496350098547,1151.050816065508,-0.0,1010.3816287593688,199.93276731301995,717.6293749999996,57.827720814851716,221.88303712306458
6586,174.03486853827303,378.0393793692591,4.793436519088984,1289.4685301967843,-0.0,1172.0609396214631,217.38971798371472,908.9593303571426,61.91735575072219,238.4598210741257
6587,194.37179612688044,429.86455303156487,5.436492170961383,1433.0254712710043,-0.0,1342.3972150053742,234.76111516668544,1108.9593303571426,65.74666729323425,240.2830794295366
6588,212.44506453571216,477.70181510389875,6.050020485071903,1568.3377158127753,-0.0,1501.762153861896,251.6550585769696,1291.0026339285716,69.0620076573688,254.89164868435918
6589,227.06384089651704,512.7159082463492,6.197161517264033,1671.8399235427953,-0.0,1555.6399450734161,264.87206053245586,1449.8000892857144,72.5613679985209,253.6876530219417
6590,234.88040906352532,527.7240654979498,6.399999999999999,1726.7938919913086,-0.0,1639.648603985663,272.11108684653476,1560.6500446428572,74.33696880051852,262.1930541876872
6591,235.69397029929556,528.0896680781603,6.372140986568361,1729.2751038970662,-0.0,1661.7723194810242,266.4371289166379,1600.0,72.86320108847384,251.66434826224076
6592,228.62083627607544,513.9114259566287,6.175820041608874,1688.0615520455751,-0.0,1622.3825891639576,251.1183653350379,1517.875,68.3278151886189,249.73790776670262
6593,217.64709153394213,488.8177292790991,5.887623777283012,1603.2335107761864,-0.0,1537.622086089242,227.31471990398109,1441.3749553571429,61.79886485894949,227.6721481145014
6594,202.2251713988634,455.1543000478491,5.087623777283012,1479.3663568103098,-0.0,1417.8331611575188,196.2266065101217,1335.4499107142858,52.91441730852752,212.97558568910935
6595,185.84325126378468,421.2768229610219,4.5054290459157595,1353.4645390091778,-0.0,1297.6442362257956,164.83849311626236,1174.2499107142858,43.67630429929946,197.71021828850704
6596,170.98133112870596,389.34148944092635,4.053234314548506,1242.1280573727902,-0.0,1186.4553112940723,135.450379722403,1074.0998660714286,35.8089149214643,182.77931634316582
6597,158.69941099362723,361.56425163198526,3.711039583181253,1143.7044608500767,-0.0,1090.6663863623492,111.4151150515299,986.2748214285714,29.336638265221023,169.29105592926405
6598,147.5274908585485,335.3210616786214,3.191039583181253,1053.850191997874,-0.0,1007.377461430626,89.67611757122654,906.4497767857142,24.605808871763543,157.15361312298012
6599,139.53557072346976,314.21787172525757,3.118844851814,982.8741444240899,-0.0,942.2885364989028,74.89566625988192,834.8247321428571,21.613983101887804,147.66698792431401
6600,133.93365058839103,296.67468177189375,3.126650120446747,933.0980968503058,-0.0,891.9996115671796,64.0020518837043,775.3246875,20.985550045792788,140.13118033326575
6601,128.8617304533123,280.9914918185299,3.244455389079494,892.6220492765217,-0.0,850.2106866354565,56.58957699672118,721.6496428571428,20.93028426029473,134.5002783879245
6602,125.13981031823357,266.3342540095888,3.3822606577122407,854.567780424319,-0.0,814.3217617037333,50.267671854335305,623.9698214285722,21.375018474796672,116.77538943024764
6603,121.72154438009727,252.85296834507048,3.3822606577122407,821.2570690152794,-0.0,782.1328367720101,45.43260364711642,580.5947767857151,22.69047632069151,113.97555657438424
6604,118.26693263890338,237.9235869693977,3.5500659263449874,784.7988086573102,-0.0,749.843911840287,41.24665135345353,535.019732142858,24.218105060765044,112.34779912420245
6605,111.69962929159435,220.1901577381477,3.5378711949777344,731.4929993504117,-0.0,705.1549869085638,35.57209395173563,482.04468750000075,24.528628326410175,109.98721143399526
6606,104.02016682979796,200.80978076671255,3.4537934794510536,675.5328005476085,-0.0,658.9659814383064,29.95019690131467,436.42464285714357,25.02675631337657,93.42505093424575
6607,99.41686215253064,189.16696739295207,3.4282977772100143,641.7786507957043,-0.0,631.1765732753771,28.840108629493017,442.1745982142864,26.33804884501751,83.42514374293529
6608,98.02566327663159,190.09955619756545,3.3883232808964148,639.2475413302378,-0.0,621.3724306834708,31.457098116412897,508.69955357142925,27.6210586585472,85.14233171979853
6609,102.19760105454695,206.09996850938816,3.5671632965909907,661.3692301394092,-0.0,636.6679256681601,39.80485107858224,622.0445089285721,30.109949400980852,85.14233171979853
6610,111.68988330556161,233.98715357595435,3.8416445999707998,718.2437172232183,-0.0,670.1060131690938,49.668907207503295,769.606964285715,33.26440111067164,86.88812507051824
6611,124.82672586622196,269.3823014300333,4.214827998394042,781.2041804737099,-0.0,712.9581907907298,58.845661176290974,931.1944196428578,35.759526947326144,89.12931919529504
6612,137.58310419687342,302.877990533333,4.600246961457039,843.6973687449804,-0.0,753.038951346442,67.20516773217237,1060.6018750000007,38.40531002816669,90.888716606862
6613,150.45476334732683,331.7768366516959,4.915786006277829,894.8866793872975,-0.0,777.7056217814519,70.40668752990607,1159.7818303571437,39.67969464486146,78.22964364033098
6614,158.2459141712954,350.17975601495004,5.085331182933059,917.6272978768418,-0.0,782.3296997002175,70.46201979725927,1199.9767857142865,38.919484689768154,78.30996935296052
6615,159.73469294808177,355.26461259310867,5.087824749981749,901.4217301458118,-0.0,756.4970547127692,63.967788967701665,1183.2842410714293,36.50564462344267,77.49133974351378
6616,155.66737721912472,342.72291902192416,4.904091950142345,847.9987097092197,-0.0,705.1076868191072,54.29191057645058,1127.906696428572,33.10722572420292,75.34737519068193
6617,145.6949637060609,319.4770160842144,4.6288364114168905,762.809320405581,-0.0,633.047264282926,40.849310156970155,1048.991651785715,29.70887365028473,58.59463874838352
6618,130.45304357098215,285.1057304196961,4.056641680049637,649.8044216950569,-0.0,537.6583393512028,24.952355898670724,953.3416071428578,24.012065998317688,50.85027727522117
6619,114.73112343590341,250.37634904402333,3.494446948682384,539.1390889219293,-0.0,445.6694144194796,10.625342701275024,856.2165625000007,19.217654683713107,41.37648192781666
6620,99.76920330082469,218.74458482373268,2.962252217315131,439.83110930201326,-0.0,367.0804894877564,1.921119287768974,763.7915178571435,16.101250616272008,30.528975959494872
6621,87.10824575657323,191.02638990324692,2.560057485947878,356.7498105058197,-0.0,307.6915645560332,-0.0,679.8414732142863,14.923850172412648,21.35857697787363
6622,75.41190500009147,165.51985999372053,2.247862754580625,283.63384787437064,-0.0,258.80263962431,1.0845781582035166,605.1664285714292,14.295227908951258,12.880001920074003
6623,66.41018103137938,145.03904295073073,2.085668023213372,228.90899163501405,-0.0,227.01371469258683,5.688016827212536,537.7913839285719,15.327602021908131,6.548974039420866
6624,59.72403644126427,126.83227376331817,2.083473291846119,189.30101201509797,-0.0,208.82478976086364,11.998921115082059,480.7413392857148,16.67708160929341,2.3179461587677306
6625,55.33347122974612,111.7655045759056,2.161278560478866,157.97524517936688,-0.0,199.23586482914044,19.10786076640935,427.9162946428576,18.841223031903034,-0.0
6626,51.65213959376735,98.29849611060686,2.3190838291116127,134.6276996220543,-0.0,196.34693989741723,27.21110297176414,377.76625000000047,21.061473552522806,0.8672109687992844
6627,48.649275108867364,86.26696123395855,2.4768890977443596,114.88505616688273,-0.0,193.95801496569402,33.4123805405767,328.9912053571433,23.147607727968953,4.976937533726124
6628,45.99584036587342,73.7785171013428,2.6046943663771067,92.89976586492267,-0.0,188.0690900339708,36.65884474986076,280.29116071428615,24.199625558241472,11.338990986194577
6629,40.84163919841886,58.16316371275959,2.6124996350098537,62.04115638668512,-0.0,163.88016510224762,33.56935611042184,223.641116071429,23.26630522373834,17.784566350994375
6630,34.54305154037071,42.1793781166323,2.4732456292430096,19.415500791780637,-0.0,131.6482852308756,25.626694801797278,169.48857142857184,20.968386094726277,23.214141104314585
6631,29.601911964450064,30.00756863853995,2.34375145996058,-0.0,-0.0,129.7443842545724,20.769474753440576,156.75602678571468,18.894226504868662,29.840274887419035
6632,28.233574534911057,26.5629029366357,2.244552111467989,18.586446251807786,-0.0,159.48279390964333,20.83364881407472,194.2834821428575,17.544727521111415,37.82274528005711
6633,31.21166113571503,35.92252596719094,2.275747773560113,78.49616128296495,-0.0,215.42080087204258,23.885646903563025,277.06093750000036,16.48320122795301,46.922136060147665
6634,35.8881620451305,56.21334062951152,2.467055852616978,152.93290399176925,-0.0,278.55868702664037,30.393417853823347,384.57089285714324,16.696447733144993,45.031639792120714
6635,41.12729491753223,78.87797022618477,2.6227149791955604,222.60431053582903,-0.0,302.2683929398335,32.22034566864495,483.3608482142861,16.510239290273,57.00931889187602
6636,45.04453855691721,96.31005428720889,2.785433380173734,269.8163071208303,-0.0,316.26384765525563,33.30563698499289,562.9433035714289,15.970284759312669,65.42276968180745
6637,49.220521046679934,109.27464022308615,2.8660362982699454,293.55691885983083,-0.0,317.53088051367007,29.481996567604956,618.1182589285718,14.713498289958576,71.17061798699012
6638,52.603144733290314,116.5220403209754,2.968642282283377,307.6491778101541,-0.0,312.5838232513822,27.077884053900032,646.4932142857147,13.807565670928932,74.39539688219725
6639,52.50944496415769,117.7502427577034,3.008195123731658,302.90015301168665,-0.0,289.9370881432317,21.56342887647115,638.7006696428575,12.524239531686401,77.63903216203889
6640,48.16403172639011,107.77230732982993,2.8348149043725805,274.7261498515901,-0.0,245.73358985960016,15.79369365568024,593.6981250000003,9.96914880871353,78.14050261160932
6641,39.609162891246534,89.41315606096035,2.5669712205270443,212.05866047641092,-0.0,195.14462465860979,10.645774921313958,527.2305803571431,7.284077256326046,62.74571491684315
6642,26.990559343394956,63.30587851504394,1.9947764891597914,132.70460398004593,-0.0,126.7556997268866,2.434085888947756,447.255535714286,2.923782286895092,42.223718583701924
6643,15.833899218203932,38.21454317930648,1.4425817577925384,62.19011342107743,-0.0,67.7667747951634,-0.0,368.45549107142887,-0.0,21.287005313439618
6644,6.974761894270431,19.747714386430935,0.9203870264252856,10.48234615699893,-0.0,24.97784986344022,6.434086999067951,299.2054464285717,0.2444031016107866,14.637738194570252
6645,2.5602595991126353,7.896817869490498,0.5781922950580325,-0.0,-0.0,3.6889249317170396,4.364047151277013,240.3554017857145,1.9201167357315843,8.721301315726294
6646,-0.0,1.3156721404200589,0.29599756369077945,7.928368643657578,-0.0,-0.0,4.364047151277013,187.3053571428573,-0.0,2.8885122845255804
6647,0.859366309157302,-0.0,0.21380283232352632,38.56962240098916,-0.0,19.21107506827682,-0.0,145.30531250000013,-0.0,-0.0
6648,4.825274587738834,2.5202800040027498,0.2616081009562733,-0.0,-0.0,50.12215013655361,25.20561815956399,119.305267857143,-0.0,-0.0
6649,9.447902761105242,7.578655719159968,0.41941336958902015,46.96919429769706,-0.0,78.73322520483043,50.873693370812695,99.13022321428583,1.1897051229262416,-0.0
6650,13.653596632314102,11.46680209067485,0.617218638221767,89.45036311269361,-0.0,33.099584067281235,40.51475427454551,82.18017857142867,-0.0,0.002625620936929862
6651,6.047556441659273,14.1832933854742,0.825023906854514,124.23370224070763,-0.0,15.374158034560025,30.306699264722326,66.2051339285715,1.3092542365587025,-0.0
6652,-0.0,13.798368881444187,1.012829175487261,147.04988401122813,-0.0,42.88523310283682,19.757190423857885,50.70508928571432,-0.0,-0.0
6653,3.341095324445183,8.283215033771835,1.090634444120008,122.25977197099093,-0.0,62.09630817111361,8.868192388494421,22.58004464285716,-0.0,2.278398476374553
6654,4.579301058580196,-0.0,1.0513804383531637,-0.0,-0.0,14.762626764297224,-0.0,-0.0,-0.0,2.459151755663098
6655,8.722797578183714,-0.0,1.047415139791225,21.1614540194485,-0.0,-0.0,-0.0,-0.0,-0.0,2.512458433502875
6656,15.340989112842333,11.238059124587625,1.107560725235418,89.16487125516402,-0.0,34.15102039446625,-0.0,29.610000000000014,-0.0,1.9336741628379155
6657,14.911637786388916,34.327518974514845,1.2128749361267237,92.15972207834392,-0.0,80.71564767842884,-0.0,115.94000000000003,0.701202236051671,0.9532551936178244
6658,19.96753402545276,39.58073381933501,1.4619474505438346,143.57361456200874,-0.0,176.50829412672746,-0.0,245.6425,0.10524044623324258,-0.0
6659,39.67522713451409,62.79967578240556,1.7505473027228258,306.78718169851504,-0.0,333.7149098879269,-0.0,400.24250000000006,-0.0,-0.0
6660,58.532249410881505,101.2268741801071,2.0436182841813264,347.39800002333163,-0.0,498.778449901676,22.604817410690202,566.8650000000001,0.8279553085144951,-0.0
6661,74.62461760366489,133.01002194315205,2.30833975107672,387.4140661952858,-0.0,650.5563619209977,51.84777555993512,708.6050000000002,0.8279553085144951,-0.0
6662,86.09176872608373,154.47501210009696,2.387772510767208,491.70004380839623,-0.0,762.4489278307619,70.92564427932862,870.1349553571431,6.5017317544747755,-0.0
6663,79.42286486331108,163.40515404121203,2.3379180962114012,435.024544014936,-0.0,823.4849319113811,79.71645054859013,966.484910714286,8.359930613044797,-0.0
6664,80.39748600929909,162.8687585463071,2.181717233009708,337.7270321531401,-0.0,781.0217413773436,79.02078137097428,985.8373660714288,9.002122721970295,6.220808821820318
6665,65.55798415241176,152.7397865682803,1.923168388203518,302.57529253123465,-0.0,717.0450647616112,68.09744597249508,878.3498660714288,7.724641655965758,10.31221183761641
6666,57.641556675599425,107.60589851663858,1.430973656836265,241.91815512547765,-0.0,615.611423624062,49.40687622789783,803.4748214285717,4.20692125759664,11.559883006255745
6667,49.889157487456814,91.29834195586069,0.938778925469012,189.97481342976917,-0.0,474.1777824865128,31.703143418467583,680.2248214285717,1.276982663207228,11.743654845391838
6668,33.87905849178902,78.90339758334301,0.5865841941017591,49.5179983655415,-0.0,387.4441413489636,17.905108055009826,565.7748214285716,0.06410224140462972,10.834093480782535
6669,28.072220441237352,69.75821393293916,0.3143894627345062,41.916954396353034,-0.0,276.0105002114144,8.084479371316313,458.8498214285716,-0.0,8.577110874338647
6670,10.230760556340186,33.83312949186661,0.09219473136725315,43.54658275665358,-0.0,214.4768590738652,0.11669941060904421,414.69977678571445,0.5871195781974023,4.780883102238555
6671,7.3639225057885245,28.650328686080638,-0.0,65.56913870179562,-0.0,173.743217936316,-0.0,328.77477678571444,-0.0,1.3142151396925215
6672,7.166514197142904,-0.0,0.01780526863274695,-0.0,-0.0,113.40957679876678,-0.0,307.3497321428573,-0.0,-0.0
6673,9.322385993712409,0.8188642051733872,-0.0,51.915483529983575,-0.0,109.07593566121756,-0.0,235.9247321428573,-0.0,-0.0
6674,-0.0,3.485824121501242,0.08000000000000007,73.12266050079373,-0.0,112.14229452366833,-0.0,225.67468750000012,1.651978649067523,-0.0
6675,5.32551594584822,7.246353337633991,-0.0,31.532653673791103,-0.0,123.00865338611911,-0.0,217.44964285714295,1.651978649067523,-0.0
6676,12.373937905184263,12.417829731067599,0.1978052686327469,-0.0,-0.0,140.37501224856987,-0.0,151.04964285714294,1.651978649067523,-0.0
6677,7.082373058950514,17.90263614641992,0.2627264307613696,69.94307495008059,-0.0,154.74137111102067,-0.0,79.69964285714293,-0.0,0.5328072642794908
6678,1.9470821184987397,23.388556007686574,0.16049086612161476,135.48683537889596,-0.0,131.0504432975173,12.930361395923555,33.71714285714292,-0.0,8.588780444409103
6679,0.5887279554010085,33.86271641856979,0.04766255748594789,111.75818107034308,-0.0,193.06464569277006,36.674643321224224,82.45464285714293,-0.0,25.663513047256416
6680,13.083431497705368,54.3601878187193,0.2748674173297322,130.3596398330292,-0.0,337.71465935555716,72.45977668542113,226.47464285714295,2.3543867411993062,48.80393941043968
6681,28.196860161562903,84.96275664682865,0.3987304730272283,314.3370643112557,-0.0,545.4361992906852,108.24491004961804,426.47464285714295,11.646507841264121,77.31653245489176
6682,32.71046486921017,118.73439497012302,0.6390600591284036,435.0309030049196,-0.0,753.1577392258132,144.03004341381495,626.474642857143,20.938628941328936,110.09066422835267
6683,51.37798180801681,128.29362031207128,0.9706798853930944,571.3954444411213,-0.0,960.8792791609412,179.81517677801185,826.474642857143,30.23075004139375,142.86479600181357
6684,67.77683906503475,138.54923391083432,1.346298178699175,700.2957918074937,-0.0,1168.6008190960692,215.60031014220874,1026.474642857143,39.522871141458566,175.63892777527448
6685,82.69335013034048,145.01278052972057,1.9457232735966128,921.5179345483712,-0.0,1376.3223590311973,251.38544350640564,1226.474642857143,48.814992241523385,206.77761709850833
6686,81.17770114089157,169.67654102493725,2.429154500328491,983.8928488336352,-0.0,1555.142823297496,276.7715285448943,1410.029642857143,57.29925411029606,232.29709285841275
6687,74.24410752632517,181.16026779360178,2.763298552814074,975.2162136958034,-0.0,1656.021299086558,286.2810669135753,1541.5850446428572,62.49853769912925,250.63347802770076
6688,76.21658673208337,183.24899039364723,2.9155672859332795,917.2458494360435,-0.0,1661.7723194810242,278.69382046835545,1600.0,62.56175400047862,260.7511491537244
6689,75.07200837061903,175.23919864113495,2.634389462734506,801.1886983829921,-0.0,1593.224225799368,258.1095066517009,1565.752455357143,59.09230663364101,262.1930541876872
6690,57.10017439399457,131.5531868912492,2.084389462734506,653.829151529641,-0.0,1451.8691112668603,230.68062649452997,1498.5774107142859,53.145546375872755,257.5017491380881
6691,51.645850024197415,115.946836654146,1.722194731367253,615.0244651749545,-0.0,1347.835470129311,204.10655969688753,1376.4274107142858,46.91095701228319,249.92692217615763
6692,47.65826379019115,103.72905074972577,1.162194731367253,480.7578459064448,-0.0,1255.1018289917617,181.5816088128011,1258.2024107142859,41.5251458290916,241.20957961809964
6693,32.5664480545727,95.41197274472023,0.702194731367253,355.9485797911466,-0.0,1176.7681878542126,161.00950665170092,1207.2023660714287,36.71983283410914,231.00380950200326
6694,30.10636638081794,88.15632047278787,0.55,240.5699860053374,-0.0,1104.5345467166633,142.04683474600347,1100.2773660714288,32.148683486141906,219.22269354975393
6695,29.368013722351062,82.81876391200998,0.22999999999999998,134.63095815692475,-0.0,1048.300905579114,125.39359309570878,1054.4523214285716,28.358032326383793,209.0874895594154
6696,30.807735882229647,79.67406875162231,-0.0,155.9072248697803,-0.0,1007.6672644415647,110.71579348863608,958.6273214285716,25.296657535232786,215.36425994900492
6697,19.920144601647575,77.96080925855166,0.11780526863274704,187.3350320373318,-0.0,975.8336233040155,97.72286618018813,867.9273214285715,23.26455911268888,209.29622571864098
6698,22.752166034908,76.80255473260293,0.20447112927950967,219.97971582432385,-0.0,948.9999821664663,85.83367168117046,834.8522767857144,22.05684978034396,205.38882038730893
6699,25.803795135435113,47.09606442694484,0.15447112927950962,146.99621993637368,-0.0,923.5663410289171,73.66333769295827,750.1022767857144,21.21742044018788,201.7387735245374
6700,15.24983981078945,29.953274639234785,0.10447112927950956,183.8369122175992,-0.0,899.9326998913679,63.47041038451032,721.5022321428572,21.087718355006437,198.53627383891236
6701,17.740113987755976,28.4762165027169,0.04447112927950951,109.68408865913804,-0.0,875.8990587538186,52.830331799048636,693.9271875000001,21.17507444241181,194.57151003901978
6702,7.386530937009254,-0.0,-0.0,40.94985204168245,-0.0,858.8939200118114,43.812705255055725,677.734642857143,21.884970184282732,190.4121519215798
6703,-0.0,-0.0,0.04705160960654067,-0.0,-0.0,871.7168809726745,39.539005251145284,702.8620982142858,24.245617603582634,198.56974114312592
6704,-0.0,-0.0,0.3187991824220746,19.386187974527843,-0.0,928.3535293615683,42.650295078758134,767.7320535714287,28.526276539035514,199.16275632604197
6705,7.514654081527514,9.280966939762546,0.8481834440470106,95.63851706247598,-0.0,1031.1896139807218,52.42627570465705,795.1570535714286,33.72735030749286,204.31132448087874
6706,21.06795593384752,30.62872486841815,1.4990904445579964,221.17750890476947,-0.0,1149.3540399183485,68.18032615780798,827.1745535714286,40.21338855192901,212.45998339462216
6707,38.348471935462214,90.52900887090631,2.2990904445579963,368.1590307114092,-0.0,1266.518425586708,85.9658545720082,915.2245089285715,48.02640126085273,222.4054623784606
6708,55.33277003876711,127.61671160751638,3.077521716913642,532.5530918867263,-0.0,1388.0542283209911,104.9231531091443,999.2519642857143,56.12256435759573,232.9496125668275
6709,71.7519120620129,162.80413418452366,3.779486458865609,695.4062124222628,-0.0,1502.5331068027247,121.6285333732269,1074.6419196428571,63.0381663106343,244.43559783012415
6710,82.5923344171906,220.15898860340548,4.354047010730708,835.544162175724,-0.0,1592.940930641939,134.4293959021032,1075.044419642857,69.5639952888752,253.66308892968962
6711,87.82124128792836,265.2427101248077,4.732733776188041,926.2496068025608,-0.0,1646.2635291793977,141.54497224570045,1099.0493749999998,73.52124313097124,260.16711878085994
6712,100.01730467390415,265.80348731255447,5.115235008029781,961.3788746131546,-0.0,1661.7723194810242,140.7792111775818,1091.2643303571426,74.33696880051852,262.1930541876872
6713,92.52330666268148,270.7117042912214,5.115242946565447,932.6614988477082,-0.0,1641.2814722060552,134.77323687833223,1056.7042857142856,72.92298902637883,257.80527169752355
6714,79.82979839378717,241.08611149164503,4.883048215198194,861.3435514803401,-0.0,1595.447831068506,124.56007381349923,946.7042857142856,68.96640690995275,247.64541354333798
6715,66.77379468514437,211.10266225880034,4.403048215198194,788.843391328787,-0.0,1552.2141899309568,117.56970053255621,835.5292857142856,66.67317020546581,235.96920323679566
6716,54.465491703119724,179.64993085961416,3.923048215198193,718.661018393049,-0.0,1515.1805487934075,114.13983805711416,727.3042857142856,65.3725552815251,237.13125668926412
6717,44.24239400796475,177.9230623297633,3.5130482151981934,654.6826369630774,-0.0,1490.7469076558582,114.46852175063086,622.9542857142856,65.80361306355394,224.31253078659424
6718,35.83353900885217,149.3984365759754,3.4408534838309404,591.3508938856608,-0.0,1473.213266518309,116.6443567211613,579.6292410714284,67.0102817553838,223.9681693134319
6719,30.473151160818368,149.7044393807586,3.4686587524636874,534.6608870586581,-0.0,1464.3796253807598,120.474808587566,542.8041964285712,68.88772138044816,210.74302848513122
6720,27.11565108526637,123.87554636199499,3.3886587524636873,480.74728031732496,-0.0,1458.0459842432106,122.79563373491374,456.15419642857125,70.25792469158353,198.19990028923812
6721,24.774889145505263,97.02095041093861,3.3586587524636875,423.7140651674278,-0.0,1446.5123431056613,120.92942548344027,427.10415178571407,70.52333532799396,187.26985381523042
6722,24.234715704844128,68.302555816435,3.3386587524636875,465.4716340680938,-0.0,1427.1787019681121,114.34789306693733,395.9791071428569,69.80101146226629,179.02987011449676
6723,24.697822369398118,67.17026336915286,3.3586587524636875,492.9918073443808,-0.0,1399.345060830563,103.45673393137741,363.42906249999976,67.75678944738527,173.83076679465498
6724,24.02574198808846,65.53582735513902,3.5764640210964345,500.75770837684826,-0.0,1357.5114196930137,118.86960285578918,269.07906249999974,64.94917471872354,170.82663189379429
6725,20.799044819009104,32.85861921582243,3.3764640210964343,482.75625793387337,-0.0,1291.1777785554646,95.42913134301905,220.50401785714257,59.94644726846992,166.75847172811845
6726,15.197764992969496,-0.0,3.066816601576761,458.7284320259514,-0.0,1211.8583886156864,98.64952082342937,173.10397321428542,53.75113136511072,176.49446140706945
6727,12.584711927664713,6.667965029411622,2.805398614862402,484.9741590107038,-0.0,1147.8243850547326,73.67968681575124,102.13397321428542,48.55505797958315,173.880547720059
6728,13.954417255416086,24.935089998927676,2.8773071027082304,475.0725574852718,-0.0,1109.1185617351834,86.07698616087528,127.0308035714287,45.46134558384412,172.23596212224152
6729,20.246589218090264,34.21966982661676,3.210145585444196,513.2261470291483,-0.0,1101.0980845251918,75.70112890334354,204.70825892857158,43.85692406646204,170.92152712963033
6730,30.799297651199453,83.77419014660788,3.6933289838674384,594.0000349445233,-0.0,1120.6202401007115,74.67187160397945,319.48821428571443,44.08153685940007,182.27797047519786
6731,43.091863103559746,112.69306746091698,4.337329960216077,710.0191913639119,-0.0,1156.3280236706587,81.03497411028735,446.2681696428573,45.09756350246311,178.92564244797936
6732,55.81762895917189,172.50048492376897,4.8044633276151565,824.7487232198614,-0.0,1196.0786413724534,116.82010747448426,506.5456696428573,46.28058342770454,174.1893152905807
6733,66.79233164935681,197.20372199923375,5.184304921892111,917.7783652077096,-0.0,1237.1149676072098,152.60524083868117,607.3056250000002,47.07021213596367,168.45863229538895
6734,73.97582785021511,209.43951690475805,5.411566035842034,972.4175780530857,-0.0,1333.8105028611662,158.55428166805666,670.8680803571431,46.15331656031362,175.29174084455374
6735,77.61956807707409,212.09955528294975,5.705934922257101,978.7841486021618,-0.0,1406.7778176044508,159.73852371707963,687.2130357142859,43.95595814402835,179.7802205894857
6736,75.70572652042222,228.17510214418564,5.541568545149283,942.2772771297476,-0.0,1386.8437335049628,156.4505955527342,666.5904910714287,41.967927535692496,182.96213613789763
6737,78.65158430773907,228.17510214418564,5.382194457624646,856.9995879290545,-0.0,1338.4528862299937,148.76191005505635,559.2229910714287,39.9946589153432,170.09187667166657
6738,63.022729308626495,193.5311644213248,4.662194457624646,844.4506458906682,-0.0,1264.5192450924446,136.66976860122531,487.8729464285716,36.85010578757104,153.9713896184491
6739,48.212537626959346,187.408792500092,4.139999726257393,838.1808357270747,-0.0,1196.5856039548953,129.82870769749252,421.59790178571444,34.70306171875322,137.6951793119068
6740,43.05317096138702,155.85746696549137,3.5099997262573934,738.1313054338432,-0.0,1143.251962817346,158.71269646473337,366.1228571428573,34.514523085308014,122.24689359968286
6741,32.09720373475625,127.44709854243541,2.9999997262573936,650.3639879247966,-0.0,1106.2183216797969,161.83784381247403,267.4478571428573,35.84548626365368,106.87407965892379
6742,21.61430220596793,128.1230715444871,2.5799997262573937,676.8021607727361,-0.0,1081.5343419884061,197.62297717667093,233.27281250000016,37.930114900805435,105.03462383146847
6743,12.40927932915842,102.2489044779839,2.279999726257394,716.1878825696052,-0.0,1059.8007008508569,205.25185733384185,205.89776785714298,41.290354447758205,90.57992319361372
6744,5.46963966457921,80.57449813359455,2.0999997262573937,657.1889821346952,-0.0,1047.7670597133076,214.97877285447055,186.09772321428582,45.97742672411401,79.33666906240872
6745,-0.0,61.59390036689625,2.2478049948901404,607.0811880918775,-0.0,1037.2334185757584,222.030049868223,168.57267857142867,51.127939016092135,71.48511291971343
6746,4.043864119615588,71.79416050241134,2.1878049948901404,564.7991642764079,-0.0,1021.7997774382092,257.7833903054049,151.0726339285715,55.680942249115915,68.14487734835596
6747,-0.0,82.56442063792643,2.1278049948901403,634.8235414142989,-0.0,1001.1661363006599,256.94743745668194,134.19758928571432,58.81937825059853,83.32139586732168
6748,2.1438764650030055,92.96063291786429,2.315610263522887,590.8197388772478,-0.0,974.4324951631107,252.99439227004146,58.447589285714315,60.91152701272883,100.54370041288632
6749,8.283867755272308,98.41113233126555,2.353415532155634,590.8197388772478,-0.0,928.2988540255616,242.229952191456,29.04754464285716,60.352501257098695,103.6867348832364
6750,-0.0,74.6293929502595,2.014473273596615,511.4521996258333,-0.0,872.9650920802109,259.6316307795419,-0.0,58.17804053042213,104.96131591925338
6751,-0.0,66.13036697251215,1.8028151233666714,473.8272015735086,-0.0,926.1181556257245,249.25912003722976,-0.0,56.78283656365258,121.47401273509325
6752,7.992956628140812,83.32174338259502,1.8500839021096451,497.83482700882126,-0.0,1032.213207648475,246.91981788676463,138.01495535714287,56.6357144009149,138.95771797647478
6753,26.992948005537798,125.5407373669728,2.465262701657057,579.5856794916011,-0.0,1122.1342356845141,253.26138792304903,338.01495535714287,59.166336053880734,144.5279043815992
6754,53.3526625733012,186.16735646239042,3.119920340900797,802.7683556968643,-0.0,1245.2833231541565,263.7765391026899,538.0149553571429,63.13960533084129,165.1818121086932
6755,82.74465224930353,253.83656197517377,3.824690397109279,966.7131834464459,-0.0,1375.5035860741195,275.70728466753957,738.0149553571429,67.68888311493508,184.9275214573926
6756,112.18758082164203,321.45254104120346,4.595221822760786,1134.746272291826,-0.0,1498.7380599225862,283.47894415309815,938.0149553571429,71.76069870380141,188.93537684160071
6757,139.37891555475386,390.90606356285605,5.363990346010659,1290.9088940077663,-0.0,1597.1441924525795,286.2810669135753,1138.0149553571428,73.9708903853382,189.34392562119564
6758,160.45153243762599,460.35958608450863,5.9501783889335,1389.2282924211538,-0.0,1657.7221850104356,286.2810669135753,1334.6024107142857,74.33696880051852,198.62295504361796
6759,173.71944070411976,485.8830481628726,6.209907566245713,1545.215542094579,-0.0,1661.7723194810242,269.24137899892577,1457.2973660714285,71.87562415265127,191.737205205701
6760,176.60110434030906,514.79435394894,6.141887637783781,1507.536968511913,-0.0,1656.9498294875443,272.3351743661334,1488.1623214285714,66.92832137830938,183.0465040842834
6761,168.24160436397253,489.2498142993285,5.943923872180452,1390.6696678792257,-0.0,1539.7445699377356,265.59034054879857,1372.6598214285714,58.767070818896194,187.69435006440364
6762,152.30986159237813,451.5118386551342,5.4117291408132,1348.2894920352442,-0.0,1389.0109288001863,229.80520718460167,1284.8097767857143,49.47494971883138,187.81200083488505
6763,136.87678213822917,416.08599664342785,4.6517291408132,1197.69983432851,-0.0,1312.822003868463,194.02007382040478,1143.2597767857144,40.182828618766564,185.70512337683135
6764,124.05582403210141,383.2489582422906,3.9817291408132,1064.4586361670797,-0.0,1182.888362730914,190.90838478803855,1067.5347321428571,32.86045745119729,177.4336041332748
6765,113.06679110762819,353.93358485211274,3.4217291408132,1052.4891751237546,-0.0,1067.1547215933647,191.10239320164482,1001.6096875,34.5561296742517,175.5727645724438
6766,103.04583300150043,355.7574043531889,2.9417291408132,945.0301897465096,-0.0,961.8210804558155,161.41673504840315,940.8846428571428,30.067874851856054,160.79340977074202
6767,95.26294971371813,332.6844138076289,2.8795344094459465,847.3623107613569,-0.0,871.0874393182663,136.449937405967,890.7595982142857,26.80889639806751,147.96323736142242
6768,89.54006642593583,312.9492796953372,2.9373396780786933,879.5612667921685,-0.0,794.6537981807171,114.89257001893361,848.6345535714286,32.01678681714221,137.33960581304552
6769,84.97891215344141,294.8162891497772,2.777339678078693,910.8286398971165,-0.0,726.020157043168,93.60121441971947,754.9845535714286,30.182244755394247,143.4410303664821
6770,86.59120418475423,276.96616000460745,2.707339678078693,830.0620206286069,-0.0,662.7865159056188,105.38382794138074,719.1845089285714,35.53896065670851,138.26809049041114
6771,83.9692834877992,259.29341867117745,2.657339678078693,741.7549248263263,-0.0,602.6528747680695,118.60416248465302,651.7081250000017,33.79957861839402,135.22294927334664
6772,80.71582994192295,240.02401729391,2.587339678078693,644.759803541345,-0.0,541.4192336305204,98.72596995027187,613.6580803571445,38.39534544513162,147.4569521961848
6773,75.2423763960467,242.29762731983146,2.63514494671144,632.6781556248831,-0.0,463.48559249297114,101.66969882766645,567.3830357142873,34.67919433996888,158.00567205614405
6774,68.58517487928967,213.27641057231617,2.5862435214249224,609.6639003093699,-0.0,454.9679235501029,101.66969882766645,532.3879910714302,30.58772089285409,167.36012657887656
6775,68.29573542260673,221.09253244466697,2.377998759033507,635.1877414462713,-0.0,444.0616975378822,88.95578851035941,572.960446428573,29.224247038470367,179.508721536885
6776,88.47615890827544,216.59600761594425,2.5536655504051398,619.4546821065326,-0.0,577.9419748623885,123.54288753057908,680.6704017857159,38.459194916237024,195.11993318339924
6777,104.4071639011386,256.6539461132909,2.790574083874736,784.0547168875487,-0.0,709.7909817934965,137.52143226484128,855.9953571428587,43.025885038234506,200.4573037727289
6778,126.82344096781245,278.50107036922014,3.397163205343456,992.5888525006557,-0.0,883.825133487826,173.30656562903818,1055.9953571428587,52.31800613829932,220.05557035239823
6779,152.32269130556693,337.41743117719943,4.098335873056428,1215.7715287059189,-0.0,1071.5018776983998,209.09169899323507,1255.9953571428587,58.0479534737414,227.11744738472728
6780,178.05441157075046,394.60000244786147,4.867152894371852,1340.1457919559641,-0.0,1279.2234176335278,227.67126557675212,1452.2303125000014,63.15664601503538,231.65455719208643
6781,204.30265374652384,459.2818392419901,5.667152894371852,1559.388824921893,-0.0,1486.9449575686558,242.05716940667554,1546.5253125000015,66.32040485230905,249.5337458301058
6782,225.22611076896052,517.8698646793483,6.110287794729542,1731.5196500237685,-0.0,1604.4796730327255,277.84230277087244,1587.6353125000016,74.33696880051852,249.46744881029335
6783,235.69397029929556,555.6281801732208,6.29025713555734,1738.4868232914985,-0.0,1661.7723194810242,271.4492619073129,1565.8203125000016,74.33696880051852,257.8833174197123
6784,235.62496075158836,542.8163551796256,6.149416563252792,1785.4614096421053,-0.0,1643.651721463231,285.8597257761371,1540.4027678571445,74.33696880051852,262.1930541876872
6785,235.69397029929556,535.2571562554554,5.958864652529382,1751.7260614533882,-0.0,1617.262554915905,286.2810669135753,1466.8152232142872,73.02033664919136,261.6757528570315
6786,216.13525674353158,512.4136674187423,5.158864652529382,1638.0350344867438,-0.0,1546.0736299841817,276.6485527338613,1369.99017857143,63.728215549126546,255.71164286572917
6787,209.2582772496313,461.3917035244338,4.566669921162129,1441.3460750205466,-0.0,1408.1399888466326,268.5745847231061,1273.440133928573,59.82158603850168,248.01809900018466
6788,190.19129270915522,413.0764096082066,3.8166699211621293,1358.407073950873,-0.0,1347.2510639149093,263.6497326259069,1183.2150892857157,56.30518197106058,238.94266843754448
6789,185.57468730698224,394.53269142785126,3.4844751897948765,1179.9398932062572,-0.0,1232.21742277736,262.2777292516939,1106.7150446428586,54.73511244481339,231.19843289969404
6790,168.82556317747895,377.4937389367317,2.9744751897948767,1126.9137772502577,-0.0,1194.5284978456368,232.9977685444248,1035.3650000000014,50.255183486988834,223.89683889328305
6791,166.35277165660304,335.5448856549434,2.584475189794877,1093.031218737421,-0.0,1106.5948567080877,207.32350528312813,974.4399553571443,51.03633578034368,219.24769770972557
6792,165.58304583356957,324.94189524249043,2.3044751897948768,1070.8922176677477,-0.0,1105.0059317763646,187.39835793538745,924.9399107142871,53.36870989330055,217.1461037033146
6793,165.65927348086035,286.56114760610046,2.4022804584276236,946.4072497073169,-0.0,1114.3170068446414,170.3354895660358,879.4148660714299,56.53280401406858,216.44450969690362
6794,166.12337978012994,277.4674492942328,2.2722804584276237,939.8157975865728,-0.0,1114.3170068446414,187.74285750812928,836.5398214285727,60.250563593642696,215.84291569049265
6795,165.59247695889653,269.94136813774725,2.4500857270603706,946.2341496701108,-0.0,1066.3833657070923,205.24079519482,796.4897767857155,63.5219886320229,216.144592114553
6796,164.5857985926995,261.4417176814568,2.5678909956931175,951.1396166399747,-0.0,1018.0497245695431,222.05759339231625,753.8397321428583,66.7519664076173,216.4970861462312
6797,148.04988160438725,247.81849792536147,2.5356962643258645,930.3570581271382,-0.0,1015.6607996378199,232.7252756762565,697.7146875000011,67.98927510082389,213.74467453220237
6798,129.84579602379122,233.25726182404597,2.402323709759838,901.0044902099704,-0.0,935.612746225431,205.69025234862542,643.432142857144,67.26545763679536,208.20906998616283
6799,132.13396461503865,212.40938632278323,2.526115181765094,825.703458068604,-0.0,969.1801012379829,215.54426070871114,636.7170982142868,67.17512511720291,202.6158913107053
6800,142.2795998725701,242.60102673467046,2.9517743083436763,933.1985787734502,-0.0,1054.0894849970387,231.36597819071335,693.7295535714296,68.08633130004233,199.02986685239927
6801,147.1688718988201,262.0924136059263,3.616480445652969,1102.9187965705812,-0.0,1185.8123951070565,222.76414116792805,790.8445089285725,69.65973607020194,196.2368471341985
6802,168.39131840909323,320.566987666306,4.146081876414338,1302.4353734607848,-0.0,1350.4490731836393,250.24235700620133,913.7469642857154,72.45313855255385,194.68056374491954
6803,179.6497488211008,379.55418384918966,4.946081876414338,1516.691748526211,-0.0,1432.8696985270067,242.23888075194031,1027.6069196428582,73.96999758041117,194.0052706123407
6804,202.28473170259346,431.75748177262375,5.393920404774072,1692.2901950915896,-0.0,1541.9640257029482,255.9990504553095,1117.611875000001,74.33696880051852,192.53322534967668
6805,220.314425616446,449.9984345474061,5.882512592160012,1694.8546373094814,-0.0,1621.3300920989507,262.36591464798494,1177.2668303571438,73.64386053524747,189.2187319142144
6806,217.8198104542244,475.4438549870105,5.888956128184539,1761.6024401942962,-0.0,1621.3300920989507,259.4042625594871,1193.0492857142867,64.43218150120367,184.1723626744243
6807,220.3589028658069,479.7578595904532,5.672586685159501,1785.4614096421053,-0.0,1619.4401604355483,252.23450120511973,1169.3317410714296,60.83952957414498,176.8000682122774
6808,216.19714564281009,469.1857441818636,5.5681487243594425,1762.9688300364614,-0.0,1579.3079181407718,238.38307849283706,1105.3791964285724,56.15406682961394,167.52630907463924
6809,206.85796585000523,421.0393384540601,5.297364314913498,1703.8473944402351,-0.0,1508.7474956045905,219.9760850876935,1016.7891517857151,50.248525743608354,155.34186424906747
6810,193.85203566726278,391.58166630473903,4.765169583546245,1498.0823840086368,-0.0,1407.9585706728674,193.32962198852962,907.114107142858,42.05919091477827,138.54542775898733
6811,168.27303474010208,365.7743986930665,4.252974852178992,1406.0633404677958,-0.0,1311.8696457411443,168.28885633533824,801.3890625000008,34.062525168336,122.14245040796447
6812,158.57173958613535,342.382126114272,3.5929748521789926,1330.9709777506773,-0.0,1230.080720809421,148.07834608489736,707.3890178571436,27.878030316072433,106.78374980361676
6813,151.68256578018983,324.40889642393284,3.0429748521789928,1274.1052958572814,-0.0,1166.691795877698,133.41695174801248,623.4639732142864,23.505706357987563,93.12014355356202
6814,132.80165791238062,309.703523166862,2.8507801208117396,1234.2574011797003,-0.0,1047.4581547401488,122.93296409089183,548.1889285714292,20.277273301892546,80.55163165780026
6815,129.48055892478055,298.1324370432545,2.8285853894444863,1213.1184001100269,-0.0,1012.6692298084256,115.41125541216019,485.238883928572,19.1683420575884,70.68475497727417
6816,127.46926377081382,289.7115901975332,2.9363906580772334,1207.2576203187718,-0.0,923.5355886708765,108.08313437349122,428.1388392857149,19.327690805473097,62.52441915769077
6817,126.82873504130771,282.147174052007,3.08419592670998,1208.1097256411908,-0.0,911.0466637391532,107.08598365153756,379.0887946428577,21.077264996541558,56.772259414285756
6818,126.62455211485917,275.8187100509036,3.282001195342727,1103.7207661749935,-0.0,904.35773880743,108.20396063095914,333.0137500000005,23.54389736019683,52.38563421561966
6819,127.16864017312275,242.78295744739165,3.2520011953427272,1113.0648884858795,-0.0,898.0688138757068,109.85022837658899,286.83870535714334,26.08858427285718,49.56781399216383
6820,114.42311551754383,237.35496206781676,3.429806463975474,1126.6207581941553,-0.0,887.2798889439837,109.18510123027384,238.01366071428617,24.488761433513634,47.066345921064745
6821,112.12779207490738,229.20458384362396,3.487611732608221,1010.346505034381,-0.0,859.6909640122605,102.8708581704027,177.03861607142903,23.9554410990105,43.73368282517593
6822,108.60927684750905,217.99185729986834,3.4283577268413765,994.3845831482107,-0.0,752.4429911384059,93.32431468161599,117.39357142857186,21.91183078380975,40.21277265570096
6823,106.31345639123077,210.71338614360047,3.386275412438865,1006.3706716809929,-0.0,732.5964976458583,85.24624189346792,101.4710267857147,20.444358756559083,39.76891173596476
6824,107.11192818095594,211.23052945528246,3.1039121012482673,1038.2485565688023,-0.0,739.1495209221048,51.592352880800746,139.44098214285754,20.290724257042825,42.88527069576177
6825,111.47502854194569,219.09552802014946,2.9009560460617574,982.1038534771025,-0.0,779.8878097693743,56.64863085317568,235.04593750000038,22.503018694061275,50.5368438303678
6826,111.47502854194569,232.1244208853034,2.8118783761588446,1047.2885871410012,-0.0,846.0400276602774,66.30019847326528,373.48839285714325,25.20050384125157,61.655654923298535
6827,120.43688270181298,245.13508233658177,2.982721457770641,1110.438203728736,-0.0,918.2492100729974,76.08154247491719,532.8508482142861,27.20200667765171,72.28508376415303
6828,129.22169289578096,257.6747378762735,3.096152684502519,1160.149735838085,-0.0,907.728088554731,84.1194680089856,670.975803571429,29.190132539144948,82.10986825795156
6829,137.35699828556238,257.6747378762735,3.2497039929921896,1096.8053788610243,-0.0,884.1215001191058,91.97865632292451,796.9582589285718,30.781105356693732,91.3185390791476
6830,127.35853887439235,261.0413768612887,2.981219067085189,1110.487258629872,-0.0,884.1215001191058,92.34655085563426,878.2907142857147,30.25179127236189,97.2855453651583
6831,126.30313660631734,256.09994552446346,2.6126217242134464,1094.8614936423542,-0.0,869.131729532772,86.03299999456168,901.0631696428575,27.579522700560023,98.95568620162065
6832,122.5419793227649,244.25272949191222,2.4346579586101176,1060.4210148585844,-0.0,758.2119771695893,75.6663083021368,864.7056250000003,24.315779172830858,95.90827125054578
6833,115.60294385788549,226.5069709384098,2.1731683882035187,900.0326266246661,-0.0,693.5944290345226,61.71414205274355,791.8305803571432,19.38065670443589,87.91748860904003
6834,104.39434031003391,202.93826765942023,1.7409736568362657,825.9065106686666,-0.0,610.5055041027994,44.00382826595689,702.930535714286,13.198558189534786,75.26520293032311
6835,93.81477417135507,180.34718153581278,1.2587789254690125,747.911067042156,-0.0,462.77186296525014,29.567188349504214,611.6554910714289,8.24568874139919,60.739206630688905
6836,83.90328285102169,160.08776042316467,0.8765841941017594,685.455189353042,-0.0,384.0680898918132,18.626815623621283,531.1054464285717,4.7562120070443195,46.29358774822659
6837,76.0471747429186,142.66477001071166,0.6343894627345062,637.0339754991835,-0.0,331.97916496009,9.995873153141105,457.5554017857145,2.5179570922914785,33.18406953626104
6838,69.12817886233371,124.53868885422612,0.15438946273450627,589.8989659352765,-0.0,284.3902400283668,3.3309424704801813,383.8303571428573,0.3602003657477679,20.920463286206303
6839,64.1009119970367,110.20118196466738,0.10219473136725316,557.993718104484,-0.0,252.10131509664362,-0.0,319.4303125000001,-0.0,11.165033112329937
6840,47.727294282106314,98.65201006414928,0.1200000000000001,534.8182320068058,-0.0,164.5676739590944,0.5124759971033193,264.48026785714296,0.31785418325730497,4.429225521281676
6841,45.30521446267295,88.08141243055799,-0.0,408.687885410463,-0.0,152.6787490273712,3.1155217388038885,215.5802232142858,1.5649847351217092,0.6720341968577328
6842,43.478517855469896,78.82534120831627,0.050000000000000044,389.841250449525,-0.0,141.28982409564802,6.794009523726466,169.60517857142864,2.670668024200319,-0.0
6843,42.42720446049715,69.69784425300136,-0.0,372.3154836137939,-0.0,127.60089916392482,10.02338139509305,125.13013392857148,3.961736779896172,2.116393361181448
6844,41.18934909610017,59.57320869807667,0.1978052686327469,353.9630359543403,-0.0,109.71197423220161,11.103637352903636,80.50508928571432,4.784525543403186,5.758950166133701
6845,39.504951762278964,49.16262099872921,0.3956105372654938,332.8541457380497,-0.0,87.62304930047841,0.7332448494436221,35.980044642857166,5.014645224522373,10.17031194629622
6846,36.94547341067914,37.8439721132823,0.31596311774582075,313.1034084001612,-0.0,66.91979263244988,-0.0,-0.0,4.980551754197163,8.193731933293266
6847,26.294875330532882,31.315526800583253,0.46611636798306433,314.33123956425845,-0.0,-0.0,1.8501984775814826,10.714955357142856,5.823399335698749,16.447655205717208
6848,27.10664258190237,31.600996419819698,0.6822634863858673,226.75301699856232,-0.0,34.024400072902985,8.795019210000127,75.44741071428572,5.9068506679756565,29.518044466641623
6849,29.729013751523432,33.551814240809705,0.6600125921600113,155.63625745285714,-0.0,31.53214337358314,22.80042689215287,184.07236607142855,9.546650817457014,46.178781393408755
6850,36.98344979104169,40.779509571791515,1.0372097872107449,211.6639870838129,-0.0,133.99841111592144,40.26676497071781,267.5098660714285,14.584326145477291,66.57246213800474
6851,46.544072763065216,53.44736363464192,1.209774937951675,149.19352726585257,-0.0,200.14806235530403,61.39792133011399,421.62732142857135,19.694635646426182,87.37835098298739
6852,56.18436984614594,70.1325634474322,1.416691136214322,210.69127379096864,-0.0,258.0834221276485,82.11142594078164,565.4097767857143,25.32208209955112,107.13498975391829
6853,65.46932330129088,87.60602523999044,1.6541904518577992,267.58172241364383,-0.0,373.67791038065866,100.50082402341587,695.0422321428571,30.05237550873161,124.12033649844022
6854,59.90968588789486,102.15593558531293,2.079152082268778,313.7060347767413,-0.0,455.81567572745496,111.88380062344571,790.9456696428575,32.86997064558434,136.70282183198947
6855,63.54111035649208,107.27248256374496,2.143607881962186,328.6043439353793,-0.0,489.2397536462206,98.28398379673376,856.7056250000004,33.880832938121785,142.2614715573696
6856,62.09481006082955,101.522173843917,2.2891699211621277,308.75407144278574,-0.0,469.8216417414136,90.84049338714516,862.0305803571432,32.111635706875504,140.77779827024253
6857,55.511315674706715,84.15972669660329,2.1909736568362645,252.9784778491956,-0.0,404.20405333707976,70.90284594768576,796.6755357142861,26.74681604967523,132.18579020802062
6858,44.338843522540046,61.1734161964754,1.6009736568362647,170.68429393932803,-0.0,314.6151284053566,45.095872043020904,705.5254910714289,18.867303079502964,117.48281285699778
6859,34.32041790004911,39.666617206331345,1.2687789254690118,103.80971843802449,-0.0,235.72620347363338,24.71738536821853,613.9504464285717,11.070684634902296,101.15367206220414
6860,25.240655595003602,22.345281870593883,0.976584194101759,52.68052157263298,-0.0,107.39256233608415,11.391943880056623,532.9254017857145,5.620353429653946,85.25572629220021
6861,18.725902410461106,10.702979489067907,0.744389462734506,21.20069484891998,-0.0,64.20363740436096,4.313850132562692,456.1503571428574,2.0382549147528417,69.19551640792872
6862,13.73077513419131,3.3037579173306533,0.5621947313672531,-0.0,-0.0,28.614712472637763,-0.0,326.32535714285734,-0.0,53.627130447478855
6863,11.788357705042683,-0.0,0.25219473136725307,2.3704540143400123,-0.0,-0.0,2.8938119499520454,264.52531250000015,-0.0,39.90629166417548
6864,-0.0,2.099801448230412,0.05219473136725311,-0.0,-0.0,6.011075068276803,-0.0,212.42526785714298,2.978858680312163,28.190358526579125
6865,-0.0,9.097449395485292,0.17000000000000015,55.74125375733158,-0.0,-0.0,10.402357563850678,167.22522321428582,0.8004257165743418,18.48750711086818
6866,-0.0,19.072943841764637,0.06000000000000005,44.48213176273816,-0.0,-0.0,1.917092337917481,127.50017857142865,-0.0,10.809183923692363
6867,-0.0,3.602096862936339,-0.0,22.590865219092592,-0.0,-0.0,-0.0,93.32513392857149,0.47513789138507967,5.411112218376536
6868,-0.0,17.654480696695472,0.07000000000000006,8.579641146614534,-0.0,-0.0,-0.0,64.52508928571433,2.250228480928566,1.6916567796850295
6869,0.6917081074107223,3.493384505737172,-0.0,-0.0,-0.0,-0.0,-0.0,35.80004464285716,4.01554451365582,-0.0
6870,-0.0,2.2949480105325577,-0.0,-0.0,-0.0,-0.0,-0.0,17.442499999999995,5.763367579197125,0.015496920785899704
6871,-0.0,-0.0,0.06187531936637716,-0.0,-0.0,0.713606889496333,-0.0,-0.0,8.699271742981152,6.267343453211169
6872,1.1167443735398344,-0.0,0.32032958610117523,36.73714530428988,-0.0,54.46928279476384,10.419109650785735,48.04249999999999,13.263368406248635,14.475995045949524
6873,9.489315189180871,-0.0,0.8046576392437403,122.89539582545542,-0.0,180.16205005086397,38.72871129631886,196.15495535714285,19.374098904973042,34.7546516586395
6874,23.05595475431087,-0.0,1.4308610117526823,236.6657395945761,-0.0,333.2543743450253,68.37820222678351,301.02745535714286,25.343571177837777,59.07586950525064
6875,49.21127487386626,43.07261437900802,2.118707204905467,374.45775195337967,-0.0,496.0036228917363,97.49096493358121,457.51991071428574,30.12349099057861,87.27413634326027
6876,65.01523643420434,91.34202377145493,2.799141543178333,503.9221695168144,-0.0,654.5528714384473,123.10950547597426,607.2448660714286,34.206159456305784,116.34585250353614
6877,80.20461217257727,136.01671349562866,3.514167092488502,625.926948628279,-0.0,775.7502942053486,145.376113949092,736.3698214285714,37.175871937764505,130.4930346426201
6878,91.11032374834126,172.74468958092513,4.11613949923352,712.2849702868903,-0.0,873.53553561481,159.66521200576878,825.7922767857143,38.74291841565239,140.2402970792224
6879,105.55472145951705,197.1595006955007,4.512238119570771,752.5648766844245,-0.0,896.5341261904591,162.99796824003042,819.1522767857143,37.635001208570756,156.0913701770828
6880,101.73458120836172,203.65019330539292,4.786816647200526,741.2387302861453,-0.0,881.2997602061009,154.8440939524259,761.1047767857143,33.8441460439022,163.44869007363027
6881,100.14721818942171,194.39190054369993,4.623403259361997,697.1015317131458,-0.0,810.1659982607503,137.36188605108055,704.7904017857146,27.21450153557727,162.32424843337316
6882,83.5299507622484,175.1753009613597,4.173403259361997,619.1497177295881,-0.0,705.632357123201,114.17642436149313,640.1903571428575,24.366519365849793,138.6042651214033
6883,75.41095431978721,154.60822282324716,3.6534032593619976,530.7641505071495,-0.0,600.4987159856519,91.16463654223969,577.1653125000003,21.51406296784243,125.85864623894099
6884,67.9883036803836,135.71685755167118,3.143403259361998,459.00526410843327,-0.0,500.6650748481027,69.30196463654224,458.86531250000024,14.150339141170553,112.59013434317923
6885,51.666223299073934,117.40763584682692,2.7134032593619977,392.9899351528801,-0.0,411.3314337105535,49.50157170923379,406.2902678571431,8.413400742060125,98.75445268744288
6886,45.648171206434,99.87127554237287,2.3634032593619976,314.45191687937086,-0.0,326.7977925730043,31.87662082514735,355.7902232142859,3.761800507725349,85.1073245250568
6887,29.943184811636513,85.02611162734968,2.1234032593619974,261.7565454526502,-0.0,254.0641514354551,17.061100196463656,314.21517857142874,1.000425716574341,59.19740437512481
6888,15.798768674932985,71.91833552406628,1.9934032593619977,204.79982936695149,-0.0,195.8305102979059,7.275834970530454,282.24013392857154,-0.0,48.98964731370684
6889,3.903523078488694,59.47746867675033,1.8834032593619976,155.33421967334527,-0.0,148.89686916035672,1.1982318271119823,257.0900892857144,0.2580797187982693,39.48516068276022
6890,2.5258450775760557,48.21826684039373,1.8234032593619975,130.42995463871708,-0.0,112.9632280228075,-0.0,236.8900446428572,-0.0,31.74293816608116
6891,2.1045311207270117,37.76620360364692,1.8034032593619975,93.5177065925559,-0.0,86.12958688525828,-0.0,164.46504464285718,-0.0,25.11870301699453
6892,2.0895812079415577,27.995326822087133,1.7234032593619975,70.9281478643507,-0.0,62.09594574770908,-0.0,92.09004464285718,-0.0,19.317360881207357
6893,1.0796404156591115,13.636593607259048,1.5134032593619975,34.02171251670501,-0.0,27.562304610159877,-0.0,67.04,0.24092694252826874,12.989729366337471
6894,-0.0,-0.0,1.321872855682897,-0.0,-0.0,-0.0,-0.0,-0.0,-0.0,9.15431843727943
6895,-0.0,-0.0,1.2519776078545881,-0.0,-0.0,-0.0,-0.0,44.939955357142836,-0.0,8.590596454960854
6896,-0.0,-0.0,1.4075959011606687,52.0372912805517,-0.0,59.24082066848899,-0.0,105.53995535714286,-0.0,-0.0
6897,4.539499474089762,-0.0,2.1140649408715966,173.5335277525906,-0.0,186.28063460529887,-0.0,237.35995535714284,-0.0,13.212405853667462
6898,13.812755880700752,-0.0,2.9140649408715964,331.8903245077177,-0.0,355.81976396456685,-0.0,437.35995535714284,0.8909706341123478,30.98099982100013
6899,25.678629174296884,18.612581551013548,3.714064940871596,542.0677691242547,-0.0,544.9871138345067,-0.0,637.3599553571428,8.826904218635955,51.79319970017765
6900,47.07379051799172,81.55315368100389,4.514064940871596,747.4852366640114,-0.0,724.9116295725992,-0.0,837.3599553571428,8.857470830107657,60.328854776753325
6901,66.77794206761341,140.33266870186674,5.314064940871596,943.057089954758,-0.0,884.0078442614855,-0.0,1024.354955357143,15.854405042539472,67.45718483809284
6902,82.09453088853257,189.05114842533388,5.953073627637053,1089.5188989439248,-0.0,1000.3617885882649,16.231478228652065,1161.0924553571429,12.42433331273607,72.25174232287753
6903,78.5539033991782,220.39943367446176,6.228684256150083,1172.3101112078953,-0.0,1056.1023273718838,29.83466648354571,1230.2649553571428,14.896421751967663,71.69316568859008
6904,67.06781230932927,228.61026560198968,6.399999999999999,1191.6132785253071,-0.0,1045.443913156449,34.65596216130218,1217.8424553571429,14.896421751967663,68.04258387100799
6905,60.03709547007018,211.2393082744123,5.960937659683187,1122.5866676513756,-0.0,955.8865459419605,28.797053045186637,1117.1949553571428,12.427605615427344,73.81171020974853
6906,48.57907985944227,183.3548522588038,5.210937659683187,1010.6357642641924,-0.0,825.7865459419605,15.212377210216104,987.1949553571428,7.863597977705902,73.81171020974853
6907,38.63723212651129,157.44515199818719,4.440937659683186,902.9333204223132,-0.0,709.5599791558599,4.61650294695481,858.2199553571428,3.977597587147942,59.328833106951606
6908,30.18750574160152,133.97854248160314,3.998742928315933,803.1784255293635,-0.0,598.6599791558599,-0.0,798.0949107142857,1.6501026319625893,59.78421976316545
6909,24.312396144461438,114.36978939828741,3.418742928315933,714.0048328242243,-0.0,502.95997915585997,-0.0,695.1949107142857,0.5957749473741938,47.114550317565836
6910,9.786127790127425,96.56532344843507,2.918742928315933,621.793844494706,-0.0,412.95997915585997,-0.0,614.3425,-0.0,35.08098154246298
6911,6.66773808777222,81.51085749858272,2.568742928315933,528.5058946034122,-0.0,358.02633801831075,-0.0,526.3675,0.9798359624268187,24.65068319783147
6912,4.933572840453392,70.06258297103932,2.318742928315933,432.1280980366689,-0.0,291.52633801831075,-0.0,449.0175,1.1744917221615747,17.89246025888158
6913,4.202865623710332,60.71382988772357,2.148742928315933,344.8591950778331,-0.0,229.52633801831075,-0.0,375.3175,4.322607676777237,13.763671194173849
6914,4.026775194736961,52.76411969286315,2.018742928315933,281.3979260102618,-0.0,173.12633801831075,-0.0,307.1175,-0.0,12.413498396090434
6915,4.984535129072674,46.73773951992144,1.8887429283159332,236.30962699869963,-0.0,142.29269688076153,-0.0,243.1425,-0.0,13.091124257013501
6916,5.697108017544737,39.50207718063825,1.768742928315933,193.86579602667493,-0.0,110.9590557432123,-0.0,179.5175,-0.0,28.54625904260355
6917,4.3479518907289165,26.10285547579399,1.72654819694868,129.7557182935312,-0.0,61.42541460566308,-0.0,106.96750000000002,1.435945060436966,41.655481866282784
6918,0.9988658433603383,7.791593397802643,1.624706046061754,50.276316265148324,-0.0,4.43452706142687,-0.0,33.2475,-0.0,50.83416025296276
6919,-0.0,-0.0,1.5902680852616955,-0.0,-0.0,-0.0,-0.0,-0.0,-0.0,49.06975793865513
6920,-0.0,-0.0,1.7785230217534103,-0.0,-0.0,45.86948414109966,-0.0,18.559999999999988,1.1425576842228882,49.06975793865513
6921,11.28659183299731,-0.0,1.963195990583252,72.5102456953409,-0.0,156.89524822647434,-0.0,141.65745535714285,0.04135075129343235,49.3516655399499
6922,17.46422266627894,-0.0,2.5556665632527897,204.91479853174994,-0.0,308.62044854210865,-0.0,316.19991071428575,0.04135075129343235,49.73546991347167
6923,26.970233677362625,25.405011418892038,3.0193865428133417,362.688226167404,-0.0,481.273909637682,-0.0,464.6274107142858,8.397295718404575,50.488818037043835
6924,44.60132934188164,79.45163835996061,3.736793242207458,507.57830192958704,-0.0,636.7559939365988,-0.0,607.9274107142859,13.989816493987343,48.63752155521977
6925,48.536041907528734,125.23493645919376,4.345497846558141,629.6901522987944,-0.0,769.9383198511185,-0.0,777.5423660714287,10.07236997644174,43.59293647408282
6926,49.08812116301304,153.41933608952087,4.547110008029781,718.4918478648805,-0.0,859.5640839364931,1.4544683227714543,845.0123660714287,10.07236997644174,50.047175852638404
6927,55.372941702074876,162.48364443909333,4.533673625812101,755.0280844210092,-0.0,900.2620302038677,13.536425635627964,843.8048660714287,10.07236997644174,54.7983604615801
6928,55.02195767569824,155.1873547837454,4.238602087743629,733.2254281748046,-0.0,872.4038576040358,18.66812340738536,839.3523214285715,9.476894323330557,58.81634047072243
6929,49.245501773487554,134.64107384522566,3.715893860865754,643.179430634677,-0.0,782.1179879940054,16.653045186640462,735.3223214285715,7.743481241974319,47.2665774671585
6930,28.44461663138385,107.43994785153586,2.9158938608657543,518.9205442359608,-0.0,660.8179879940054,7.398821218074644,667.5472767857143,4.074539024003169,30.842819983469695
6931,19.063161231186193,82.79524262379735,2.1582168406453026,405.4674705357602,-0.0,546.3179879940054,0.9937131630648253,550.9972767857143,1.0177677002107135,12.951892739806299
6932,8.923563294120331,62.491006017587345,1.4882168406453027,311.68953720458603,-0.0,447.91798799400544,-0.0,446.74727678571435,-0.0,11.920487053217455
6933,4.238846029713564,45.517477310792025,0.9782168406453029,242.0778506345309,-0.0,366.8179879940054,-0.0,354.62227678571435,-0.0,-0.0
6934,1.053362340846185,31.679182914760958,0.5282168406453029,182.04039383712777,-0.0,297.01798799400547,-0.0,268.87227678571435,1.6114613665547957,4.507839479067361
6935,-0.0,22.23017068507138,0.20821684064530283,141.17317530661012,-0.0,245.51798799400547,-0.0,196.77227678571435,0.6594041703628868,1.379732607637473
6936,2.222413204117437,17.582584188454994,0.028216840645302887,125.96330992930399,-0.0,216.01798799400547,-0.0,137.52227678571435,-0.0,-0.0
6937,-0.0,15.310949836261372,0.17602210927804973,120.98012537572038,-0.0,199.91798799400547,-0.0,141.0972321428572,-0.0,-0.0
6938,4.319721598002285,14.139315484067751,0.16602210927804972,127.39294931637028,-0.0,195.11798799400546,-0.0,96.2222321428572,-0.0,-0.0
6939,-0.0,13.457441853987959,0.39382737791079664,134.18000302967218,-0.0,193.11798799400546,-0.0,53.69723214285719,-0.0,-0.0
6940,-0.0,12.763185379290292,0.5816326465435435,139.0106141861317,-0.0,193.51798799400547,-0.0,66.37218750000001,-0.0,-0.0
6941,2.2491513399083303,8.262976760169863,0.6394379151762906,129.8758891778521,-0.0,184.11798799400546,-0.0,27.687544642857183,0.31608592143331116,-0.0
6942,3.2521871739351775,-0.0,0.30496678589678095,104.01254490101596,-0.0,166.18936479066195,-0.0,29.535000000000004,1.663823461316225,-0.0
6943,-0.0,-0.0,0.06754726622381213,123.86243707597829,-0.0,180.46021808684532,-0.0,-0.0,3.674115603529237,-0.0
6944,1.2407104501723936,-0.0,-0.0,216.61268470362234,-0.0,240.54463800325783,-0.0,4.15500000000003,6.759855376845506,-0.0
6945,11.708821122838273,-0.0,0.43307098145850037,384.5870049503635,-0.0,350.19983067731937,-0.0,106.00495535714288,11.655641222879389,-0.0
6946,28.99569421287168,-0.0,0.8671512062924294,594.3843688588145,-0.0,495.02595718609854,-0.0,191.0924553571429,16.85874031273849,-0.0
6947,49.817940421967535,10.125342468204906,1.3816964285714273,817.5670450640777,-0.0,647.666133546313,-0.0,305.00745535714293,21.330149022841066,-0.0
6948,71.4442594868609,74.16327611211142,1.892828263011897,1032.5124257723821,-0.0,790.0920184394892,-0.0,442.85245535714296,25.560238401281687,-0.0
6949,90.27793198341871,134.8804851841174,2.644473592962988,1211.566241993843,-0.0,909.9752705471539,-0.0,576.1374553571429,28.3933026669017,-0.0
6950,102.9479799016621,182.78036993633486,3.0045553507555276,1333.819253266628,-0.0,990.0875485508337,-0.0,687.409955357143,29.88550006924585,-0.0
6951,108.21787634816795,214.66568183732738,3.2442921928607906,1387.0592562108836,-0.0,1015.2576367309409,-0.0,745.662455357143,29.83953195945889,-0.0
6952,103.7070119511996,224.5312083880625,3.1646294437550164,1371.2379021524896,-0.0,989.82840948859,-0.0,781.5049107142859,28.60216767333387,-0.0
6953,99.62057012096398,210.15663730138138,2.7726263778377964,1282.9168784897913,-0.0,920.0997460159792,-0.0,751.3576785714288,26.341124477336653,-0.0
6954,89.77890031339365,184.21170273000052,2.290431646470543,1156.2343921767447,-0.0,822.9997460159792,-0.0,705.9076339285716,22.252349334683476,-0.0
6955,70.96589382326874,159.0522417472701,1.8182369151032902,1037.1785866874204,-0.0,732.4997460159792,-0.0,664.0075892857144,19.246468717601896,-0.0
6956,61.40615364559736,136.79468505338522,1.17823691510329,931.8316748060038,-0.0,653.4997460159792,-0.0,570.0825892857143,17.252758994699015,-0.0
6957,56.23353948820577,117.03546334854096,0.9160421837360371,837.666975708772,-0.0,585.0997460159792,-0.0,488.30758928571436,17.054161993388014,-0.0
6958,42.13438336138995,99.14529446639584,0.5060421837360372,744.5618000777694,-0.0,521.8997460159792,-0.0,413.1575892857144,17.109230450883103,-0.0
6959,29.819647855977173,83.49013055137264,0.1860421837360371,661.4210500151366,-0.0,467.4997460159792,-0.0,345.68258928571436,18.574073465194424,-0.0
6960,20.03933297196743,70.9197323255852,0.2938474523687841,595.7714063445965,-0.0,428.59974601597924,-0.0,289.68258928571436,20.926745585327048,-0.0
6961,20.72247611853345,58.950051933456265,0.19384745236878403,537.7257541798227,-0.0,394.2997460159792,-0.0,236.60758928571437,23.76235953287286,-0.0
6962,12.680039886502506,48.77441939690456,0.19384745236878403,487.310774344538,-0.0,368.8997460159792,-0.0,241.5075446428572,27.422362570617658,-0.0
6963,14.284912048356407,39.226404015734985,0.34854884480619036,441.6442540545573,-0.0,350.19974601597914,-0.0,188.8825446428572,31.52381287114825,-0.0
6964,14.284912048356407,28.6755272341752,0.5363541134389372,397.16575924727704,-0.0,333.19974601597914,-0.0,132.9575446428572,35.315488614862616,-0.0
6965,2.5599803765769673,14.022028330111368,0.3263541134389373,332.8010601500454,-0.0,298.29974601597917,-0.0,60.83254464285718,37.40960799778104,-0.0
6966,-0.0,-0.0,-0.0,267.31823146727396,-0.0,254.94249960929216,-0.0,40.98250000000001,37.50771359216165,-0.0
6967,-0.0,-0.0,-0.0,274.5454481950104,-0.0,261.58444781726183,-0.0,-0.0,37.06952886837296,-0.0
6968,8.094454124520869,-0.0,0.34173224322943274,378.16731928738227,-0.0,330.79692716727754,-0.0,4.337500000000006,36.55433054791664,-0.0
6969,27.217171834939077,-0.0,0.34173224322943274,565.9276303108215,-0.0,455.35151580233156,-0.0,114.18995535714285,36.79358277635617,-0.0
6970,54.180706866955475,8.82690442909822,1.1417322432294326,789.1103065160847,-0.0,622.5485358765612,-0.0,268.37991071428576,39.09405374558073,-0.0
6971,83.64245315436742,78.28042695075082,1.9417322432294324,1012.2929827213479,-0.0,804.2739375385314,-0.0,390.9599107142858,43.304214772513006,-0.0
6972,113.10419944177936,147.73394947240342,2.741732243229432,1235.475658926611,-0.0,979.813670936807,-0.0,506.5224107142858,47.077381020468465,-0.0
6973,140.4976792801259,217.18747199405604,3.541732243229432,1458.658335131874,-0.0,1129.8966008903342,-0.0,599.2524107142858,50.02759049314619,-0.0
6974,158.92245035737452,278.7533180991116,4.341732243229432,1652.9268749057599,-0.0,1231.1230495532507,-0.0,654.7124107142859,51.867675113517066,-0.0
6975,165.78414489458945,320.10841382403976,4.494501788451711,1762.5583460756907,-0.0,1282.0072681233273,-0.0,714.2173660714287,51.75139864345638,-0.0
6976,162.38265504585726,333.38124135650986,4.720712825753703,1785.4614096421053,-0.0,1285.1207542050222,-0.0,671.6773660714288,51.018744553081035,-0.0
6977,147.5341900909978,312.15811750572766,4.3730608073582005,1684.882471719732,-0.0,1232.5920504631445,-0.0,648.5548214285716,49.96048333751081,-0.0
6978,125.18401665033667,278.76251477190743,3.6930608073582007,1548.7549558910416,-0.0,1143.4920504631446,-0.0,608.8297767857144,46.876548171424155,-0.0
6979,114.52616072406339,246.4797635042336,3.023060807358201,1400.5838826191884,-0.0,1056.5920504631445,-0.0,516.8297767857144,44.429172989715184,-0.0
6980,105.97523909994766,218.8358158471289,2.493060807358201,1278.0870391199871,-0.0,981.5920504631445,-0.0,433.82977678571444,43.85007780019505,-0.0
6981,100.97419057979039,196.01900678963403,2.113060807358201,1168.1468690882064,-0.0,917.8920504631444,-0.0,359.70477678571444,44.54903715968,-0.0
6982,87.09751165171704,175.89147989848064,1.803060807358201,1079.2291574637982,-0.0,855.3920504631444,-0.0,350.0547321428573,45.48949108379233,-0.0
6983,74.67352432975886,158.07942659597765,1.583060807358201,1008.0510117767865,-0.0,814.9584093255952,-0.0,289.4297321428573,46.91777411372597,-0.0
6984,73.38106985672191,143.01356471578362,1.463060807358201,930.5639724818673,-0.0,776.524768188046,-0.0,234.7047321428573,49.81922441425657,-0.0
6985,61.026297869297096,125.88509064732936,1.303060807358201,859.5631374768996,-0.0,707.524768188046,-0.0,174.9797321428573,52.369452895185134,-0.0
6986,48.0726663980602,106.30900935773681,1.1630608073582012,783.6089408244868,-0.0,633.124768188046,-0.0,167.8400892857143,54.89284864671066,-0.0
6987,43.41190445829909,83.61912942469702,0.9530608073582012,700.262727183607,-0.0,554.024768188046,-0.0,161.41504464285714,57.51135711982806,-0.0
6988,37.618628837783476,59.543068003592126,0.7630608073582013,612.3947348211457,-0.0,474.22476818804597,-0.0,95.14004464285715,59.512807420358655,-0.0
6989,27.77649373345577,28.820585816535957,0.3730608073582013,503.7356360665919,-0.0,373.62476818804595,5.664490519132443,17.790044642857154,58.4167486619349,-0.0
6990,7.519057750491704,-0.0,-0.0,405.00721338644166,-0.0,277.5246071109773,9.263115273552877,-0.0,56.112505220794645,-0.0
6991,-0.0,-0.0,-0.0,404.8667217760368,-0.0,283.2183408294894,18.850435076483237,-0.0,54.90485024818285,-0.0
6992,6.189815207142299,-0.0,-0.0,490.7298953902599,-0.0,351.8303369482991,36.611100558158455,13.237500000000011,55.52659570547574,-0.0
6993,34.90006173315927,47.54189888364712,0.7999999999999998,669.2991300294108,-0.0,492.34140687396393,65.91451286914995,106.91526785714277,59.25248291327604,-0.0
6994,61.16003508519939,116.99542140529972,1.5999999999999996,891.2550341734508,-0.0,700.062946809092,101.69964623334685,228.07276785714276,65.47180477007396,-0.0
6995,89.54886328136882,186.44894392695232,1.5999999999999996,1114.437710378714,-0.0,901.2730502723448,137.48477959754376,428.07276785714276,70.80543244708633,-0.0
6996,118.42782981860438,255.9024664486049,1.5999999999999996,1337.620386583977,-0.0,1108.9945902074728,167.5755773760258,590.2152678571427,74.33696880051852,-0.0
6997,143.8201793241352,325.3559889702575,2.3999999999999995,1551.5617024129642,-0.0,1262.8335987589394,186.8239537302581,742.0177678571428,74.01320083995054,31.06483777982249
6998,162.47673288271756,383.5250469381738,3.1999999999999993,1702.4213680912885,-0.0,1380.1967360800168,193.62120668685958,841.9927678571428,70.10962921784652,63.83896955328339
6999,183.12900792412103,420.97383704089765,2.6827388860500774,1785.4614096421053,-0.0,1418.6514455228723,191.5241946315238,932.6527232142856,64.0345665480468,90.32998395567695
7000,180.89147973004432,428.55519764967187,3.0191824220746044,1772.8471591156017,-0.0,1399.4092497547872,182.636725059047,900.6827232142856,56.22786836954443,108.40114887797579
7001,162.69357669521693,398.78000015344526,2.74,1636.2502216215757,-0.0,1290.789618199406,165.35110259021388,808.3452232142856,47.235168603175424,118.13511261101249
7002,142.49249062591986,354.75040916951076,2.12,1458.3313870449554,-0.0,1140.8559770618567,141.71868608726692,750.6201785714285,37.943047503110606,120.9844189948875
7003,116.55686100900436,311.704148207495,1.49,1310.8261124354237,-0.0,997.8223359243076,119.11082754109796,638.4451785714285,28.65092640304579,120.71913437695333
7004,102.7756520134919,272.78979153432476,1.01,1163.8713263077784,-0.0,867.4886947867584,100.01809669630424,588.8451339285714,19.358805302980976,116.57535942770676
7005,90.35135907913096,235.42972199461798,0.6100000000000001,1016.988066162788,-0.0,750.6550536492092,85.44422636231603,543.5700892857142,17.99240132789707,110.216993476651
7006,78.69744023649733,200.40203529952905,0.29000000000000004,880.2434613588196,-0.0,640.42141251166,71.59294934856358,447.6450892857142,16.960160999828382,103.17347039802823
7007,58.01120387947584,168.88839646001733,0.09000000000000008,755.4770778332697,-0.0,543.9877713741108,60.24167233481113,416.1700446428571,9.65475340116274,97.82831210416978
7008,48.43919197749074,140.44047048704223,-0.0,645.8324730293014,-0.0,463.15413023656157,53.47723225622567,338.3200446428571,9.65475340116274,95.65522921599295
7009,40.45794649996624,114.4375395469452,-0.0,547.174983111659,-0.0,392.72048909901235,49.79393166683471,267.9950446428571,4.81273851627782,97.37384431632583
7010,32.55746744690236,91.19722079510841,-0.0,451.98282935876114,-0.0,325.4868479614631,45.576642865263004,198.57004464285714,-0.0,102.38906305087546
7011,24.816792227471822,69.15618420961309,0.050000000000000044,384.2726526470884,-0.0,261.8532068239139,42.8593540636913,132.37004464285715,-0.0,110.39270934346347
7012,17.39419182638674,47.489195479695,-0.0,314.79622917429674,-0.0,202.0195656863647,41.157192963494836,70.99504464285715,3.633596024916095,120.21761343411525
7013,8.678703652819854,23.417211716898827,0.030000000000000027,226.77043555982652,-0.0,133.38592454881547,36.496485694339626,3.1700446428571567,2.8095194981698475,129.1441527400027
7014,-0.0,-0.0,-0.0,138.53427025370988,-0.0,68.85212233419756,29.580391858623084,-0.0,2.8095194981698475,137.26957942795661
7015,-0.0,-0.0,0.38056974961676027,121.93666250038822,-0.0,72.41727311863335,31.404243951592477,73.00745535714285,5.071512883589475,147.12932385032397
7016,5.471269638554375,7.019052442759168,0.38056974961676027,202.51991714656805,-0.0,146.0527536987793,42.05471003720419,190.16245535714285,8.729880457612197,160.50849827189904
7017,20.421871481918398,59.7237998664841,-0.0,368.8527865159241,-0.0,274.9159715583911,59.272284445255934,378.58245535714286,13.661537513836445,177.4888763286546
7018,47.657173599770054,129.1773223881367,0.7298671435871242,585.9621754408906,-0.0,454.2213389723084,79.85599387828238,578.5824553571429,19.46508708491487,198.6223656855855
7019,74.88375382762464,198.6308449097893,0.7298671435871242,809.1448516461538,-0.0,647.56929890247,101.89540148671489,778.5824553571429,25.227943005549612,220.1944650664281
7020,104.34550011503659,268.0843674314419,0.7190929994890145,1032.327527851417,-0.0,840.8743844315171,122.68386411955926,978.5824553571429,30.72380564400597,238.30887674004927
7021,130.88738485718426,337.53788995309446,1.5190929994890143,1255.51020405668,-0.0,1023.6368371750527,143.40709033952834,1174.022455357143,36.25295038601159,252.91037723152945
7022,151.35213878765725,401.41776297317267,1.5190929994890143,1450.9021372704556,-0.0,1171.8141048860996,159.6584231994061,1307.077455357143,40.102324793921824,261.88610073818097
7023,173.11935233674228,444.2692136826183,2.319092999489014,1579.1628145787913,-0.0,1259.8921779824898,168.10660070227615,1352.212455357143,41.83572489836888,262.1930541876872
7024,173.11935233674228,457.535114977729,2.817772100153296,1611.7433153360032,-0.0,1264.8713383490935,164.0561919216569,1312.314955357143,40.65422884895713,260.3911521580616
7025,155.5030899967495,432.1883742798576,2.6608252427184467,1511.3410148792368,-0.0,1166.608872661865,144.57367387033395,1216.232455357143,36.775874664808555,262.1930541876872
7026,140.11302151742495,392.2416347620695,2.1408252427184467,1360.9894510374186,-0.0,1026.8752315243157,117.49764243614928,1099.307455357143,30.79011078345856,256.81271797934
7027,124.66796215860342,352.05251239966356,1.5808252427184468,1210.4032233603448,-0.0,890.1415903867666,92.75756385068759,1040.9574107142857,25.162852337481176,235.39260873205825
7028,110.81233254168791,314.1833900372576,1.1108252427184468,1063.716995683271,-0.0,761.7079492492173,71.0666011787819,929.9824107142857,20.32581933468756,228.32057453520133
7029,88.62862810642694,277.3904590971606,0.7008252427184468,927.2436531198714,-0.0,643.474308111668,53.43791748526521,825.8324107142857,16.61317542209293,222.25344598405144
7030,67.32761527728114,241.94991100168147,0.35082524271844673,794.7960807838197,-0.0,531.2406669741188,37.80923379174852,783.6073660714286,13.53225151730946,218.60103437002263
7031,58.12544369094141,208.75412859543806,0.13082524271844675,672.5871637887899,-0.0,430.8070258365696,24.518271119842822,727.8754910714285,11.312323988944248,204.16444703507221
7032,49.7173003932714,178.63335115631656,0.03082524271844668,566.8951234132007,-0.0,342.5733846990204,13.855599214145379,646.8754910714285,9.5826692056044,207.0102742704958
7033,41.84856859650142,148.497578684317,0.010825242718446662,462.4288532649595,-0.0,262.5397435614712,5.355206286836932,625.9254464285714,7.794508986891942,213.18553538016158
7034,33.960210891458736,118.74657190155318,0.0008252427184466532,365.0408043951368,-0.0,191.006102423922,0.0756385068762242,550.3754464285714,6.4356251367865855,221.23287189550896
7035,26.173386035337277,89.69794796340723,0.02082524271844667,272.3269852979661,-0.0,129.47246128637278,-0.0,534.6004017857142,5.571854008273114,230.29165491750607
7036,18.3982901945037,61.25313260295234,0.04082524271844669,183.3487406324254,-0.0,80.93882014882358,-0.0,466.52540178571417,5.320253773938337,225.99745724337131
7037,9.828577565900435,32.19426938692021,0.0508252427184467,93.2882831826997,-0.0,39.205179011274375,-0.0,451.075357142857,4.936933531792402,234.50705787298625
7038,-0.0,2.4288742930268743,-0.0,3.119617973443944,-0.0,-0.0,-0.0,377.615357142857,2.852712222700545,238.2557963601375
7039,-0.0,-0.0,-0.0,-0.0,-0.0,24.293935064847936,-0.0,341.48035714285703,0.9290348216408573,230.48928505890714
7040,3.519800068418771,20.82557665458492,0.7185513541134385,64.04471742638995,-0.0,118.19807838892106,-0.0,365.862857142857,-0.0,223.4730695430133
7041,26.47265348107106,70.55094431188448,0.28344149207971303,198.09685934534818,-0.0,285.84716585856336,21.964495806447317,460.45285714285706,-0.0,217.67318413560025
7042,55.934399768483004,137.55471760733082,1.0834414920797129,386.464176160939,-0.0,480.65783309155654,52.93279299167108,595.952857142857,1.5988721257706509,214.73207675112593
7043,80.05962190777211,207.0082401289834,1.8834414920797127,597.7004820222305,-0.0,688.3793730266846,87.30119961782847,795.952857142857,9.122639238045762,214.33287238159122
7044,105.10255884565444,276.461762650636,2.6834414920797123,820.8831582274937,-0.0,896.1009129618126,120.0839033855299,995.952857142857,16.402127955573473,227.40077536633774
7045,129.61625904299248,345.9152851722886,2.80702606029637,1044.065834432757,-0.0,1103.8224528969406,150.77983681146537,1129.380357142857,23.27512201724663,240.11122938195734
7046,149.08204194536086,408.0727257845461,2.80702606029637,1225.6041810113093,-0.0,1275.3002843777278,172.3979829676828,1217.7903571428571,28.95954918485032,249.62479538747206
7047,159.91850126140955,448.8529404756018,2.559085334695963,1342.309561362857,-0.0,1388.5360468427439,183.8463002904527,1252.1678571428572,32.5233214812958,256.08065086686855
7048,159.91850126140955,460.344275730404,3.313413387838528,1368.3991911012934,-0.0,1411.6871880450117,181.96323808340767,1221.6353571428572,33.24248461098323,260.94188895148056
7049,150.68282998942502,432.8614218314167,2.5134133878385283,1271.8784252000255,-0.0,1352.8391346326227,163.3393189982227,1195.6578125,29.84330857759267,262.1930541876872
7050,132.67999693996126,390.23232927174223,2.0934133878385284,1121.572475737079,-0.0,1247.0054934950736,134.50454493142504,1087.3828125,22.618635676344123,257.5455482193654
7051,114.3389111467914,349.66250894416544,1.6234133878385284,982.0209731848626,-0.0,1132.5718523575242,107.31515396875315,977.0328125,15.652468210468186,250.06206751585876
7052,98.19957260991544,312.93362585964564,1.2134133878385285,852.7413554253702,-0.0,1020.4382112199751,83.11456457779047,873.9078125,9.737475262352683,240.74097686193159
7053,84.22274775379398,280.4583021406869,0.8434133878385283,766.6068805588301,-0.0,917.7045700824259,63.52163726934254,836.6577678571429,5.749267741798631,231.25108123279415
7054,71.46631523040584,250.70749489883394,0.5634133878385282,699.025767339735,-0.0,823.7709289448767,48.39295357582585,805.2827232142857,3.1463983860202323,222.55137431224264
7055,60.92546208561466,225.4435869787046,0.3834133878385283,622.1546940678818,-0.0,749.2372878073274,40.162501709421136,728.6577232142857,2.126423555813428,200.73805779652741
7056,51.9428799255356,203.13491336933947,0.32341338783852824,568.1369824434736,-0.0,693.0036466697783,38.101990903920154,719.5826785714286,3.1649541609792333,195.2318100150332
7057,44.45953134099592,183.07361763747033,0.3034133878385282,525.2895090859508,-0.0,649.6700055322291,39.76800269173941,660.6826785714286,5.437601111318662,191.59436720874928
7058,38.23464990753502,165.19565192751992,0.33341338783852825,484.33804422266155,-0.0,614.9363643946799,45.38882783908715,606.6326785714286,8.422418955836784,190.6928991376502
7059,32.52746920069228,148.48292052833375,0.3934133878385283,451.12614529676875,-0.0,586.6027232571307,53.06446634596338,609.9326339285715,12.265742235727519,178.9285131436933
7060,26.6479892204677,131.0235191510663,0.4034133878385283,411.12313997878346,-0.0,557.9690821195815,61.904348467770845,558.1076339285714,16.51879277059289,182.76289387246717
7061,18.695051209667355,109.94411777379884,0.2634133878385284,381.8763414746754,-0.0,509.4354409820323,66.50081212199481,492.78263392857144,18.90356331326942,186.47916129833672
7062,8.645637673233292,88.09662704203852,-0.0,315.8548672070549,-0.0,451.0445131685289,65.55727996808795,425.28763392857144,19.28537479286051,188.5381379373153
7063,9.512268965080313,92.52669754778631,0.07056974961676021,331.81368373701423,-0.0,461.6239151507357,72.78847112621355,461.7325892857143,20.713436314536995,176.57897369519708
7064,22.712724509763802,126.5601215235131,0.5120618293306077,434.45495837194164,-0.0,548.8307322582709,92.31074965226745,509.3825892857143,24.595271532223194,179.58729142547432
7065,46.40613232538992,183.34849215098882,0.5120618293306077,637.2436731726089,-0.0,696.079537843043,124.68127028569897,636.0550892857143,32.08228119787259,185.21148434859978
7066,75.86787861280186,252.8020146726414,1.3120618293306077,860.426349377872,-0.0,884.8134881910366,160.46640364989588,836.0550892857143,41.37440229793741,194.62332145049098
7067,105.3296249002138,322.255537194294,2.1120618293306075,1083.6090255831352,-0.0,1092.5350281261647,196.25153701409278,1036.0550892857143,50.66652339800223,206.5561778706917
7068,134.79137118762574,391.7090597159466,2.9120618293306073,1306.7917017883983,-0.0,1298.1115307211355,232.03667037828967,1236.0550892857143,59.958644498067045,215.89932280015526
7069,164.2531174750377,460.7119500538622,3.712061829330607,1505.6579779937274,-0.0,1475.5597322669,266.6558293629562,1412.7150892857144,69.25076559813186,220.5765137039929
7070,188.28390275996986,515.5404889658699,4.031839550332142,1660.4071442328618,-0.0,1603.0513317142522,284.6749845010475,1574.947544642857,74.33696880051852,218.07813290777204
7071,203.9476819729702,549.0012646666178,4.546032192130814,1770.6072601006936,-0.0,1661.7723194810242,286.2810669135753,1598.5650446428572,72.80643668832786,195.40690040812916
7072,207.3560426232556,555.6281801732208,4.645889115993869,1785.4614096421053,-0.0,1661.7723194810242,271.60509358201216,1600.0,67.15302860058198,182.86045302528115
7073,194.98798300635607,525.345984502429,4.230825242718447,1680.6666254548757,-0.0,1570.409894063063,269.24560538023337,1527.002455357143,64.55025552060245,167.8859454264353
7074,175.22233514843455,483.4811294049988,3.440825242718447,1528.0671635438596,-0.0,1439.6762529255136,259.16770809639365,1374.627455357143,58.819331523461784,151.33869132873733
7075,156.21495827522514,441.4481785964141,2.7208252427184467,1373.3063569738654,-0.0,1315.5426117879645,223.38257473219676,1280.0524107142858,49.527210423396966,124.74487146053829
7076,139.1977775683824,403.02332349898387,2.0608252427184466,1234.1673291254529,-0.0,1203.0089706504152,216.9198051497323,1190.5273660714286,45.079228253669484,117.6629000369554
7077,124.61444722484873,367.0044205459764,1.5508252427184466,1107.0718587202032,-0.0,1105.475329512866,216.46273301324032,1056.2023660714285,42.32391516632983,116.14470200756386
7078,112.59247180487566,334.16932617066004,1.1408252427184467,992.3635032012795,-0.0,1020.1416883753168,185.8599825220812,983.6273214285713,33.23834049234621,118.40021459908962
7079,103.12031845954193,307.0806525612949,0.8708252427184467,907.4134114319419,-0.0,955.8080472377676,192.73316578833973,921.0522767857142,25.723489449755487,104.17997941649597
7080,96.66240781025061,283.99030400672666,0.6808252427184468,844.2740344632607,-0.0,909.4744061002184,172.12294967832008,867.277232142857,27.20962362520163,99.78014656063256
7081,91.33545975178656,263.3437640298494,0.5908252427184467,794.6266744830466,-0.0,872.6407649626692,153.4655822912867,819.8771874999998,29.14209234184169,96.77704327429781
7082,86.40196972389828,243.13579831989898,0.5508252427184467,749.801093224414,-0.0,910.6725933469056,169.46528815086546,718.1021874999998,32.11600832126754,94.97721041843441
7083,80.9263583479888,221.96069401033878,0.49082524271844663,705.7755119657813,-0.0,888.8389522093564,188.15379558215346,677.1771428571426,35.95087337527006,79.17194404358564
7084,74.78131723017327,198.98440324559155,0.42082524271844657,659.5628158208227,-0.0,873.7053110718072,178.853402654845,636.9270982142855,40.35885839802795,77.68682812484332
7085,66.01665020408504,172.21169171489305,0.23082524271844662,595.053200585256,-0.0,849.271669934258,200.06666450656522,586.9520535714283,44.25462522476555,75.81806435845775
7086,56.03541751408148,154.41924588271377,-0.0,516.8771138405733,-0.0,812.8808226592889,183.88307326767537,536.1220089285712,46.59338188654708,63.42293912095064
7087,56.38598513848825,151.66019576841,-0.0,514.1244217260821,-0.0,868.5626704852148,168.83017081866905,520.474464285714,48.54985203018833,48.700569461396526
7088,68.50706096187857,175.47375669961556,0.4718446601941746,596.7841779425851,-0.0,892.027660192582,157.01329736261883,550.0894196428569,51.05925977852193,51.614509568344936
7089,89.39411880541616,221.65505267368758,0.4718446601941746,751.0511335340166,-0.0,963.5633421190637,150.04367892025908,582.744419642857,54.49867983401778,58.10331881027807
7090,116.84436150555267,291.10857519534017,1.2718446601941744,959.9331006821305,-0.0,1071.8698773417289,177.68646086079588,715.0318749999998,58.670138715067765,69.07759211622287
7091,146.3061077929646,357.73111243705466,2.0718446601941745,1165.3797784748494,-0.0,1214.6901402616918,175.75053573572825,800.3418749999998,61.60254482100141,81.28784041569281
7092,175.69322233027538,423.3001494290743,2.153842616249363,1388.5624546801125,-0.0,1362.1674079727386,203.4959511645519,931.6993303571427,63.40474201363438,95.22290080290546
7093,202.5630953881436,484.11652303529286,2.953842616249363,1570.8108420551112,-0.0,1503.3590074200908,224.47056021707294,1033.7492857142856,57.08744969676174,108.99927366774574
7094,223.5716290691042,530.7165333924303,3.7538426162493628,1713.2542048523985,-0.0,1610.7938839612293,238.60475957480884,1040.7192857142857,56.29791237183371,120.5201163795621
7095,235.68156963956795,555.6281801732208,4.324269289729179,1785.4614096421053,-0.0,1661.7723194810242,214.50771753932145,1046.6192410714286,54.000821764926734,127.33508854858549
7096,235.69397029929556,552.9206007055438,4.49294839039346,1769.4925436329104,-0.0,1644.1945555950783,185.22364064614567,1006.1291964285715,44.70870066486192,130.1631999181158
7097,222.53382728219083,512.3301641762295,4.070825242718447,1622.564593576153,-0.0,1539.546421644155,179.7510088800126,925.4316517857144,35.416579564797104,128.00013512141769
7098,198.7983026266119,487.4062265864756,3.330825242718447,1539.7504521374528,-0.0,1395.8127805066058,167.75228644882515,828.9316071428573,29.280815591089915,120.49677996445912
7099,175.81201154657236,435.7711918166222,2.590825242718447,1454.2056383692639,-0.0,1253.4791393690566,155.9724245284432,734.6065625000001,24.03283342136244,112.7705317942011
7100,153.99302886041767,384.9021091911916,1.9308252427184465,1375.6648161068413,-0.0,1117.5454982315073,148.53598107564477,646.156517857143,19.721411236012642,90.40941623071556
7101,134.19577518955086,337.9632658436471,1.4608252427184465,1202.9780269536616,-0.0,995.4118570939581,112.75084771144786,570.4314732142858,17.500214493846613,82.67511791959107
7102,116.05736276149014,293.1308531962977,1.0208252427184465,1152.058072816446,-0.0,928.4456258641665,109.04468626802856,499.1314285714286,16.547297743869425,74.76874420278497
7103,99.45509997012033,251.786775537989,0.7308252427184466,1005.8446028395437,-0.0,825.8119847266172,109.93083613546587,437.55638392857145,17.518770084091223,67.75092397932914
7104,97.35072087730514,213.32293715756646,0.6008252427184467,874.0964690273859,-0.0,735.278343589068,112.91128855693069,384.0813392857143,19.373184251726208,62.93310375587332
7105,83.33806575320202,176.51362518849348,0.5308252427184467,862.2111787254258,-0.0,650.3447024515187,84.47238875339434,332.50629464285714,21.19103843498351,59.77754764668505
7106,69.52886865967466,168.71350611067453,0.4608252427184466,739.4234789758716,-0.0,567.6110613139695,88.02062113556643,283.10625,22.94549990446009,58.79243172794273
7107,56.43774638449277,160.29553059958727,0.4308252427184466,733.1986227365151,-0.0,486.4774201764202,58.992919760320845,235.45620535714284,24.33901229936,59.68102643011769
7108,42.82931571542602,123.96074504186386,0.40082524271844655,608.8891442653793,-0.0,401.343779038871,60.18633878296444,133.3501339285715,24.971575619683243,61.18924371512076
7109,27.609922455532008,84.31024661760387,0.24082524271844663,582.7078454691857,-0.0,303.7101379013218,57.255199848830046,72.20008928571431,24.409026218414603,62.21054272200923
7110,11.318972652225668,73.3112715515916,-0.0,444.5468302882685,-0.0,207.44775275262754,52.625593622972026,14.352544642857154,22.706910467841244,61.82562984827564
7111,5.097025529129468,58.72764709707354,-0.0,500.78698804707506,-0.0,181.94140593260533,55.89147496735005,-0.0,21.103087016618982,62.41362191397045
7112,10.0620584949938,99.76563610147458,-0.0,537.1558825014711,-0.0,233.60530836975894,69.80502521207288,52.37745535714288,13.974044796206089,64.30902975380806
7113,38.425732367230225,135.98505324868944,0.7337123147675009,756.2757762838073,-0.0,355.3539528774624,93.0895659593979,164.35991071428572,16.37130370920334,69.10858293731712
7114,62.5110495649118,188.14969203067776,1.1531374552887081,916.7826652878338,-0.0,522.1305360109675,124.32320457866737,318.7323660714286,20.424459289978373,76.48182495620777
7115,89.58807343056671,250.56021908355712,1.953137455288708,1139.965341493097,-0.0,706.1353799244116,157.91049634717783,502.7623214285715,25.570988413948744,84.44283708917605
7116,116.82104713088916,320.0137416052097,2.753137455288708,1323.191507031421,-0.0,913.8569198595396,158.95757744663885,694.5797767857143,30.480780470882987,92.6459458540654
7117,141.8469054386885,376.4414735287295,3.5531374552887076,1480.9489120169558,-0.0,1121.5784597946677,187.58313585134954,869.2297321428572,34.533580036648125,98.29435348299708
7118,161.38892892983174,445.8949960503821,3.5531374552887076,1597.5190796405943,-0.0,1249.4412346923405,210.5857812350148,1002.4096875,37.47020869281168,100.3236152302689
7119,184.67090340540827,468.90122363606486,4.16391670924885,1765.5989419009538,-0.0,1387.0352799834118,224.8285679509676,1061.692142857143,38.29647245851465,96.73532093166324
7120,195.20168377330623,463.5173265960213,4.34294839039346,1732.0575628215731,-0.0,1375.0714451410995,227.31406713948354,1044.4220982142858,36.50320865419838,88.22650657647283
7121,176.8193944655909,447.8047846277031,3.913413387838528,1569.1745441710773,-0.0,1257.6518135857182,216.66719400024056,964.8520535714287,32.24352001294598,76.80973154762124
7122,162.72171702655456,417.9115847400954,3.1134133878385284,1462.1358922216723,-0.0,1097.718172448169,180.88206063604363,861.5270089285715,25.412643317646904,61.831282425133516
7123,148.81231057223033,359.82943123911986,2.4034133878385284,1252.5472818757435,-0.0,942.6845313106198,165.46428123039647,760.1519642857143,17.317938703437108,46.857738948352825
7124,124.40847844992727,305.4353734492988,1.7634133878385283,1053.3715566434887,-0.0,799.4508901730705,152.25593208015204,665.6769196428571,13.189458345500498,33.78419547157213
7125,114.62810940477578,253.72369850409564,1.2634133878385283,870.0998229170004,-0.0,736.8619652413473,141.48903676094886,532.1154017857145,10.087810716966935,23.11065199479144
7126,106.51581517796976,231.57931216130095,0.8234133878385282,790.7790163640527,-0.0,677.5730403096242,131.04846757141172,452.06535714285735,7.595937645249602,13.435473302775069
7127,100.66794157256676,185.62645076091073,0.5434133878385282,626.7410358764455,-0.0,561.839399172075,123.78707323452682,384.0903125000002,6.262617310746472,6.061929825994374
7128,83.43910032976069,142.94787649398393,0.3934133878385283,591.1570052911284,-0.0,457.30575803452575,117.68599323948868,325.290267857143,6.463460623258557,1.7965624253920538
7129,80.6591053763365,129.31635155157946,0.34341338783852826,448.1923439797985,-0.0,358.77211689697657,112.43579733089456,271.59022321428586,0.04381690594290788,-0.0
7130,65.77641377022134,89.68420798484775,0.33341338783852825,426.3687474570849,-0.0,333.5831919652534,108.35161321011968,221.01517857142866,1.0349329634803537,0.23287144885010314
7131,63.378147832085034,78.02697017590667,0.34341338783852826,402.3798147696268,-0.0,241.5495508277042,104.4674290893448,170.6651339285715,1.7284926602218587,2.6968119871780374
7132,60.8062276970063,66.02378022254283,0.34341338783852826,264.397366242482,-0.0,147.01590969015498,100.48324496856993,117.96508928571434,1.7284926602218587,6.588551184512452
7133,43.2662276970063,50.60059026917898,0.18341338783852834,113.19313899375572,-0.0,107.42698475843179,91.56507263561431,56.89004464285718,1.2464414471623497,-0.0
7134,38.41563879099706,6.68357983554543,-0.0,72.97444831809766,-0.0,68.78073288148727,81.07656870215453,-0.0,-0.0,-0.0
7135,43.71577794482911,-0.0,0.09127491057741433,-0.0,-0.0,30.345803127388734,47.56585460049429,14.572455357142829,0.2942111361881441,6.69307871253459
7136,49.940162768464575,13.931126198560278,0.563824731732243,22.00584284912486,-0.0,135.01158763852104,58.048332678857236,62.895625000000166,2.963269980489648,17.629809491388173
7137,65.96234694798846,80.20817480123486,-0.0,236.4456941602935,-0.0,239.3031468166061,79.49969534451314,160.41562500000015,8.611904402441137,19.164491017871466
7138,89.68411597681266,135.26540753733377,0.7999999999999998,459.62837036555663,-0.0,397.1940214171493,107.84925799944767,351.05058035714296,16.28008406819882,37.765280858505875
7139,119.1458622642246,197.64641314598546,1.5999999999999996,640.6838406511721,-0.0,575.5274482646697,139.03571920812692,551.050580357143,23.774821077631902,44.34816855613801
7140,146.81322245514065,267.0999356676381,2.3999999999999995,816.1139976952627,-0.0,752.8037092440375,169.90500768926586,751.050580357143,27.012293962912462,64.67291942357292
7141,170.80369936853805,336.55345818929067,3.1999999999999993,1039.2966739005258,-0.0,960.5252491791655,196.95415221215634,891.838080357143,33.58634075361342,84.18676868387647
7142,200.26544565595,399.6748509064805,3.478666326009198,1176.1944256527584,-0.0,1145.4041573485881,217.94814417422998,1059.1330357142858,39.103284795808385,85.66136672752678
7143,209.83253205136714,448.2323074158213,4.051681144609096,1326.581017588909,-0.0,1268.7410367715067,229.19544053342415,1173.1204910714287,42.1449286615039,96.38987682576948
7144,207.23284496050874,439.8682540414081,4.25294839039346,1276.3107937536893,-0.0,1308.6504607998297,227.24217217636496,1198.0379464285716,41.90207819339366,99.23392215847088
7145,200.18678223333575,393.60832587059747,3.848237097598365,1095.8248148211583,-0.0,1170.6165377774103,206.42867835786132,1118.3204017857145,36.61143898076617,92.91981440692994
7146,172.94678223333574,333.43832587059745,3.098237097598365,973.2269885257926,-0.0,1055.927612845687,176.27828598561297,953.2454017857145,28.300158700941147,65.32108889302388
7147,158.514862098257,301.2551359172336,2.378237097598365,855.8509409520085,-0.0,945.7386879139638,148.2524515701426,851.4203571428574,20.432769323105983,52.262262353364264
7148,132.554862098257,243.88108806165633,1.7582370975983648,644.7467137032822,-0.0,847.0497629822406,124.17003562225574,755.1953125000002,14.03365993745966,39.89525973752627
7149,109.47486209825698,218.05385025271525,1.248237097598365,559.3488874079167,-0.0,693.7161218446914,102.38761967436888,667.9952678571431,8.78332873221131,29.32498669121692
7150,87.27486209825697,195.2806602993514,0.8082370975983649,374.30110271602734,-0.0,549.9824807071423,83.85235500349577,529.8702678571431,4.508608436763975,20.70716646776109
7151,67.44486209825698,148.5606602993514,0.5382370975983649,316.18149769908024,-0.0,421.7488395695931,68.34538109883093,461.59522321428585,1.9851099609186695,14.194251890012284
7152,50.4785162951994,132.84747034598757,0.388237097598365,272.1401139605516,-0.0,307.2151984320439,32.56024773463401,343.49522321428583,0.6640551242774233,10.843601426531045
7153,46.89755875094794,91.55937463483312,0.32823709759836495,238.82050894360452,-0.0,200.5815572944947,23.162704085371914,290.17017857142866,0.1698330170392186,10.219114406820607
7154,44.287563797523745,78.91999325916034,0.30823709759836493,213.53157625614642,-0.0,169.6926323627715,15.980288137485061,238.8951339285715,-0.0,10.430046474007703
7155,42.50756884409955,67.52251617233308,0.2982370975983649,193.4822095060848,-0.0,146.7037074310483,11.12812759234869,192.94508928571435,0.4765015241546946,-0.0
7156,40.097573890675356,55.965039085505836,0.2682370975983649,172.51596613658273,-0.0,128.1147824993251,7.349640917546317,88.14508928571433,1.194450311095185,-0.0
7157,23.062190678445052,41.63565770983305,0.15823709759836482,141.21505893182515,-0.0,36.38114136177587,3.3448281130779236,33.045044642857164,1.324569992214374,2.029475083066849
7158,5.834252383337354,-0.0,-0.0,-0.0,-0.0,17.306346820022192,-0.0,-0.0,-0.0,2.029475083066849
7159,-0.0,15.411190059850295,0.18715636177823203,-0.0,-0.0,-0.0,-0.0,9.085000000000008,3.0785536303346897,6.7012508764246075
7160,6.338305266391785,60.26692004486661,0.7129994890137964,34.1259116187839,-0.0,69.76378162935211,22.890101159920263,113.11250000000004,1.9958577349431392,2.644949595320697
7161,22.79756572479606,126.84026760417784,0.7129994890137964,252.97100777146096,-0.0,204.3266370655594,26.290137505566854,290.26000000000005,4.144474660684991,2.3580443434195675
7162,46.296411032500636,196.29379012583044,0.7129994890137964,476.1536839767241,-0.0,381.23176286387366,62.07527086976376,490.26000000000005,8.38562701817155,5.634823018504479
7163,75.75815731991258,258.30704683554154,1.5129994890137963,657.6487201997361,-0.0,577.3794409091652,97.86040423396068,690.26,17.677748118236366,10.499439489336606
7164,105.21990360732453,327.76056935719413,2.312999489013796,880.8313964049993,-0.0,775.5842445533422,133.6455375981576,890.26,26.96986921830118,17.298634476552717
7165,131.90380078483153,386.4131157699916,3.112999489013796,1104.0140726102625,-0.0,961.1321642142366,169.4306709623545,1090.26,31.528721253686772,22.798067685182826
7166,152.88963869064602,455.86663829164416,3.3501967296882986,1237.881159324509,-0.0,1109.6234817767188,184.23404337203425,1290.26,40.82084235375159,27.75727795688179
7167,177.95731681391058,510.5242999353966,4.008740419008687,1418.0106202194586,-0.0,1266.2317782655612,212.52333586031003,1449.0049553571428,48.14047949220964,42.48729733504826
7168,178.190337752345,535.3380283757315,4.275536535513541,1390.9100604132161,-0.0,1270.9679031539818,194.862652468235,1452.5699553571428,45.207724425928944,51.506301269939655
7169,159.88979570092357,518.5249491173552,3.833413387838528,1291.0422351435407,-0.0,1154.7339801315625,159.0775191040381,1329.6299553571428,36.74835477999684,50.811541670046495
7170,146.930603653972,460.37302496002195,3.043413387838528,1181.9084852962765,-0.0,1063.1450551998394,144.40512280251664,1172.2549553571428,27.456233679932023,45.55233732445117
7171,121.75930345342947,431.8471930156664,2.2434133878385283,975.3990068251408,-0.0,974.1561302681162,130.06101726720345,1016.5549553571427,23.6764368987102,39.88005125697045
7172,111.86166249640516,378.47264673582913,1.5734133878385284,775.3241921892604,-0.0,824.822489130567,116.0243773507508,869.4799553571427,14.384315798645385,21.236797125765438
7173,91.0367080989202,327.8907225784959,1.0534133878385283,590.1444754512391,-0.0,682.3888479930177,103.00836611799164,731.1549553571426,11.836286327076316,4.390272564089077
7174,70.61597815647161,278.3016598215529,0.5734133878385285,517.5098150076005,-0.0,543.1552068554686,87.80355331352325,652.7799107142855,9.33463869854275,1.749181521398084
7175,52.24947266905941,231.83712347595952,0.21341338783852837,461.24448223447297,-0.0,417.0215657179194,75.12133382929062,526.3299107142855,7.7720419954325175,1.3589080863249237
7176,49.77623409243212,190.254969974984,0.07341338783852848,430.63559201818236,-0.0,316.9879245803702,69.52025383425249,460.8025892857143,8.289943480531415,-0.0
7177,45.77817567338974,176.8229463327442,0.05341338783852846,303.289628519042,-0.0,227.95428344282098,35.96406522914443,357.7525892857143,10.056623146028283,7.148971730583054
7178,44.618965385432176,138.5215106654272,0.05341338783852846,287.3193936437734,-0.0,210.2653585110978,35.84982216927329,257.9775892857143,5.285710307269008,17.581465373497448
7179,31.342441657013957,100.73221856484187,0.07341338783852848,161.53386420723666,-0.0,127.23171737354858,4.37104024392948,220.10254464285717,1.2050229116935034,15.274060042165393
7180,30.332072611862465,62.42292646425655,0.0934133878385285,146.89829316722353,-0.0,104.29418448153191,4.881355140836336,180.1275,-0.0,12.671560356540365
7181,14.588044323192742,50.34854012146185,0.04341338783852845,13.734542452268258,-0.0,10.660543343982681,3.419960803951442,77.92750000000001,2.120297822461361,8.711702202354799
7182,-0.0,11.889674199024704,-0.0,-0.0,-0.0,-0.0,3.01079489009763,-0.0,2.0005844397764525,4.282516733997118
7183,-0.0,-0.0,-0.0,-0.0,-0.0,7.807823839214443,3.01079489009763,26.51000000000002,-0.0,17.44555841912885
7184,9.057668564507312,44.24512722243038,-0.0,169.23517451572562,-0.0,100.82873106745208,-0.0,146.6475,1.4074785465646098,35.17474878022908
7185,28.42287023908917,84.14051040747452,0.7999999999999998,392.4178507209888,-0.0,262.7772950366212,8.601771221834092,341.06000000000006,5.111382282959925,56.69777341518139
7186,55.407192532962384,140.49578765718704,1.5999999999999996,585.1462899536853,-0.0,470.4988349717492,24.830141181221528,541.0600000000001,14.40350338302474,67.45918713721173
7187,84.86893882037432,203.4460829689251,1.5999999999999996,794.4929775025771,-0.0,678.2203749068772,60.61527454541844,741.0600000000001,20.600021330754004,79.97366677996409
7188,114.33068510778627,268.26281929668255,1.5999999999999996,1014.4363590244373,-0.0,885.9419148420052,96.40040790961535,941.0600000000001,26.00669947836403,108.21836946888801
7189,143.61647515396672,328.40302492666206,2.3999999999999995,1212.7674225503451,-0.0,1093.6634547771332,132.18554127381225,1141.06,35.298820578428845,135.99078031625203
7190,167.69646925319876,397.85654744831464,2.9013208993357176,1373.7768133720128,-0.0,1263.3547723396152,167.97067463800914,1325.7725,44.590941678493664,161.22994118436335
7191,182.58095418078236,426.99257424032896,3.7013208993357174,1461.9202844529855,-0.0,1367.8040611555934,194.98230309372232,1438.23,44.523706682817156,165.64798644094202
7192,186.8470968245314,429.4669919392579,4.159999999999999,1461.0053577044155,-0.0,1392.125894576976,208.92735504536287,1456.8475,48.27193357330201,162.16142175184916
7193,173.5288741053262,392.652780975727,3.3599999999999994,1333.8832267270745,-0.0,1304.0919715545565,173.14222168116595,1353.66,47.22449460581754,147.44057424640783
7194,153.12391970784122,344.41132543992234,2.8599999999999994,1152.9915354717539,-0.0,1171.1583304170072,160.1884894267958,1217.585,43.16678518111542,124.59920720106231
7195,134.61167515747744,298.7653335585243,2.3699999999999997,1092.4289344877498,-0.0,1046.524689279458,151.47071002114865,1086.785,33.87466408105061,114.69283348425621
7196,118.18041143894692,285.5937589449006,1.5699999999999998,942.1172857035964,-0.0,933.4910481419088,147.19261627365472,962.6350000000001,25.771983932638584,105.8209252227112
7197,104.49896979505577,248.6363214619417,1.2799999999999998,914.4644889238743,-0.0,828.9574070043595,112.52542570391012,846.4100000000001,18.71563832542047,94.9842969432896
7198,91.17772431753127,211.9350754012917,0.9799999999999998,772.1439465318135,-0.0,723.9237658668103,108.94536731987395,731.1600000000001,18.99932886166256,86.94848935224135
7199,78.85359106752497,176.07787719621894,0.17999999999999994,637.3927318102637,-0.0,690.734840935087,73.16023395567704,619.3100000000001,18.995237593924937,65.86133628029691
7200,67.74484102974898,143.19210472421935,0.040000000000000036,627.8439265363082,-0.0,596.3011997975378,71.85365297832064,512.985,12.568419908868826,60.99269844922324
7201,58.775128401145714,113.70204511875636,0.030000000000000027,523.7282862463885,-0.0,513.5675586599887,65.78231716099965,414.58500000000004,7.253616168119699,45.336614466756636
7202,50.0081073786576,85.81365052425275,0.010000000000000009,422.7304331722837,-0.0,431.93391752243946,65.68320180250376,374.4849553571429,8.92762675122874,31.65914675091435
7203,41.727432159227064,87.09944385388125,-0.0,327.893924757157,-0.0,350.50027638489024,65.95952848722987,277.8099553571429,10.606524612745899,34.51818164353526
7204,33.644065333681375,60.22794858110125,-0.0,236.07121205207875,-0.0,268.96663524734106,33.46561886051081,178.55995535714288,12.187866113467116,24.23731756190972
7205,24.96319394788418,32.26502757524806,-0.0,257.0291300730132,-0.0,185.63299410979184,-0.0,80.75995535714287,6.46333511774335,27.76352221450522
7206,16.4627990462426,6.592615691059564,0.06882217680122638,282.8335725696895,-0.0,114.11348336221215,-0.0,8.477455357142858,8.397730200013072,18.42804775582864
7207,18.337628358777685,34.57500484674572,-0.0,284.74497267073116,-0.0,115.4500914818388,15.062939164980705,45.26745535714288,6.862612294250814,14.890858559418895
7208,32.66350017975247,63.946271470350645,0.7999999999999998,378.99607315876847,-0.0,196.2141549960611,44.390409807868956,207.92044642857127,8.82840353987589,32.80578689903059
7209,57.04004088809147,115.57741670355372,0.5000664282064378,545.4158319271681,-0.0,342.82016671825306,52.578962779982795,407.92044642857127,18.120524639940705,42.308638517319935
7210,86.50178717550341,181.46003372812496,0.5000664282064378,756.6021918004406,-0.0,533.7112829343994,67.38457625218075,607.9204464285713,27.41264574000552,69.56050752256351
7211,115.96353346291535,250.91355624977757,0.7342488502810436,979.7848680057037,-0.0,741.4328228695274,103.16970961637766,807.9204464285713,36.704766840070334,98.30644876473289
7212,145.4252797503273,320.36707877143016,0.7975932549821163,1202.4803574696243,-0.0,949.1543628046554,138.95484298057457,1007.9204464285713,43.708663007253364,126.83281254518721
7213,174.88702603773925,389.82060129308275,0.9000000000000004,1420.3365053745028,-0.0,1156.8759027397834,174.7399763447715,1207.9204464285713,53.00078410731818,154.0474005803309
7214,204.3487723251512,459.27412381473533,1.7000000000000002,1643.519181579766,-0.0,1347.4101752419144,210.5251097089684,1407.9204464285713,62.292905207383,179.2240717286094
7215,226.1580019452523,498.49333856928564,2.5,1759.755925620934,-0.0,1473.4738360634651,242.57040813491983,1550.5029464285712,66.26099078791532,198.55083406717407
7216,235.69397029929556,510.3535076189689,3.3,1785.4614096421053,-0.0,1516.1528756222674,260.90191789064073,1594.8529464285712,73.69961835454937,211.20592950287525
7217,227.84633789701869,482.71764591946555,2.5,1687.4286747352917,-0.0,1440.0761184680007,256.45633960735444,1506.9604464285712,74.33696880051852,199.44422417709856
7218,222.8560053338792,446.7969057723381,2.17,1524.8667452130853,-0.0,1306.6424773304516,239.55879595809233,1374.6104464285713,70.33790671671379,192.80338500503137
7219,204.9887516630124,401.0135459476879,1.7699999999999998,1466.6547740874028,-0.0,1169.2088361929023,203.77366259389544,1240.1104464285713,65.58273553489892,184.40028171869662
7220,198.54130687235477,382.63533115871445,1.3399999999999999,1401.3685731890682,-0.0,1027.875195055353,185.56865332577283,1104.0854464285712,56.2906144348341,174.12673824191592
7221,191.25539493061834,333.6488805900317,0.8499999999999999,1332.8210276317557,-0.0,882.1415539178038,165.16364405765023,964.5354464285712,51.03055597461111,148.72650344808608
7222,171.39831918511217,285.5769564326985,0.43999999999999995,1266.112137415465,-0.0,742.1079127802545,146.71521632194413,828.2604464285712,46.12416297319421,122.40991650189947
7223,153.44912209158483,270.00232087777385,0.16999999999999993,1101.6008377515802,-0.0,615.7742716427053,131.34223062946,705.0854464285711,36.8320418731294,112.14140460613771
7224,138.07876624086356,228.5832581208309,-0.0,1068.352381597893,-0.0,556.5134313869646,119.7258264693924,589.6854464285711,34.7549252403196,104.22043988752243
7225,124.94725163294835,220.00338825514194,0.050000000000000044,946.3104096045194,-0.0,465.47979024941543,109.38282460161071,489.8104464285711,34.653419517310816,99.50111038414282
7226,113.23726987395436,186.05313904301195,0.19999999999999996,946.9530598429247,-0.0,384.8461491118662,105.7041414631541,395.1854464285711,28.719208568454004,95.98505131123457
7227,102.42516676693918,181.95017843329046,-0.0,894.1512319082956,-0.0,314.11250797431705,104.706597813892,307.2854464285711,28.719208568454004,94.27389788403335
7228,93.61495939030354,148.54707775501407,-0.0,789.7350301422698,-0.0,240.77886683676786,103.0901936538244,277.66040178571393,23.855721250990094,92.31519727968563
7229,80.5651555566702,111.28635992135555,0.031177823198773706,670.6099347683365,-0.0,223.78994190504466,98.79834745053479,183.66040178571393,18.209292106112994,89.10731428295576
7230,65.656184591288,73.70638055300408,-0.0,542.4801661548165,-0.0,139.12755675635046,95.25510484291247,103.49040178571394,18.90301121172599,70.36413179626261
7231,61.83256029134514,89.64759878124778,-0.0,492.33901071450475,-0.0,135.26396352964125,104.22166883525696,124.57540178571395,22.551385556814648,71.79399566333406
7232,69.92973231286246,107.46689370023523,0.09501277465508506,654.0463490395774,-0.0,216.18487075787885,126.48301970825949,239.632901785714,22.130069831212886,65.29582757705688
7233,99.3914786002744,175.41096305236763,0.8950127746550849,772.456306978967,-0.0,423.9064106930069,128.69224275273228,422.71790178571405,30.829910248672455,78.17013786778884
7234,123.38636933441322,230.91050958297438,1.6950127746550847,927.4898764370733,-0.0,603.8401194253975,164.47737611692918,622.717901785714,40.122031348737266,93.39947853313939
7235,151.07293078788757,300.364032104627,1.6950127746550847,1150.6725526423365,-0.0,801.5449633388416,200.26250948112607,822.717901785714,49.414152448802085,110.1327027268298
7236,178.52686889686564,369.81755462627956,2.4950127746550845,1323.737941009047,-0.0,996.9926413841331,236.04764284532297,1022.717901785714,52.31529996299877,113.09339132322985
7237,207.9886151842776,439.27107714793215,3.2950127746550844,1546.9206172143101,-0.0,1170.283435446142,271.83277620951986,1222.717901785714,61.14814137876068,114.72442960950946
7238,226.87426055938215,508.41111531697317,3.2950127746550844,1648.0758462936997,-0.0,1298.9319188767768,268.07180893225546,1422.717901785714,67.8478028638688,128.0947986349398
7239,235.69397029929556,555.6281801732208,3.8407358201328563,1785.4614096421053,-0.0,1360.766956494984,285.0418479824173,1568.195357142857,71.69094199998085,136.31013702741126
7240,232.46664030711952,544.7074361890777,3.9795350025549308,1717.355721876797,-0.0,1335.7745387185955,286.2810669135753,1560.685357142857,71.77821981588903,137.37988171856392
7241,212.2282768956456,497.9760132350839,3.5711778231987736,1643.4084119325823,-0.0,1267.1424977701547,267.10535500582677,1487.3003124999998,66.66602079533114,114.50668476502446
7242,198.52635676056687,439.6060132350839,2.8411778231987737,1529.5452494724723,-0.0,1089.3088566326055,238.09268365518943,1325.1253124999998,58.09134780172539,99.36924195874052
7243,172.62635676056686,382.09196537950663,2.1711778231987737,1422.6256444555252,-0.0,915.8752154950562,211.33286102753834,1226.3252678571428,48.79922670166057,83.8711702534247
7244,160.2553992163154,327.0257739571977,1.5811778231987739,1213.6867533715433,-0.0,753.2415743575069,186.29759635666522,1135.2002232142856,41.89039006103961,70.17146333287319
7245,138.08194118573962,302.57615330363876,1.1011778231987739,1133.2067142919927,-0.0,605.8079332199577,150.51246299246833,1053.3751785714285,36.527887961612564,58.417668374232505
7246,129.6857965956245,282.18224551661643,0.7411778231987737,952.1767168159184,-0.0,467.67429208240856,133.1300470445815,922.3751785714284,32.09221859158856,47.155697339413436
7247,111.47445991306994,236.61914483834005,0.5111778231987737,789.6467193398441,-0.0,342.34065094485936,119.48535211830563,800.7001785714284,22.800097491523747,37.08555022841599
7248,107.81774506486087,222.91023208419577,0.3611778231987738,641.0473941932588,-0.0,299.0517260131362,108.96894795823802,692.5751785714284,21.17175903911192,29.615403117418545
7249,92.6439129425578,184.28593501648854,0.30117782319877373,617.5940359374307,-0.0,264.862801081413,101.04311354276766,645.1251339285712,20.570253316103134,23.951796867363804
7250,79.33546403248505,175.92201729522236,0.32117782319877375,494.53917883038287,-0.0,240.97387614968983,95.75126733947805,549.5001339285712,14.2362704971411,20.099637123958793
7251,78.44586141179417,138.7391459605883,0.33117782319877376,483.84807582990726,-0.0,149.6402350121406,90.06511858216093,452.0501339285712,14.303044766321154,17.11464714052837
7252,63.65894535064264,129.93903681701318,0.30117782319877373,363.72081014295645,-0.0,126.6513100804174,54.279985217964025,356.1751339285712,14.486877208088023,14.247644524690376
7253,47.419141517009294,117.20535837363316,0.18117782319877362,232.40642956967966,-0.0,27.017668942868198,35.78513336419691,251.6751339285712,7.028229867190633,11.093723630737783
7254,42.313135267960305,75.33788365921419,-0.0,203.98876036158003,-0.0,-0.0,-0.0,215.47758928571406,-0.0,7.895003651148205
7255,47.092673668545686,57.50509846608884,0.09798160449667848,260.2061145559748,-0.0,48.20974618246033,7.921809280138845,199.49758928571407,0.9333235115229535,8.830430866227681
7256,51.53645773893447,70.68104311308947,0.09798160449667848,295.28287777544807,-0.0,108.74502541627048,29.36307137978018,275.1000892857141,-0.0,-0.0
7257,79.69931099706646,135.17985790438954,0.8691057741440976,516.6537407802012,-0.0,239.52225285805025,63.76607639405337,438.3175892857141,9.292121100064815,10.217257983595264
7258,101.59709132151546,187.44909610700012,1.625605518650997,739.8364169854644,-0.0,447.2437927931783,99.55120975825028,638.3175892857141,14.895639022955347,9.143038824950404
7259,131.0588376089274,256.9026186286527,2.425605518650997,921.2870960401228,-0.0,646.7200940418131,135.3363431224472,838.3175892857141,21.381132730684598,10.687375010653415
7260,160.52058389633936,317.6491950444583,3.2256055186509967,1098.4253469669304,-0.0,841.9678123563717,149.95903752404888,1038.3175892857141,27.737478000930587,22.704281629372748
7261,189.98233018375132,372.00633056205373,4.0256055186509965,1257.5077224546226,-0.0,1013.7872296217241,185.74417088824578,1238.3175892857141,32.178583056575555,38.56879057339845
7262,207.6145534769179,440.0217693104725,4.825605518650996,1363.206966332641,-0.0,1137.4500850579313,219.8859977041405,1406.357589285714,41.470704156640366,38.2995893465627
7263,216.4876852987693,486.0608805149484,5.360855901890648,1509.7457808269505,-0.0,1200.8565800113292,209.25614013532623,1497.9975892857142,47.477271183666815,49.63658194074789
7264,225.68527933539048,503.89269396903313,5.4791824220746035,1453.636787404253,-0.0,1181.292745169017,216.16944536460537,1497.9275892857142,45.29300780812086,41.963688994171875
7265,217.71499578883783,453.938673101766,4.981177823198773,1378.5526466870374,-0.0,1049.4445709488266,205.086646969083,1379.2800892857142,36.01161208191158,41.71647657142519
7266,195.24707715647392,421.5354831484022,4.181177823198773,1155.3699704817743,-0.0,878.3109298112774,169.3015136048861,1230.2800892857142,26.719490981846768,23.36492042872991
7267,166.92707715647393,360.2654831484022,3.3811778231987737,1042.4601696691093,-0.0,779.9220048795543,133.51638024068922,1141.455044642857,17.427369881781953,19.274521058344853
7268,140.76707715647393,330.37229319503837,2.6611778231987735,937.5939262996072,-0.0,625.6883637420051,122.33082087433478,1005.8550446428571,15.515805790907375,15.928398434634936
7269,128.4451570213952,274.70824533946114,2.1111778231987737,850.0059042085236,-0.0,487.8547226044559,86.54568751013787,879.1050446428571,9.08126372915941,14.624917342364476
7270,105.34515702139521,221.6241974838839,1.6111778231987737,660.4808088345903,-0.0,359.9210814669067,83.84519690606241,757.8300446428572,3.5637798399982588,13.918165819622665
7271,84.07515702139521,188.54170149716356,1.2311778231987738,591.6967782492733,-0.0,316.1321565351835,85.85983400336221,644.7800446428572,6.500946627680058,1.8076159931311624
7272,77.36323688631649,142.47765364158633,0.9711778231987739,543.1691902207932,-0.0,287.6432316034603,91.94048288848124,542.1550446428572,3.220070024738181,6.06476379989259
7273,72.18131675123776,125.96041583264524,0.7911778231987739,387.3480863526264,-0.0,198.00959046591112,67.0688087037568,444.0300446428572,7.086560482868676,-0.0
7274,68.43939661615903,111.12317802370416,0.6811778231987738,351.1769408809833,-0.0,182.02066553418794,73.6417955063611,347.5300446428572,4.186229369977522,-0.0
7275,51.58939661615903,96.47998807034031,0.6011778231987738,319.9493528525032,-0.0,163.51783782101785,48.06340650832574,252.00504464285717,8.621047122138453,0.5727202152160397
7276,34.29939661615903,53.63594021476308,0.48117782319877367,171.71536387066237,-0.0,81.48419668346861,22.74729648867938,154.40504464285715,5.398770558252368,2.624056697056397
7277,15.729396616159027,35.698702405822,0.2711778231987737,123.23133328534529,-0.0,57.19527175174543,26.548574057491933,105.47999999999999,1.5033267237693302,14.917194612940637
7278,9.172195661278309,18.534107351033487,-0.0,76.40796562518594,-0.0,33.47764307814439,28.82114272805218,13.502499999999998,3.777870234106466,29.326985155035047
7279,-0.0,-0.0,0.023157894736842155,-0.0,-0.0,-0.0,8.373404977810083,-0.0,0.5589464608117733,43.641727238970354
7280,4.000095742636926,38.426895808554804,0.3846499744506896,9.867069516732485,-0.0,43.3926867175658,-0.0,75.42000000000002,-0.0,43.367627469392396
7281,31.03334496915895,71.52266033086782,1.1276571282575363,89.81898507926124,-0.0,110.18452778052105,2.4582847019824,220.13250000000005,2.175244794124822,46.17264477820516
7282,51.9222517378208,122.81237708925073,1.4557179356157395,313.0016612845244,-0.0,211.63305148042298,12.869676938616575,418.5325000000001,11.467365894189637,49.75457597341753
7283,77.15043799632635,192.26589961090332,2.2557179356157393,463.7881391491671,-0.0,375.7812530261876,25.71807571106193,618.5325,16.528795048982154,54.55883298019472
7284,106.61218428373829,261.7194221325559,3.055717935615739,620.7398389320985,-0.0,545.9293740334178,44.47056812344185,818.5325,25.82091614904697,60.23540413074807
7285,129.89309129633517,331.1729446542085,3.855717935615739,756.0442141444548,-0.0,667.1348219858695,80.25570148763876,1005.855,35.113037249111784,64.95895448169246
7286,148.0330530825861,372.19838935261777,4.655717935615739,957.6969434491111,-0.0,800.7550446365652,87.21738934859512,1151.3000000000002,38.15488968235046,66.60443294885036
7287,157.3245496630879,417.67774379414254,5.1914409810935105,980.9036935193386,-0.0,831.4332385407571,116.16879857714706,1226.3475000000003,39.790495541355355,63.96719492682555
7288,167.29332433356575,407.62933819531855,5.267652018395503,980.9036935193386,-0.0,821.7125197151623,102.28330080433653,1209.8325000000002,36.601316258707556,57.29478759276451
7289,146.71314411972492,359.1563621054362,4.716706693919264,916.8510181062588,-0.0,709.9072601653536,70.83306938570736,1087.5275000000001,29.873750949254877,46.995954999601054
7290,133.27395207277337,330.2407694389668,3.916706693919264,796.2005926454597,-0.0,569.0736190278044,35.04793602151045,991.4900892857144,21.375768871884596,47.27914031482138
7291,109.25168928140357,276.3014574698939,3.166706693919264,711.2428937635966,-0.0,443.3399778902552,35.179861920381946,855.5900892857144,13.685070410284894,33.2864519206104
7292,86.86981882276707,252.17609414706683,2.4667066939192637,526.6361470815843,-0.0,332.50633675270603,8.764341291698251,721.4900892857144,7.7699355566446116,19.88068180451403
7293,78.37160760764881,203.66725079952238,1.8667066939192634,467.39315450614436,-0.0,238.17269561515684,18.911591355599214,598.7400892857144,3.664527957978967,21.173804346460315
7294,58.02973714901232,185.24116964303684,1.3567066939192636,313.92688435790313,-0.0,145.73456455019686,-0.0,482.0650892857144,0.6542330809052093,9.607405331332052
7295,52.36671297975771,140.69018272876067,0.9767066939192637,178.98330352761792,-0.0,85.00092341264764,0.3300589390962614,378.6900892857144,-0.0,-0.0
7296,49.92445523496371,102.62871725871216,0.7467066939192637,73.7148630663592,-0.0,57.067282275098414,-0.0,293.5900892857144,-0.0,2.7527984190203396
7297,35.8121924435939,94.61787041299087,0.6167066939192638,91.1319554332542,-0.0,5.333641137549222,-0.0,273.7900446428572,-0.0,0.7879086838158477
7298,21.334546439993783,81.16621160000629,0.48670669391926397,-0.0,-0.0,-0.0,-0.0,200.3400446428572,3.3082007392753088,-0.0
7299,7.9180591935875935,74.56250335389478,0.3567066939192641,-0.0,-0.0,4.766358862450787,-0.0,132.5400446428572,1.2806111804067675,-0.0
7300,8.00369834177841,69.39974228508413,0.23670669391926397,39.41583265025204,-0.0,-0.0,-0.0,66.84004464285717,1.2806111804067675,-0.0
7301,-0.0,36.355166202515406,0.10670669391926407,60.78726190643428,-0.0,-0.0,-0.0,0.3400446428571655,0.5480870412885166,-0.0
7302,0.35788498404512126,6.107319213894158,-0.0,-0.0,-0.0,-0.0,-0.0,-0.0,-0.0,-0.0
7303,-0.0,-0.0,0.25669136433316303,22.9711321781937,-0.0,14.299154345389496,-0.0,-0.0,0.7502052580625809,-0.0
7304,14.58247942038722,27.23005790243131,-0.0,145.98583862742188,-0.0,111.8972214205655,-0.0,76.22999999999998,3.5830907617713907,-0.0
7305,27.872056868816234,74.70701912308125,0.08122636688809592,350.3608776061121,-0.0,278.55156844001647,-0.0,232.3675,8.597418952650578,-0.0
7306,49.79850204811094,140.27512595453396,0.8812263668880957,573.5435538113753,-0.0,486.2731083751445,-0.0,432.3675,14.048287604427479,-0.0
7307,79.26024833552289,209.72864847618655,1.6812263668880956,796.7262300166385,-0.0,693.9946483102725,-0.0,632.3675000000001,18.76069768455866,-0.0
7308,102.98494760570024,279.18217099783914,2.4812263668880954,1019.9089062219017,-0.0,901.7161882454005,-0.0,832.3675000000001,22.60603385322921,-0.0
7309,132.44669389311218,348.3231011270448,3.281226366888095,1243.091582427165,-0.0,1109.4377281805287,-0.0,1016.8825000000002,25.244668655332124,-0.0
7310,151.5688450085751,405.58901079672603,4.081226366888095,1466.274258632428,-0.0,1290.3632506503004,-0.0,1148.3975000000003,26.594480701117888,-0.0
7311,172.50979972787925,446.7455962009335,4.881226366888095,1636.434348201768,-0.0,1410.3324529065299,-0.0,1215.7550000000003,26.959585982865544,-0.0
7312,171.05446161409444,461.504058868344,5.336379662749106,1720.0205309043229,-0.0,1449.4312850977822,-0.0,1207.8325000000004,26.031366872952468,-0.0
7313,161.14074794872496,454.72068080273453,5.152493612672458,1682.2957467348942,-0.0,1400.0597069547898,-0.0,1137.9525000000003,23.34569084921651,4.326421145851775
7314,148.08955719421851,422.7065236704752,4.662493612672458,1605.5560206459447,-0.0,1339.6260658172405,-0.0,1044.9025000000004,18.530224882685072,3.9972371984143678
7315,135.39606716633023,390.12545728224836,4.092493612672458,1526.921196659136,-0.0,1279.3924246796912,-0.0,953.0275000000004,13.922042531924216,2.4549715290915586
7316,122.71526874455708,357.88463017190776,3.5724936126724574,1448.046806734931,-0.0,1198.992424679691,-0.0,863.3775000000004,9.957751083153216,1.002894568354698
7317,110.54600317170517,326.1647601731118,3.1324936126724574,1364.875497720118,-0.0,1143.158783542142,-0.0,777.3275000000004,6.493459634382216,-0.0
7318,98.65923303860176,294.7115601523971,2.6924936126724575,1279.7943845010227,-0.0,1086.5251424045928,-0.0,693.9275000000005,4.566798446375458,-0.0
7319,88.8880422840953,266.46359444244666,2.332493612672457,1211.5439436114166,-0.0,1040.3915012670436,-0.0,613.3275000000004,2.285448825017646,-0.0
7320,80.96070189289793,242.15252805421983,2.122493612672457,1162.007298431859,-0.0,1006.8578601294944,-0.0,542.0525000000005,1.2821537526649038,-0.0
7321,74.41970730475813,220.3374138104158,1.9724936126724575,1116.8399809228124,-0.0,959.2554349608178,-0.0,472.82750000000044,0.6105786881233222,-0.0
7322,68.45775012579107,199.18063455565238,1.8624936126724574,1077.7242038684617,-0.0,907.6554349608177,-0.0,405.0275000000005,-0.0,-0.0
7323,62.997718128478546,199.18063455565238,1.8024936126724573,1035.3559757630405,-0.0,853.4554349608177,-0.0,340.3525000000005,-0.0,-0.0
7324,58.514424266956915,179.72480247818982,1.7424936126724573,999.6926497597605,-0.0,818.4217938232684,-0.0,276.0025000000005,-0.0,-0.0
7325,53.53670978403225,161.122300422646,1.6324936126724572,961.1164386428063,-0.0,777.7881526857192,-0.0,208.8525000000005,-0.0,-0.0
7326,49.32191720439883,144.31350972628977,1.565434338272866,926.0457008602722,-0.0,743.3115968777882,-0.0,150.2650000000005,0.020599002612565975,-0.0
7327,51.68859870708246,145.2210402172148,1.652365866121614,922.0932117635762,-0.0,743.3115968777882,-0.0,142.5000000000005,-0.0,-0.0
7328,64.76669599613078,171.02727751911834,2.045636177823198,956.5024182943399,-0.0,812.8621340410485,-0.0,192.3875000000005,1.9357639375120046,-0.0
7329,90.20813788885505,221.73542348794288,2.801246806336228,1040.3988621869998,-0.0,923.8884618961636,-0.0,331.97500000000053,7.4514594676838914,-0.0
7330,119.66988417626699,287.6024921349042,3.6012468063362277,1136.6595072696755,-0.0,1087.1664544540195,-0.0,531.9750000000006,15.922825431440518,-0.0
7331,149.13163046367893,357.0560146565568,4.401246806336228,1235.7836676939892,-0.0,1255.0014115336924,14.426945503370021,731.9750000000006,25.214946531505333,-0.0
7332,178.5933767510909,426.50953717820937,5.201246806336227,1316.2428343232832,-0.0,1404.7507808882049,50.21207886756693,931.9750000000006,34.50706763157015,-0.0
7333,208.05512303850284,489.50570109125016,5.937915176290239,1366.252855189253,-0.0,1523.4147235946257,85.99721223176384,1131.9750000000006,42.548443347006874,-0.0
7334,222.1984571135996,522.4746747882275,6.286129279509452,1391.564014035581,-0.0,1611.4218628562983,121.78234559596075,1331.9750000000006,48.05830963517178,21.213524709091644
7335,229.37568624663453,526.4353694140382,6.399999999999999,1378.6776746995502,-0.0,1661.7723194810242,150.2967598715888,1468.2500000000005,50.5046591482584,42.539472098227556
7336,231.46665156705535,518.7520110076933,6.317171691364332,1334.8693202895545,-0.0,1660.2377924195973,166.8575723362879,1503.2500000000005,49.516738626819176,59.04899861997605
7337,229.3586341385991,500.34826848500023,6.030112416964741,1256.2990458737447,-0.0,1629.9183219412848,167.57426033838314,1428.3450000000005,44.304965982675576,70.20083691782256
7338,223.96313220872568,474.42811947134277,5.47011241696474,1135.026264786451,-0.0,1517.7846808037357,157.50078293170338,1321.9450000000004,35.08724558430646,76.37957717593972
7339,218.38110655043405,449.3305826459455,4.91011241696474,1011.7019432444614,-0.0,1442.7510396661864,145.65932910066215,1235.3575446428574,32.50355302899339,81.55341178834985
7340,214.1142861790121,426.9511315974589,4.42011241696474,899.3616556794058,-0.0,1334.0173985286372,134.20844501421814,1131.8075446428575,23.55899990122122,86.70271817222485
7341,212.22612912503558,408.72405345934635,4.197917685597487,809.7707382560286,-0.0,1237.383757391088,126.77838607512189,1030.5325446428574,16.102228577428765,89.65869135235447
7342,211.09471020684995,391.8119703541119,4.055722954230234,726.2331824800965,-0.0,1190.1501162535387,122.61630356038711,930.3825446428573,16.102228577428765,90.82296654397436
7343,211.99790807643402,377.5694086931051,3.7057229542302337,669.0934563911469,-0.0,1117.9164751159894,122.93732517138908,841.1075446428573,10.140569975228196,92.07252479847317
7344,214.4226387949393,366.74708630998447,3.7057229542302337,638.2644451028539,-0.0,1103.8828339784402,127.74518371755804,761.5075446428573,13.803300463226611,95.66963023011847
7345,216.94120163574766,357.5800081718719,3.595722954230234,618.6492295246094,-0.0,1084.0164884431983,133.13791456235174,689.5075446428573,9.45386005704633,100.21264762367458
7346,219.49782105389545,347.41650926780807,3.5257229542302335,609.4606947700873,-0.0,1085.282847305649,139.42494796117296,624.8575446428573,13.738583297881267,105.35239458675935
7347,220.0340298983039,337.4839674752889,3.4557229542302332,607.9423982824508,-0.0,1048.9492061680999,147.23653931677217,561.4075446428573,18.337921072098958,111.60031762602249
7348,218.28232360872155,326.9740478052738,3.415722954230233,606.9418890106292,-0.0,1059.6155650305507,157.62180454270538,494.68254464285724,23.646986101291283,117.70559913384616
7349,214.8021319270544,341.3245174159436,3.57352822286298,595.3582563582481,-0.0,1024.7819238930015,165.9259302794441,481.08250000000004,28.131662040284624,123.36333346452335
7350,210.46942656463276,326.18794763633485,3.721333491495727,576.0164742027368,-0.0,990.1768254202614,174.09216612336118,424.31000000000006,32.546385634014136,128.97051148623376
7351,206.24476687258039,313.80540390057155,3.594154135338343,568.205143373632,-0.0,1011.8713645241169,183.6892458321506,432.7100000000001,32.546385634014136,136.53485487620378
7352,205.27426788612695,339.0262624225875,3.538497518067009,697.1656721382027,-0.0,1017.1367971934228,194.86207348874984,520.8375000000001,36.65017017252153,146.00964547435314
7353,208.40344072225054,345.711648548278,3.56659920432148,778.4126252618273,-0.0,1075.9300476807289,211.64284154000805,681.6300000000001,41.87874324825313,157.85082271154474
7354,214.99092183890056,361.88393281560883,3.713755566099712,897.2562768426201,-0.0,1179.551317332371,231.51530770831766,881.6300000000001,48.40961435827799,172.95210676714663
7355,221.71558162685932,377.62504490273955,4.079422357471345,1006.2731333532346,-0.0,1320.1439637806695,249.70646551622218,1081.63,53.492942996687724,189.7743878388418
7356,228.1822025451104,389.47897750854384,4.179166864369659,1107.2143925089995,-0.0,1412.9080272948918,264.2256705337584,1281.63,57.217764350031835,208.8100347499702
7357,233.3193527899844,425.7955826236485,4.531307850938021,1181.299890102462,-0.0,1554.1434273365035,275.1258656697572,1481.63,59.79866147394544,227.75729922417332
7358,235.69397029929556,428.59725499265244,4.516588893349876,1217.1551678680592,-0.0,1635.8504055211074,282.9560117627858,1577.6675,61.5297987212329,242.88458931633087
7359,234.34930650093463,424.4274785994357,4.406933809037152,1208.5283422420844,-0.0,1661.7723194810242,286.2810669135753,1600.0,63.339167600183885,253.9764490561414
7360,230.18343257759037,411.0201937652478,4.413088592233006,1160.168900987944,-0.0,1620.0236217603606,279.4043776373452,1553.8625,62.17794649838508,260.8687626782234
7361,222.92083377662797,389.921636753277,4.298658296225998,1072.517095891412,-0.0,1515.904191551315,261.928171627693,1452.7424999999998,58.199159369330374,262.1930541876872
7362,213.09164116780013,365.1398127944164,3.946463564858745,965.3835316212464,-0.0,1435.570550413766,242.37512644105254,1334.8925,52.99868635091444,259.0295307203006
7363,205.53900876940253,343.5167825118811,3.3164635648587453,875.2180353049489,-0.0,1362.6369092762166,225.76373154910755,1269.2952678571428,48.84450057185082,251.76449797299026
7364,199.15716103647156,343.5167825118811,2.994268833491492,803.5236878519113,-0.0,1296.6032681386673,211.14860384773232,1162.1202678571428,45.870765679154744,240.9799685781637
7365,195.11666822710117,327.1332637393296,2.7920741021242392,733.5719872456623,-0.0,1195.9696270011182,199.00891818957908,1062.2952678571428,43.865310778647505,228.23984186532417
7366,191.67271738715502,310.39451065601384,2.639879370756986,659.4353420661047,-0.0,1096.335985863569,187.6975232976341,964.3452678571427,42.63546678794128,214.61946367062464
7367,190.15607494109372,324.2556682976106,2.349879370756986,591.8017777959391,-0.0,1012.6023447260197,182.25037202062035,873.4202678571427,42.45928825604115,201.68927418451108
7368,190.34019891949302,310.98073372622974,2.357684639389733,528.7593199178659,-0.0,941.8687035884706,180.16746435853784,791.2452678571427,43.258720633942026,190.36071991363318
7369,191.77047253458323,327.9519013020704,2.227684639389733,476.5684024944888,-0.0,883.3350624509213,182.62797516403884,714.3452678571427,45.13376392164392,182.95996430176177
7370,194.01882096801893,346.14759528926055,2.42548990802248,432.93392762794866,-0.0,832.9014213133721,186.70734648034534,701.6202232142856,47.63563993874885,179.15254189363574
7371,197.10870225037584,338.431952818465,2.683295176655227,507.53253453849175,-0.0,831.1677801758229,192.85842703044358,688.3951785714285,50.7131268656548,179.0400879044908
7372,199.28722860917216,330.2167889034418,2.911100445287974,474.7514213193966,-0.0,833.9341390382738,199.0152050265143,674.8451339285713,53.89305743176481,180.30952061244153
7373,200.45267102912,319.4011563668901,3.1189057139207206,440.6880953161165,-0.0,837.8004979007246,204.99084353339055,656.6200892857141,56.404708005685976,182.23958221942414
7374,201.0321417377376,336.00138669967373,3.0889057139207203,409.1991133319442,-0.0,843.6096908950227,210.46258035962592,585.5325892857142,58.81365722846239,183.94380936295659
7375,201.39830319316388,354.5161601162928,3.0317263577633367,397.2559744593362,-0.0,830.104189729611,218.97638707146797,561.5800892857142,61.47311809051405,188.21333308815423
7376,204.22720580466637,350.5508855436144,3.300229122563687,423.13485103033565,-0.0,893.698124794459,230.69412451526168,597.6025892857142,64.79966481829402,194.1296434301225
7377,209.90157530916963,351.2262788244694,3.6888443043287795,481.664476559955,-0.0,995.7915363588338,246.52338008815582,684.0500892857142,68.60664290896156,201.31689451596287
7378,217.40815529594965,356.1290138961015,3.9245903441857033,563.6508915003359,-0.0,1078.4846257690713,265.0913161839045,809.7500892857142,72.15509789046953,211.36614919244056
7379,225.41730760258704,364.6177765189281,4.456138586758153,769.9201082190323,-0.0,1159.0633431737363,275.32548573586223,1009.7500892857142,74.20715159068216,224.34972160333172
7380,232.25015369046136,371.69577250805423,4.987686829330603,853.4357174051632,-0.0,1247.5708851280806,276.37502415806375,1209.7500892857142,74.33696880051852,237.40174770689623
7381,235.17961411568734,406.9198400785095,5.199081821665811,919.6167728879373,-0.0,1306.750166302486,271.430454102184,1349.4000892857143,73.15612621068666,249.02488483573697
7382,235.69397029929556,433.2744846033238,5.386951009197747,990.6949616895242,-0.0,1335.7298099002958,259.63556507492814,1502.832544642857,71.39994624708844,258.1598551885099
7383,235.69397029929556,422.30289207669836,5.6854537739980975,996.3148886625603,-0.0,1332.6812329874338,241.18509155858956,1600.0,67.56793300932242,262.1930541876872
7384,227.36558162844833,401.94681877810547,5.894196702314033,960.3109793688825,-0.0,1296.8473099650143,241.18509155858956,1568.575,67.9110966608554,262.1930541876872
7385,215.63287338144985,373.34427351602045,5.631961137674278,880.0225749978903,-0.0,1228.6707944263505,209.29140598796835,1462.1375,67.11665016911716,251.13759247277608
7386,199.06086147946473,337.7960883966715,5.121961137674278,876.2264331308428,-0.0,1131.1371532888013,173.50627262377145,1387.8624553571428,63.72477709739982,246.77197320154997
7387,183.01385869798264,302.0164676100056,4.819766406307025,865.3431763774694,-0.0,986.2035121512521,137.72113925957456,1316.0374107142857,54.43265599733501,239.31302072657846
7388,168.61475280948537,297.2798383580409,4.607571674939772,753.0406335570613,-0.0,885.8698710137029,104.25610979002643,1193.3624107142857,46.16164855489255,229.6115526554794
7389,156.2698896170305,296.834156283377,4.4353769435725185,648.9469843445606,-0.0,795.5362298761537,74.26848700024254,1082.2124107142856,39.08331019483792,219.37247463395977
7390,158.62100318248167,297.67228278640425,4.373182212205266,552.8137691946635,-0.0,714.1025887386045,47.871433955055906,979.2124107142856,32.8805827445843,194.60179964968398
7391,151.08385895765096,301.7001700115453,4.400987480838013,473.3369966016033,-0.0,654.3689476010553,25.766915291008754,902.2078571428574,28.514415278708363,170.81967815875848
7392,147.00596654936564,281.85433793408276,4.290987480838012,414.25714309915116,-0.0,622.0353064635061,11.690883856824076,879.9328125000002,26.372589601189816,163.59544300967184
7393,144.55174657902876,264.30588373411615,4.220987480838012,380.432472436893,-0.0,606.801665325957,5.819400863113792,808.7328125000001,25.803883892426633,157.68428958247063
7394,143.6900402894464,248.88337174432849,4.2009874808380125,367.4163462622739,-0.0,561.9680241884078,2.82863465486232,739.6078125000001,26.7619636112249,153.34684677618668
7395,143.8068011509428,237.70965343086613,4.180987480838013,378.36030502998995,-0.0,566.3343830508586,3.5795187413063303,731.532767857143,35.255144893233656,137.07768107183466
7396,143.396449784921,228.68877664930633,4.140987480838013,397.3060849904549,-0.0,569.8007419133094,5.394646442681577,722.0077232142858,36.95218093377207,135.74011233023882
7397,140.49590225253257,215.94051205600675,4.20879274947076,510.2889382337696,-0.0,554.8671007757602,35.58944071090474,644.6077232142858,37.217496966499326,119.86918547533924
7398,134.08303720575628,199.18206691910677,3.9113808945908417,487.75228029240986,-0.0,488.01908763263845,30.31553137595911,622.2251785714286,37.217496966499326,102.94153555196388
7399,134.08303720575628,185.0361593995306,3.6244340371559924,503.4963652806106,-0.0,478.2844397634101,34.2254654584711,589.3501785714286,39.121021943373016,106.55189855033656
7400,130.45593115326463,178.14048205943197,3.658225509161248,568.5767258981195,-0.0,572.2202022284262,47.49454372289572,664.2051339285715,42.093832517199075,116.97966935705858
7401,132.79463511969652,182.9479066150254,3.6516159026206245,676.5222057918478,-0.0,731.7122849069845,73.13654953402116,811.4325892857144,48.499675567075116,135.36066452507885
7402,140.20247061238996,224.94204879374942,3.7602950032849063,793.0233356374089,-0.0,915.3040051621383,105.55608526206626,961.4425892857143,55.227058901401584,145.1198162847952
7403,159.97083220294263,235.19651122554131,4.077837114022916,958.12026139793,-0.0,1102.7239861972312,133.82001845941713,1133.2250892857144,61.03226870084707,172.35140078372712
7404,165.2868407373789,265.4688555050062,4.401733338199863,945.3974422573799,-0.0,1290.5724293585988,156.61952537440433,1333.2250892857144,66.79644650862593,186.68274126858827
7405,179.49263129252833,252.55331161547852,4.605397063654276,893.7610551604075,-0.0,1450.492490932226,169.35553645696064,1518.5425446428571,69.93810048603319,210.74170494563964
7406,177.26409042428907,259.10511624272834,4.689300952624273,805.3671961795679,-0.0,1539.4990664241584,172.04395478340524,1563.8975446428572,70.53911383435764,230.10458681075556
7407,169.9492534304546,257.12726886227534,4.618741377107812,694.9351347289723,-0.0,1552.5923169114644,192.77696063415314,1600.0,74.33696880051852,240.432343904015
7408,158.77193472569624,221.6694774119381,4.423718337104892,691.4786801659636,-0.0,1499.62936799303,196.88704391302355,1573.2249553571428,66.68270509797529,244.09060562041134
7409,142.98565878438023,182.24670280621072,3.8755322925031006,566.0674722305596,-0.0,1398.2242292510227,161.10191054882662,1500.5624107142855,57.39058399791047,238.8540238197774
7410,123.78116968365265,138.62018269782115,3.1055322925031006,423.01429955182994,-0.0,1272.9905881134734,150.03914096636217,1410.5873660714283,51.58404909096878,226.52953680006698
7411,104.89956835540687,125.93212771278327,2.6333375611358476,294.4718416737568,-0.0,1115.1569469759243,114.25400760216526,1325.512321428571,47.153077791986526,212.167439829936
7412,88.03238764856413,89.35011414725561,2.2411428297685947,185.4214007841507,-0.0,1013.9233058383751,81.53259306385485,1249.137276785714,37.860956691921714,197.1742737703272
7413,72.3792352303911,84.18967631759985,1.9489480984013416,90.37004929817012,-0.0,928.8896647008258,56.25656162967016,1183.5622321428568,30.11184739863259,183.8614851278903
7414,57.08606457121207,79.50948770007409,1.7567533670340887,-0.0,-0.0,854.6560235632767,66.2658942083059,1126.2871874999996,24.15785082693535,170.93724997880366
7415,42.951342822105794,77.54620833851577,1.7145586356668356,36.08081969472808,-0.0,798.5223824257274,49.178664345830455,1080.5121428571424,26.482894022280046,146.2994052345533
7416,43.69085057461171,51.60540109666279,1.7823639042995827,-0.0,-0.0,765.3887412881782,38.7462478428835,1043.5620982142852,30.1811044882217,137.3653587940526
7417,33.106895249966044,56.154494645478515,1.9801691729323296,86.24979824497062,-0.0,748.3551001506289,64.6954625433267,1015.012053571428,28.168555179310253,130.03785321449462
7418,23.098715470284002,62.5945353715951,2.1879744415650766,71.70699124662904,-0.0,741.9214590130797,61.44811480265872,992.1620089285709,26.999896772388666,124.32833500252906
7419,26.85136347260599,42.73656966164467,2.1779744415650764,64.09086507200998,-0.0,743.6878178755305,61.77444093232473,970.7619642857137,25.584903824273162,120.54170980386296
7420,32.027449676548166,23.598833295336586,2.345779710197823,51.53209205060243,-0.0,746.6541767379813,63.00842914450548,948.5369196428566,23.13090725257592,116.77143675755362
7421,21.624119333014505,28.598385531436993,2.35358497883057,14.885293546494339,-0.0,689.3205356004321,92.38436290192314,910.1368749999993,23.13090725257592,97.35145344558377
7422,9.503480595595995,-0.0,2.2365665377034807,19.904475672114273,-0.0,654.3583115288066,85.3730426953441,864.5018303571421,16.596845437575674,76.20565823072029
7423,-0.0,5.446515087107684,2.232481157383749,-0.0,-0.0,624.92434823712,109.55952128439684,836.496785714285,17.552046544993427,57.899676674949006
7424,11.517821421738526,1.898544275243676,2.504734560916854,41.03488123622864,-0.0,612.5899419834946,102.69349145496604,842.6192410714278,12.374973351336022,58.89931015597638
7425,18.267793148230545,47.44310672970906,3.0577978775823036,131.1856265927391,-0.0,614.3265903723883,98.74472429353048,880.1541964285707,11.020290337407104,64.41460316899452
7426,41.8218167941246,105.76861361972828,3.789675706255929,243.05086437277646,-0.0,622.8201630138318,98.76758743513099,944.3041517857135,13.131164420909053,59.077573963202624
7427,67.64438628903466,163.1412793594254,4.29033487845828,466.23354057803965,-0.0,632.2850319133973,101.10189402046599,1021.4916071428564,22.42328552097387,69.98408852190249
7428,81.58063542946404,195.44198406681903,5.075858593692969,689.4162167833028,-0.0,652.1497397358943,105.86333116172175,1097.9015624999993,31.715406621038685,80.44194302718205
7429,92.61950111372808,250.27321771678135,5.720092068764142,856.8634442727935,-0.0,665.9430304924675,139.66673334869313,1159.761517857142,40.021168864055156,87.05377225108762
7430,98.68296500160531,265.62873927361926,6.168099176947221,836.0789414788125,-0.0,664.3936481942621,135.15724233535798,1199.096473214285,46.356628466317176,91.29542206651777
7431,98.46467267154817,265.1569725973874,6.399999999999999,768.3265804993024,-0.0,627.7876637976444,118.25087232227737,1196.9589285714278,48.85714320130049,90.50839830974134
7432,104.32030414049613,274.13672288540926,6.344736796481493,677.0644040807666,-0.0,563.0107858355763,92.99396591482062,1162.3713839285706,49.471908370215246,86.16117697564795
7433,103.00840021088938,241.40871869124115,6.038423516315058,570.8568385308606,-0.0,476.6056873628362,63.591256812326925,1101.4888392857133,48.468574414205754,77.08665624427286
7434,85.47335909307385,223.18450323557985,5.506228784947805,455.1339890613516,-0.0,375.37204622528697,62.68172888015716,1026.388794642856,45.91067578213726,63.63600578079163
7435,67.81043932327952,213.65714621571283,5.014034053580551,356.1614203298956,-0.0,288.43840508773775,34.98703339882121,956.6637499999989,43.811282585441376,48.82309120304282
7436,52.29366919017611,178.92297914920965,4.601839322213298,280.84711534802557,-0.0,224.20476395018855,13.396267190569745,894.2137053571417,36.38646777866805,35.35281815673348
7437,51.10554918008792,147.94524278290157,4.319644590846044,327.47877725691274,-0.0,183.27112281263933,-0.0,844.5886607142846,31.839660219058203,23.831727502806295
7438,37.77280733565423,118.37441567256094,4.127449859478792,269.91601272973867,-0.0,123.15343137301758,24.662770692584665,800.2636160714275,28.802579914422992,14.015542494586139
7439,40.53007053779635,122.03515436384838,4.095255128111538,235.23238007735765,-0.0,124.71979023546837,55.93890091365655,768.2385714285704,27.65328141376749,7.455080739690844
7440,45.565997057383896,130.24373955416027,4.153060396744285,226.33768350405165,-0.0,147.98614909791917,62.805305628784254,746.8385267857132,28.372262905300833,3.20279506097393
7441,52.80539984855322,143.01207553234218,4.290865665377032,345.5245282531328,-0.0,183.45250796036996,73.52652370344045,733.963482142856,29.586357118426058,1.4258552184099784
7442,48.720199046383065,158.99254514301194,4.478670934009779,362.8534315941573,-0.0,227.61886682282073,87.53084590383338,722.2384374999989,31.398007692347225,2.9865253262665608
7443,59.038087229637185,148.05881689530577,4.676476202642526,494.171859269102,-0.0,274.3852256852715,103.8220050393933,712.3383928571418,33.68282553686535,6.937258207397189
7444,69.43387230587612,165.3649894382683,4.834281471275273,557.1388886865819,-0.0,317.9515845477223,119.67171034391197,701.2383482142847,42.9417958700173,12.666607355152138
7445,64.56984850190591,178.32901841449916,4.8820867399080194,557.1388886865819,-0.0,338.4179434101731,130.21002075648565,676.5133035714275,43.3753918949334,16.810673440028165
7446,69.73351223012365,188.21829163573807,4.799892008540766,533.8492084618728,-0.0,335.7414278715094,131.45940781906182,645.0232589285704,48.64109709253389,20.071352975912003
7447,74.91393496676896,198.13632206500316,4.650517921016129,503.2574826660601,-0.0,332.8502987116702,158.99312616671608,628.3282142857132,45.049865533265844,24.801973440517
7448,68.56573525369737,182.94998284645243,4.509020685816479,488.12984755872185,-0.0,340.80156072173946,151.02303958165564,637.398169642856,47.716946325040695,34.46046127915915
7449,64.45449751608162,175.38345794505534,4.418693609022553,488.45444624428615,-0.0,363.42379683579355,150.0404008966939,678.550624999999,42.93466131571292,45.739968952791344
7450,76.26089265035819,175.78068768206145,4.428126368713041,615.4389326422129,-0.0,401.83133879013786,139.13715148505332,745.3655803571418,44.932762039546816,58.552113507807746
7451,75.48437988957602,203.44386958858098,4.520027191765819,639.9431381736806,-0.0,440.5244282003753,125.54810502911212,826.5105357142846,46.0243012822046,70.46506426099359
7452,89.04822257260587,199.6343476567469,4.6822805952989235,653.4316125558951,-0.0,482.6031858743074,112.29075820261004,906.6229910714275,47.7071422679575,82.55137409421955
7453,100.73000900422849,218.50476819580103,4.823596339148839,644.2927198963669,-0.0,518.6391899549266,97.03390989777485,983.0004464285703,42.13071645570129,95.26074799716993
7454,94.51669940583018,227.64248050817477,4.828445552595076,708.7334286358212,-0.0,526.4326820578357,77.51961474512427,1033.995401785713,42.21012015175429,103.57486936359138
7455,94.90827337540983,201.12642589798628,4.715417913716325,623.81014691632,-0.0,499.8409891282562,54.557937096238035,1049.4578571428558,41.240476001200946,106.46705189407069
7456,78.83966847936158,165.77590479081726,4.484513422512587,511.3712374289203,-0.0,446.7212367650735,62.868074101128514,1019.4353124999986,32.23296968018309,103.80332991175212
7457,60.35849308128432,124.81665068485286,4.14008312650558,487.35263473682846,-0.0,370.2018468252953,62.868074101128514,953.7002678571415,22.94084858011827,94.83535004131973
7458,40.03092004170827,109.82313204540837,3.587888395138327,336.5461004106538,-0.0,273.2682056877461,66.56817288801572,878.0252232142843,18.02937909292688,79.81916503309958
7459,34.23722065302312,98.96816780440304,3.075693663771074,205.05028088513563,-0.0,180.83456455019686,40.67170923379175,805.1001785714271,14.120305943097957,63.52436375825511
7460,19.179113837365144,63.99185717116815,2.6534989324038207,211.65470049419423,-0.0,103.90092341264764,20.182907662082513,739.40013392857,5.90042571657434,47.41484554628956
7461,7.716408474943487,62.3637823176426,2.3713042010365677,130.92386801315214,-0.0,49.76728227509845,7.582907662082512,684.7500892857129,-0.0,34.00042168861699
7462,10.553334067370338,62.715468186230886,2.1691094696693147,57.40192914001756,-0.0,12.03364113754921,-0.0,639.5750446428557,1.1029639594615848,21.33845065379792
7463,17.02892297724262,40.53414265163024,2.1069147383020614,10.481811459631984,-0.0,-0.0,0.7021611001964629,605.8499999999985,-0.0,11.386290910392905
7464,13.451441142696638,23.94423291585896,2.1747200069348085,-0.0,-0.0,-0.0,9.151669941060902,579.8749553571414,1.687214181880588,4.94884810410897
7465,23.55127274861131,11.0969353683479,2.3025252755675556,124.1441979022927,-0.0,-0.0,23.21827111984284,562.6499107142843,8.409519735265198,1.1851159187423264
7466,22.229370292662296,28.49358646708278,2.5103305442003023,258.36752767937844,-0.0,46.46635886245079,40.05854616895875,546.124866071427,13.233246599681873,-0.0
7467,33.60727671692243,18.305092530140865,2.7281358128330493,285.6497926678479,-0.0,98.63271772490157,59.29135559921415,530.4748214285698,22.52536769974669,1.0459531707355048
7468,31.734411670146137,35.43507365079447,2.895941081465796,414.84245011544465,-0.0,106.89907658735237,78.31100196463655,513.4997767857127,27.46126545834206,4.132786722362894
7469,39.21943032192446,20.44872328058426,2.883746350098543,408.94068112698017,-0.0,132.86543544980316,90.6909626719057,485.1997321428555,36.75338655840687,7.008047832028652
7470,44.02405664096947,-0.0,2.7815516187312896,380.34199304790764,-0.0,136.31750284521578,97.2424499455342,449.5821874999983,38.07441207167879,-0.0
7471,35.459116631128126,6.784929369408253,2.598884225125917,345.24787145179516,-0.0,136.76936889429254,101.27602241337893,443.58464285714115,39.17787779244321,5.446449761319359
7472,27.279935272420932,0.15936775917022672,2.3930359424045506,313.67200154715,-0.0,111.85470244367269,104.55544466918292,483.53959821428396,47.23844978352232,15.23602847497505
7473,33.06688806749427,14.455480842018499,2.2221237864077628,301.71609365553707,-0.0,89.7773009811313,107.33550248003107,573.0595535714268,47.041522292009915,13.151288396916806
7474,30.13747130127638,8.16673540545436,2.2554425961748987,309.0468511542561,-0.0,129.9995773644526,111.62582826923722,679.9445089285697,47.32679496983627,25.639010862332963
7475,27.81996645854028,32.56808363490211,2.3189939046645693,312.9111371438591,-0.0,166.97881826959073,111.41169867124837,788.2869642857125,45.73889852737266,29.745208212408595
7476,38.29524060208908,28.842749602109503,2.3510148094751395,317.4147639532188,-0.0,195.35801890546168,104.64467896160785,882.0194196428554,42.39014946370858,32.27477579363248
7477,34.88912064469205,50.61722271906439,2.389742408204974,306.6702702117274,-0.0,209.43738061840128,94.26851155409854,950.2593749999983,38.10665837365261,48.07360828333511
7478,37.33495952187339,39.744067958141784,2.3578849277319462,282.6183605764248,-0.0,204.67414981509657,76.50668692218844,978.5643303571411,31.299970470165157,47.57129980189091
7479,41.62122951053418,51.78929221639454,2.2407387400540135,339.95295982874813,-0.0,183.5827387703872,57.540419240437984,965.0817857142839,24.0792011309633,45.15313868815501
7480,42.46366104688211,55.712031234947666,2.0875986842105214,284.7756073561641,-0.0,150.36314748427318,41.76019786382159,924.2867410714268,16.932517803091272,53.91147673922737
7481,28.123877054377473,26.438967680114974,1.7731683882035136,219.16164511366145,-0.0,108.40092341264764,27.543119322125904,861.2066964285697,9.954856125482522,58.878638882411586
7482,23.402691346446836,23.108011557711553,1.3009736568362607,139.81050598351848,-0.0,54.06728227509845,13.271606551988384,790.2816517857125,8.755415626945046,58.28647836147895
7483,8.831714999313059,23.608231956251323,0.8087789254690076,80.33541781877648,-0.0,16.133641137549205,6.1965574360748406,727.8066071428553,3.037837134100707,55.95834310536146
7484,9.20249095504899,27.4410645430513,0.4365841941017547,40.413691301479474,-0.0,-0.0,8.070820697371488,672.9065624999982,0.12749495518535348,38.53307634174888
7485,-0.0,34.655562140810645,0.19438946273450164,15.657300948927002,-0.0,3.566358862450784,17.15471067772512,631.256517857141,-0.0,36.034626830497345
7486,4.761738546563203,16.64825465905574,0.0421947313672531,-0.0,-0.0,17.632717724901596,32.4839837622045,594.3314732142838,2.435850456753778,19.609486002196675
7487,6.0755294424864115,-0.0,-0.0,-0.0,-0.0,-0.0,51.10009378185089,563.1064285714267,7.091155423456835,4.833527566278163
7488,2.8913094721495405,15.347129654507224,0.16780526863274686,5.731984250416502,-0.0,38.96635886245079,75.81620380149727,545.4313839285695,14.729354915731482,7.8793548017017665
7489,1.4692108498338659,32.02688143151849,0.36561053726549375,12.359066398692022,-0.0,79.1327177249016,99.93977944000414,534.1813392857123,15.478491313947849,-0.0
7490,-0.0,48.77068106410699,0.6034158058982406,22.942591103804517,-0.0,75.19907658735235,122.15569299599629,524.5062946428551,23.631352641446846,8.868594313411155
7491,12.231756787569214,38.63552708332763,0.8412210745309876,39.83101791105801,-0.0,112.76543544980314,144.19419987222417,513.6312499999979,32.03299214934381,20.579704222949868
7492,15.73070153046634,28.2001338246621,1.0590263431637346,56.224346820452496,-0.0,147.4317943122539,165.11384623764658,501.3312053571407,39.70535528863368,34.32842408290911
7493,12.37958373998395,13.2266448548421,0.8790263431637346,48.76522467877649,-0.0,163.5981531747047,180.63722541249922,476.8811607142835,45.433827525933694,33.051961905742985
7494,6.36654076784702,22.09263685420424,0.49902634316373473,22.96676509261559,-0.0,160.8073461690028,190.2113806917294,440.98611607142635,49.31673650816886,30.616596287006754
7495,14.567370442574944,35.967899524000316,0.4084744324403243,13.186782315561686,-0.0,171.9733426080491,200.85225799918894,433.4835714285692,52.9732595098678,44.42263943912128
7496,15.200775538422574,32.485562521644695,0.2392843455726696,29.312966211134295,-0.0,168.2959814147749,213.21202486876476,460.4560267857121,57.36051695332347,47.28041469885032
7497,21.888562014529214,47.1021057540455,0.3025546572742534,83.11361997665674,-0.0,195.13242845733285,230.83235109563105,516.0534821428549,62.94040628190004,53.32820838576117
7498,32.70346106130452,69.75990928674125,0.8679736203372508,173.6219256187311,-0.0,283.51134720833363,249.84583346245918,588.4084374999977,68.72091944200187,75.90949606599547
7499,45.64366860118013,93.41118691665694,1.2801708610117521,279.77163263132377,-0.0,382.03285847557873,266.8473477303095,661.5083928571406,72.51552986191206,85.99546819676284
7500,58.825549148871445,119.1918320539296,1.714131004087889,403.19820082996637,-0.0,476.65436974282386,280.06390121794726,730.8658482142835,74.30107220594678,111.47686893812005
7501,80.12640799700097,139.9865079927132,2.0713921180378123,510.40778079869915,-0.0,514.7760823564048,286.2810669135753,788.9858035714262,74.33696880051852,125.61808684602322
7502,94.51300738275995,172.32703488601175,2.453645521570917,549.492838282698,-0.0,503.36973553638256,286.2810669135753,818.6032589285691,74.33696880051852,152.33288502914047
7503,89.73038914654175,158.51973786542982,2.363045112781954,520.6499458882889,-0.0,446.3210780849862,266.71942256138954,812.1507142857118,72.89501803759525,159.37686286938106
7504,92.18906854297798,160.68487525634538,2.126098255347105,457.2291633504425,-0.0,400.8871550625668,241.7402524841533,762.7581696428547,71.48002306220941,174.87989714801557
7505,75.93461122185724,124.92935671879934,1.7142152711876775,364.27200182531,-0.0,337.4106395239031,216.61126434491592,683.6256249999975,69.12933954133719,170.00070969823673
7506,68.9860441560177,84.38975580062103,1.114389462734506,245.5583950839768,-0.0,226.5769983863539,222.71267413715995,587.8255803571403,59.83721844127238,173.9953415201068
7507,63.44305646877512,72.54839066215207,0.5643894627345062,145.47237976274067,-0.0,170.44335724880466,205.95786077763145,495.25053571428316,51.95150186176397,161.68630097353906
7508,46.75603544628701,58.827903270170665,0.09438946273450621,59.80506225369406,-0.0,101.30184682529527,193.40304741810297,414.675491071426,45.41456346265354,147.06921028610486
7509,46.20210340922317,29.637803927732364,0.03219473136725309,-0.0,-0.0,72.86820568774606,183.4613971234075,345.97544642856883,45.41456346265354,131.24570467303985
7510,34.02337161245319,30.49045684210916,-0.0,62.03383236898728,-0.0,48.134564550196856,171.80835193676702,283.92540178571164,45.79336672048751,127.32775851427212
7511,23.42194820956805,35.967147677819355,0.077805268632747,27.15237002962371,-0.0,31.50092341264765,159.33251696623657,232.75035714285448,38.602952069937366,108.5126808480093
7512,14.872646154704109,17.570597766698295,0.007805268632746942,10.036243855004642,-0.0,19.267282275098438,144.57907885228764,189.87531249999734,31.47113745844302,103.57687325696104
7513,8.259315811170445,-0.0,-0.0,1.2547815156410707,-0.0,5.133641137549219,123.41208474619725,152.85026785714018,23.890591968392297,99.23616002020574
7514,3.3609945881397927,13.621207312815947,0.010000000000000009,-0.0,-0.0,-0.0,97.35805724128566,118.80022321428302,23.130580810010905,84.07189996156076
7515,-0.0,19.71702092310207,0.307805268632747,5.6688183986894956,-0.0,-0.0,70.58320458902634,88.67517857142586,22.448624200634583,86.67194117038545
7516,0.6908988984102074,19.71702092310207,0.595610537265494,34.401713245480465,-0.0,8.666358862450785,46.08202580710099,61.02513392856869,14.836406004614293,86.67194117038545
7517,0.24092162411572993,13.414229918452918,0.8534158058982408,67.34532289292798,-0.0,26.732717724901576,56.10786133269154,29.700089285711528,13.210558493248119,91.88330295054797
7518,-0.0,6.6842903799501485,0.9405289619680284,97.23648148930499,-0.0,47.09907658735235,37.763657010491144,0.13754464285716494,10.987540264150532,96.1226118855854
7519,0.464558527057813,1.1599728461421321,0.8704088802102359,119.7596871175551,-0.0,70.03669143865815,20.349303755218997,-0.0,8.798925720221902,97.14411552469588
7520,2.1430870468329886,-0.0,0.7652249251770217,153.91231959902407,-0.0,102.57398413582659,5.826939266497121,45.31245535714284,-0.0,99.08501558721701
7521,7.301909485720369,5.005363478123456,0.8134466931892852,210.33462660492867,-0.0,152.9537485414379,-0.0,163.15491071428573,1.122171166730154,104.33167364808875
7522,14.420171098806083,17.59509189398089,0.9947216037666994,277.71634694516365,-0.0,221.13315052364467,-0.0,334.0723660714286,2.6566129085043517,113.15910656314342
7523,22.873510907815994,62.242267644115415,1.2350511898678747,351.12817212752316,-0.0,304.28372795617213,-0.0,520.4373214285715,-0.0,109.52815361629416
7524,32.34396974500572,78.60665699396026,1.7523608018833503,422.86553566904723,-0.0,397.3913504490507,-0.0,691.9847767857143,4.769754636446712,120.87928651783854
7525,40.50206831850817,93.47199709868818,2.031632646543544,493.2539789345296,-0.0,486.1990937497309,-0.0,833.2447321428572,4.422050394946337,117.33961233695224
7526,44.00064666867247,129.4713660140992,2.171617316957443,534.3575843833302,-0.0,549.7929080067773,-0.0,927.7946875,4.608560801688791,112.06182765221928
7527,42.85202230988648,123.63655572220628,2.4171793561573844,551.358450553178,-0.0,579.3585822916863,-0.0,906.1671875000001,11.69946795793965,116.57442979400915
7528,38.729856239754234,109.59577421590578,2.2774118548799187,543.0897564450462,-0.0,573.8532019340761,5.866994106090374,888.0871428571429,10.167560422014873,115.51081118644595
7529,30.185153798402432,118.08344116047111,1.9200000000000002,521.3009868167114,-0.0,521.1623949283742,8.748526522593323,831.8745982142857,5.9229860915099835,94.0210005235584
7530,19.74496211673528,96.09042081217962,1.4500000000000002,500.736613452626,-0.0,438.0287537908249,2.7110019646365444,765.8745535714286,1.70301126130318,83.85563312295608
7531,23.358822011319674,89.81408245634705,0.9600000000000002,488.921610230219,-0.0,359.99511265327567,-0.0,703.1245089285715,-0.0,73.83617768426457
7532,15.79864857065854,73.17510002938896,0.5900000000000001,486.60660700781204,-0.0,303.76147151572644,-0.0,598.6745089285714,0.7139996094420411,64.86263420748388
7533,10.56867129636406,58.900165458008104,0.31000000000000005,490.75602935377515,-0.0,300.72783037817726,-0.0,563.5244642857142,2.381664677690166,57.380914654524815
7534,7.053310809839276,46.627374453358954,0.1200000000000001,496.4818517854077,-0.0,249.89418924062804,-0.0,540.6744196428571,-0.0,36.836403114019845
7535,15.037406951577108,37.87648773755534,-0.0,506.81873813796517,-0.0,195.96054810307882,-0.0,465.6494196428571,-0.0,17.39516200398622
7536,27.795705708570555,31.623936010792356,-0.0,520.4022628430777,-0.0,152.6269069655296,-0.0,453.9743749999999,-0.0,0.6112793625131339
7537,28.321878070966996,25.032819951346394,0.050000000000000044,542.5462216107936,-0.0,124.8932658279804,-0.0,448.3493303571427,0.5650795235192874,-0.0
7538,29.02669550980285,17.754096670762134,0.17000000000000015,566.6199421116241,-0.0,115.95962469043118,-0.0,448.7492857142856,0.8667663332578499,2.172242549818211
7539,29.6740083883872,9.322761201917661,0.31000000000000005,588.8323179534766,-0.0,120.92598355288197,-0.0,453.3742410714284,0.7636131664298897,7.39517677194236
7540,29.967863236395786,-0.0,-0.0,610.3664725169106,-0.0,132.29234241533277,-0.0,458.42419642857124,0.5653472780100444,2.77481565403681
7541,29.920559327210448,16.929532367612747,0.10000000000000009,627.5392824213666,-0.0,141.75870127778356,-0.0,405.29919642857124,0.952189059166625,14.810579727422557
7542,28.43343334338575,2.1586953230282795,0.17000000000000015,634.5151732352145,-0.0,144.31076867319618,-0.0,404.48665178571406,-0.0,28.938303087969082
7543,26.07376453083036,16.8602030455151,0.24058507920286165,636.6142174730281,-0.0,190.89113711781494,-0.0,431.5591071428569,-0.0,37.96388509769615
7544,25.581755856572556,9.751770313032253,0.24058507920286165,649.7033511195756,-0.0,240.75648924858655,-0.0,504.6265624999997,0.5738294673211506,50.83018823282101
7545,28.017673566426236,10.034567314951985,0.4596397547266218,699.3555509814098,-0.0,368.14945785102253,-0.0,622.1165178571425,4.642799264155563,83.60432000628191
7546,34.02643482478444,41.40567154419003,0.7660909555441996,761.1564463712887,-0.0,542.0703650792602,-0.0,742.6814732142853,10.323617267599428,116.37845177974282
7547,43.04168339227124,73.22251920585704,1.1353628002043936,821.6934908003484,-0.0,738.4056443130703,-0.0,845.9314285714282,17.84221514010987,149.15258355320373
7548,55.00185410698433,107.61415318840832,1.5748671435871222,864.3593826212336,-0.0,873.4982504921018,26.18777785700381,931.943883928571,25.478544168266993,181.92671532666463
7549,69.37824272000722,116.26689625104017,2.1269596320899327,903.8048591881778,-0.0,999.2340129571178,61.97291122120072,1000.6138392857139,32.42252680160553,205.59926413937723
7550,81.24220644338068,149.70584659772226,2.661055186509963,941.7821434289825,-0.0,1101.398801318149,97.75804458539763,1051.9587946428567,38.17233312787201,223.1438558525071
7551,87.48988629530564,149.98021496968013,3.0646857434849246,982.0583957067705,-0.0,1153.8642742567222,133.54317794959454,1080.5062499999995,42.16201838643778,246.36284691320952
7552,87.28230632756663,139.32270840126918,3.286440981093509,988.3568758324915,-0.0,1162.7160194979974,162.403449973935,1075.3862053571422,44.357369778753025,259.2053916189936
7553,91.50505278316479,142.43057701068022,3.1952631578947353,939.9506778647832,-0.0,1136.6395039593338,184.5156445167187,1032.483660714285,45.20357687108573,262.1930541876872
7554,77.04842409340999,136.49945115009746,2.8152631578947354,843.3827988796305,-0.0,1087.8746347721271,199.14865041062833,946.0716071428577,45.20357687108573,259.67171166313625
7555,61.67678628315218,125.55977089107553,2.4052631578947357,716.0063754068389,-0.0,1016.740993634578,211.96652860316271,873.5965625000006,45.20357687108573,252.90721108427428
7556,46.00129810958529,85.87066839715723,2.0252631578947358,583.4716881844611,-0.0,940.1073524970288,225.02586062673836,804.4965178571434,45.20357687108573,251.10222071208005
7557,32.92178164734868,50.4694124022634,1.7452631578947357,469.5032477232024,-0.0,867.3737113594797,236.19639107860476,741.3964732142863,53.124576285248786,250.89068947894313
7558,22.01882539554232,48.750898729940836,1.5152631578947358,371.11576032948574,-0.0,796.0400702219305,244.3761553222197,686.5964285714291,60.97245573065648,250.61525891630296
7559,15.021662929705592,48.750898729940836,1.3952631578947357,309.27057066228906,-0.0,780.3064290843813,252.53312978194464,639.6463839285719,68.46187704253316,251.32511141654172
7560,10.978172901817304,30.538875230169346,1.3752631578947356,269.5449894036565,-0.0,739.5727879468321,261.93155807271086,600.0713392857148,67.09528386008289,252.5726998025129
7561,8.277962979144139,15.655655340967005,1.4052631578947357,241.43320385507235,-0.0,706.2391468092829,272.92428891750455,560.8462946428576,67.09528386008289,253.60230082089163
7562,6.2489118136649004,29.959006220514652,1.4752631578947357,213.8996395849067,-0.0,669.8055056717337,280.99992742438076,518.4712500000005,69.54773669600822,253.96800250976713
7563,4.401589663473548,36.73975986607958,1.5352631578947358,185.8482880989261,-0.0,624.7718645341845,286.2810669135753,474.62120535714337,73.00816545032735,253.8648992234324
7564,14.32560924241257,21.07964065515362,1.5652631578947358,151.457370675549,-0.0,567.3382233966353,285.59599815129627,430.02116071428617,74.33696880051852,251.73563249332682
7565,8.496539835927317,-0.0,1.435263157894736,96.70910009896035,-0.0,482.8045822590861,277.03529088214106,373.146116071429,74.33696880051852,245.63429035753964
7566,-0.0,2.5216905436317347,1.1907920286152265,22.069954998462705,-0.0,376.45660938523156,260.58188036063575,314.5910714285718,73.62073850769966,221.955461857642
7567,-0.0,-0.0,1.2004241185487983,5.051351372390798,-0.0,308.8792884612245,245.59271491292884,296.68852678571466,74.25142074410158,196.5535469858037
7568,1.2561078245821022,-0.0,1.5280378129790486,55.83835516069537,-0.0,307.2150911955078,232.26881492940802,321.6459821428575,74.33696880051852,184.6546921595555
7569,11.470112414647687,0.7530895805724924,2.1738732754215624,171.17999302640226,-0.0,359.66429947295154,222.24836665665066,359.5509375000004,68.09757162377946,161.7388544495974
7570,27.64885476906779,57.14810799281726,2.973873275421562,332.46177966617086,-0.0,456.5700293102733,247.68926580913518,427.7633928571433,69.60444568472145,157.55932624780155
7571,56.868771299833426,119.45193876979172,3.773873275421562,508.14459863859884,-0.0,576.2182711253051,243.00630455224433,494.66084821428615,62.77398310365499,143.28838832709488
7572,79.47571768797496,179.1613645631508,4.573873275421562,677.8149894831761,-0.0,699.0093068029171,237.6361962102089,540.810803571429,55.790368637970815,147.17845894117025
7573,94.39775603741361,233.98070067475132,5.373873275421562,829.4605199574944,-0.0,847.5291267609412,229.98124070177224,567.5857589285719,54.17590727548245,152.06020498319882
7574,103.57831303322179,275.1745131802438,6.025117526826774,941.6156212893407,-0.0,915.4637616864766,211.6640048285915,556.9832142857147,51.92721931048358,156.37401967151587
7575,115.85790574787566,296.61931728500366,6.391785896780785,996.136503428083,-0.0,928.9563275962408,185.89770438016683,522.2406696428575,42.63509821041876,157.81161386882013
7576,119.0973857612842,294.68538439447303,6.399999999999999,963.7605608891723,-0.0,868.0213575728751,150.1125710159699,460.9106250000003,37.14264550593902,155.34495017801058
7577,100.79714904183744,266.1758576303087,5.887644353602451,821.6569643557007,-0.0,713.8018468252953,114.327437651773,381.67808035714313,30.89115552180406,133.84008046515203
7578,89.4950869015338,231.46762283974064,5.097644353602451,642.6280898318385,-0.0,529.1682056877461,78.54230428757609,294.578035714286,21.599034421739244,120.90414693879187
7579,80.29093989522099,202.96888962491255,4.327644353602452,485.0494960460293,-0.0,361.0345645501969,42.75717092337917,216.10299107142885,15.199830432409735,92.78906927252905
7580,73.55641879718087,178.5968164539219,3.6676443536024514,345.5291660098061,-0.0,261.60092341264766,15.688801571709234,148.55294642857166,5.90770933234492,79.012255365277
7581,58.79651448691045,155.97998752793933,3.1476443536024514,233.58796784837594,-0.0,150.76728227509844,-0.0,97.0529017857145,-0.0,66.36990691328604
7582,45.59718043473399,131.75960917063955,2.7176443536024513,129.1863356243423,-0.0,60.43364113754924,-0.0,56.527857142857314,-0.0,54.71774716988103
7583,43.178790732378786,106.65377709317698,2.397644353602451,57.473639479383664,-0.0,-0.0,-0.0,32.60281250000013,-0.0,31.707701084637137
7584,40.84959812355093,84.07104569399081,2.227644353602451,18.97256873145608,-0.0,8.533641137549232,-0.0,22.652767857142962,1.2564875127428916,25.25881177170347
7585,36.89074312443836,64.09711790537379,2.147644353602451,-0.0,-0.0,-0.0,-0.0,22.602723214285795,-0.0,20.01973375018386
7586,30.721851643313748,47.197228038090174,2.087644353602451,-0.0,-0.0,6.466358862450768,-0.0,23.80267857142863,0.09957428342566033,16.14455505816749
7587,24.91429684474371,34.11875396963592,2.047644353602451,2.004279453010838,-0.0,9.672380747838503,-0.0,27.65263392857147,-0.0,14.190634164214897
7588,18.818096969734253,22.968595021734636,1.9976443536024509,35.662595406881366,-0.0,26.13873961028927,-0.0,28.627589285714308,4.379835962426821,14.123505613065
7589,10.915569532673233,12.008416205345696,1.7576443536024509,35.662595406881366,-0.0,22.805098472740028,-0.0,16.852544642857154,0.8620209603745135,-0.0
7590,2.161295372692546,-0.0,1.405408788962696,-0.0,-0.0,-0.0,-0.0,-0.0,3.983427140977303,-0.0
7591,-0.0,-0.0,1.2137506387327524,-0.0,-0.0,-0.0,-0.0,16.87745535714285,-0.0,-0.0
7592,-0.0,-0.0,1.4208993357179338,-0.0,-0.0,-0.0,-0.0,47.66745535714284,0.0831298668475533,-0.0
7593,11.262229913419532,-0.0,1.994739397036278,-0.0,-0.0,-0.0,-0.0,129.13995535714287,-0.0,-0.0
7594,30.516106381031673,-0.0,2.7503346959632067,-0.0,-0.0,-0.0,-0.0,248.53495535714288,7.622245397960874,-0.0
7595,55.25938062071926,-0.0,3.5503346959632065,39.39923665986973,-0.0,115.58144411344813,-0.0,406.88517857142847,10.782983039796946,-0.0
7596,79.1019202155531,14.673320275656735,4.350334695963206,250.92308064059176,-0.0,276.8783031106092,-0.0,598.4201339285713,14.074539622498257,-0.0
7597,96.50999092347698,78.25977706162354,5.150334695963206,432.99241977002555,-0.0,417.97540372337323,-0.0,712.2351339285714,16.003799314810163,-0.0
7598,107.94534363644152,128.56967577992185,5.93217169136433,572.3322208054138,-0.0,507.2874803807172,-0.0,789.0551339285714,15.966535867116733,-0.0
7599,109.30450490471938,155.7561186704918,6.354609095554417,640.4505735149164,-0.0,520.9290661652824,-0.0,813.8726339285714,13.484100526942271,-0.0
7600,106.1426114635993,156.78099730885566,6.3996499744506865,625.8399477582662,-0.0,475.98574880222907,-0.0,777.2901339285714,17.357553770104186,0.2245508970235841
7601,85.9866888040963,130.45022969596167,5.939177312212567,513.9883690181639,-0.0,395.1,-0.0,685.6026339285714,11.987135634756207,1.999250219585754
7602,73.48824437872305,101.07840573710102,5.239177312212567,390.87521037562817,-0.0,297.6,-0.0,584.3526339285714,5.6008987349902775,1.4125818682759004
7603,53.610406693455786,76.89632263186655,4.5391773122125665,283.40743036900443,-0.0,208.10000000000002,-0.0,485.32763392857146,-0.0,0.6685550484055156
7604,46.00258724919454,58.37994245892485,3.9591773122125664,190.51479073140723,-0.0,133.20000000000002,-0.0,456.97758928571426,3.7213465836130126,-0.0
7605,32.01170210709084,44.468318040975056,3.5091773122125662,115.64883191753256,-0.0,75.30000000000001,-0.0,440.1525446428571,1.6106732918065063,-0.0
7606,19.472171888547724,33.65383222263505,3.099177312212566,61.92334963742891,-0.0,29.200000000000017,-0.0,369.9525446428571,-0.0,-0.0
7607,9.798613381334881,27.19791073697803,2.859177312212566,38.426369373796774,-0.0,4.300000000000011,-0.0,313.6275446428571,-0.0,-0.0
7608,9.798613381334881,25.06912785093079,2.719177312212566,31.395635871283673,-0.0,-0.0,-0.0,265.3275446428571,-0.0,-0.0
7609,4.188727312070476,24.542488531615255,2.659177312212566,33.34312364718906,-0.0,-0.0,-0.0,221.82754464285713,-0.0,-0.0
7610,-0.0,24.558471334803762,2.619177312212566,43.33416886625744,-0.0,-0.0,-0.0,237.72749999999996,-0.0,-0.0
7611,5.628581081814374,23.85683698261014,2.6291773122125663,53.573673630629855,-0.0,9.5428744011145,-0.0,199.5775,-0.0,-0.0
7612,11.01158278503178,22.979011208107586,2.559177312212566,61.57452305398024,-0.0,26.642874401114494,-0.0,157.90249999999997,-0.0,-0.0
7613,2.6370799279976858,16.671185433605032,2.309177312212566,48.83181503416762,-0.0,21.84287440111451,-0.0,102.37749999999998,-0.0,-0.0
7614,1.4277641168272375,6.914077492760988,1.949177312212566,18.940761715506824,-0.0,-0.0,-0.0,37.312499999999986,-0.0,-0.0
7615,-0.0,-0.0,1.629994890137962,-0.0,-0.0,-0.0,-0.0,-0.0,-0.0,-0.0
7616,-0.0,-0.0,1.5035053653551311,-0.0,-0.0,-0.0,-0.0,-0.0,-0.0,-0.0
7617,6.615960647320332,-0.0,1.7526494634644818,-0.0,-0.0,-0.0,-0.0,-0.0,-0.0,-0.0
7618,19.524663797893403,-0.0,2.2054317833418446,136.20508113824147,-0.0,-0.0,-0.0,197.75499999999977,7.422012932927748,-0.0
7619,36.79953657388518,55.324998398408376,2.7623249872253397,359.38775734350463,-0.0,113.32681520912698,-0.0,397.75499999999977,13.34356856753622,-0.0
7620,54.73218238702779,105.65483751256374,3.439450689831369,582.5704335487678,-0.0,300.637925404059,-0.0,597.7549999999998,21.54622142375763,-0.0
7621,71.45642432787724,164.89045256696454,4.141872764435354,798.6608497839743,-0.0,487.90624173641083,-0.0,797.7549999999998,28.843973197610232,-0.0
7622,92.41919898707128,215.6905567285805,4.690536535513535,973.5275439989227,-0.0,639.5607095636633,-0.0,945.0624999999998,34.52783829219383,-0.0
7623,105.3069427766009,249.0924699391247,4.937565150740923,1080.8847644052848,-0.0,730.4873998421828,-0.0,1015.5374999999998,37.25479539471683,-0.0
7624,108.18021551824172,255.9599634721538,4.86496167603474,1094.6636362038157,-0.0,737.5151773909157,-0.0,1003.5049999999998,37.75355814806336,-0.0
7625,101.58722128226353,235.37042552098802,4.3141364333162935,1009.4039538248234,-0.0,673.7722627205341,-0.0,924.2299999999998,35.47077991117031,-0.0
7626,81.27863541354166,208.7459695053795,3.5441364333162935,887.4015099829442,-0.0,584.672262720534,-0.0,823.3049999999998,31.2429538430938,-0.0
7627,72.01775027143796,183.48889136726694,2.8620899791955616,770.9732959137169,-0.0,499.1722627205341,-0.0,727.5299999999999,27.61757141422135,-0.0
7628,64.90436968958576,160.26133467338204,2.2520899791955618,670.6757541739787,-0.0,422.1722627205341,-0.0,637.8049999999998,24.550741722563103,-0.0
7629,60.0682975016184,140.56996940180608,1.732089979195562,584.669318826333,-0.0,353.7722627205341,-0.0,554.1299999999999,22.249795685731232,-0.0
7630,56.27933754116925,121.8231305415797,1.292089979195562,504.56687498445376,-0.0,289.4722627205341,-0.0,475.25499999999994,20.341566033128785,-0.0
7631,53.23075167244738,105.61129664847522,0.992089979195562,435.38130776201507,-0.0,235.77226272053414,-0.0,402.87999999999994,19.384558200128367,-0.0
7632,41.62772694131647,92.45661128922437,0.772089979195562,381.8908384374354,-0.0,195.67226272053415,-0.0,341.50499999999994,19.99338672011273,-0.0
7633,30.019300756949235,79.36360087517672,0.6620899791955619,326.6123436301552,-0.0,164.57226272053413,-0.0,284.05499999999995,21.72416069109202,-0.0
7634,28.52739830100022,65.18464825095012,0.5820899791955618,272.93692973226695,-0.0,138.8722627205341,-0.0,229.90499999999997,24.12321465426015,-0.0
7635,26.010290558181534,50.79474844942268,0.7898952478283088,213.2041626811672,-0.0,115.47226272053413,-0.0,179.10499999999996,27.363715880214073,-0.0
7636,12.621061467341658,35.67841794770012,0.7098952478283087,157.95451901062697,-0.0,94.37226272053414,-0.0,126.70499999999998,30.196886188555826,-0.0
7637,7.172028542868436,18.55065177866054,0.4798952478283087,90.18001570911326,-0.0,57.67226272053413,-0.0,63.58,31.215441963514827,-0.0
7638,-0.0,-0.0,0.13024782830863568,14.233789306431362,-0.0,6.14363951719065,-0.0,-0.0,30.00909322439346,-0.0
7639,-0.0,-0.0,-0.0,-0.0,-0.0,-0.0,-0.0,-0.0,30.47063311487712,-0.0
7640,4.20528511222124,-0.0,0.3014997445068984,-0.0,-0.0,-0.0,-0.0,-0.0,34.068323953367695,-0.0
7641,18.424539275856198,-0.0,0.8867501277465507,-0.0,-0.0,-0.0,-0.0,27.0474999999999,39.595238139104495,-0.0
7642,41.33984654311173,-0.0,0.7213745528870739,-0.0,-0.0,-0.0,-0.0,227.0474999999999,46.678820278748155,-0.0
7643,69.53963858708065,-0.0,1.5213745528870737,-0.0,-0.0,188.4262111701194,-0.0,427.0474999999999,54.89752823815523,-0.0
7644,99.00138487449259,-0.0,2.3213745528870735,37.147675929416465,-0.0,188.4262111701194,-0.0,627.0474999999999,62.528662953988686,-0.0
7645,127.29941377236418,32.70917290093125,3.1213745528870733,260.33035213467963,-0.0,394.93683813384536,-0.0,827.0474999999999,68.76873798501401,-0.0
7646,149.84544107912419,102.07912472467261,3.921374552887073,460.9219138400732,-0.0,553.890862999159,-0.0,1003.1324999999999,72.96469974968271,-0.0
7647,163.84437217567077,149.13526359264745,4.3949821154828825,583.6230419187949,-0.0,646.9028591179688,-0.0,1100.98,74.33696880051852,-0.0
7648,165.37360606482218,167.32016438898157,4.461665815022995,611.6167413903911,-0.0,656.6588571773736,-0.0,1104.315,72.12744486869333,-0.0
7649,149.87197718872292,148.89045621003964,3.9893101686254475,526.1968534417069,-0.0,579.8444851718011,-0.0,1011.6025000000001,66.99062765463759,-0.0
7650,128.62818603313139,120.85814376116285,3.2093101686254477,408.69532019620226,-0.0,481.04448517180117,-0.0,900.9525000000001,60.21660895089195,-0.0
7651,107.77708648365501,94.94725704535924,2.5093101686254475,305.00758266074604,-0.0,387.94448517180115,-0.0,792.7525,53.41087023933515,-0.0
7652,89.14156631277561,72.69184391820605,1.8693101686254474,213.32474722743092,-0.0,306.44448517180115,-0.0,690.1775,47.68318607678343,-0.0
7653,73.34624230826284,54.409282257199244,1.3593101686254476,141.95570750416425,-0.0,241.54448517180117,-0.0,598.9275,43.214054651445906,-0.0
7654,60.33765643954098,41.91338064002988,0.9993101686254474,95.36579965569061,-0.0,192.34448517180115,-0.0,515.5775,39.532752331929686,-0.0
7655,50.098696479091814,32.66652191131583,0.7593101686254474,66.98079390935794,-0.0,157.64448517180116,-0.0,442.2525,37.21000274962767,-0.0
7656,41.75743724526081,26.98299320452051,0.6593101686254473,54.391796657258794,-0.0,134.04448517180117,-0.0,373.6025,35.91408589672869,-0.0
7657,34.91368257168131,23.765416642147954,0.5893101686254473,47.09390579725215,-0.0,115.5444851718012,-0.0,308.9275,35.171834502635804,-0.0
7658,28.882815670583625,20.894270779970505,0.5593101686254472,41.98712132933798,-0.0,103.0444851718012,-0.0,249.5775,35.14908492033379,-0.0
7659,22.909257163370782,17.717172773370287,0.5393101686254472,45.10701768514633,-0.0,96.84448517180121,-0.0,189.4275,35.662895322409454,-0.0
7660,20.24225353584069,15.539356933111563,0.4893101686254472,46.59715230784019,-0.0,92.1444851718012,-0.0,132.3025,36.266931167668886,-0.0
7661,12.10619958887935,9.763206103812202,0.28931016862544723,31.930844373697056,-0.0,70.24448517180119,-0.0,64.42750000000001,35.39779974233136,-0.0
7662,1.3238339696698755,-0.0,0.0022508942258559483,-0.0,-0.0,27.87302783661037,-0.0,-0.0,32.62082197550028,-0.0
7663,-0.0,-0.0,-0.0,-0.0,-0.0,1.3296702042898545,-0.0,-0.0,31.424080815111363,-0.0
7664,-0.0,-0.0,0.41161216147164037,-0.0,-0.0,-0.0,-0.0,104.67749999999961,31.921706848413635,-0.0
7665,18.087566498404527,-0.0,1.1295631067961165,-0.0,-0.0,-0.0,-0.0,302.61499999999967,34.62849169144829,-0.0
7666,46.47298349212423,-0.0,1.1295631067961165,-0.0,-0.0,-0.0,-0.0,502.61499999999967,38.98831244224449,-0.0
7667,75.85339634817419,-0.0,1.9295631067961163,-0.0,-0.0,107.74380471706542,-0.0,702.6149999999997,43.51019004527636,-0.0
7668,105.09614260841542,-0.0,2.729563106796116,218.81258879894543,-0.0,308.95410952665407,-0.0,902.6149999999997,46.338387241637605,-0.0
7669,132.1119477658375,38.77644139372876,2.729563106796116,441.9952650042086,-0.0,499.9359924792351,-0.0,1064.1949999999997,46.990928246489496,-0.0
7670,152.42864274028653,106.67381951342757,3.529563106796116,620.4555861534634,-0.0,653.6040671959839,10.001501138045825,1156.1549999999997,44.34750848416445,-0.0
7671,164.19402930363245,152.35690612158754,3.9695247828308626,722.115323357125,-0.0,744.0015302321524,26.862815970986993,1169.7174999999997,40.08117924840327,-0.0
7672,163.25998672322547,168.00854990527563,3.732708226877874,724.1317147826637,-0.0,743.342995208916,33.51441414441628,1109.5524999999998,40.005574925510416,-0.0
7673,147.26780529666402,148.94360741556946,3.26,627.6437588801116,-0.0,635.1,24.159332023575637,1005.2649999999999,30.924235579167526,-0.0
7674,126.21093020222402,121.30844350054626,2.5,498.9692555785979,-0.0,499.8,9.482121807465617,885.5399999999998,21.63211447910271,-0.0
7675,106.92368101605672,96.63208319609221,1.8,380.7827777597847,-0.0,378.90000000000003,0.9862475442043177,769.1149999999999,20.36068132008591,-0.0
7676,90.19144095039243,76.16643079105285,1.2,280.440767980509,-0.0,281.20000000000005,-0.0,663.9649999999999,12.501419055247805,-0.0
7677,75.53766803580692,58.95601269677774,0.74,198.46010286021135,-0.0,200.90000000000003,-0.0,569.14,5.873876798220859,-0.0
7678,61.565820302875935,43.091546746925395,0.33000000000000007,121.33588029675067,-0.0,126.00000000000006,-0.0,479.03999999999996,-0.0,-0.0
7679,49.91858935771465,29.97088937476412,0.020000000000000018,64.37300239226798,-0.0,68.50000000000006,-0.0,401.06499999999994,1.8055495041904255,-0.0
7680,42.623087427841256,23.54642342491178,-0.0,38.227911703600284,-0.0,41.00000000000003,-0.0,340.59,1.8055495041904255,-0.0
7681,35.66892218052243,19.37696244218135,0.050000000000000044,21.68681252069908,-0.0,20.80000000000004,-0.0,283.315,-0.0,-0.0
7682,28.640514237161202,14.468697848881774,0.15000000000000013,9.271483565145871,-0.0,5.800000000000011,-0.0,227.86499999999998,1.5884440297620177,-0.0
7683,21.9507513702394,10.078768244622836,0.15000000000000013,4.404614154896677,-0.0,0.9000000000000057,-0.0,176.265,-0.0,-0.0
7684,14.6363717155479,6.19812080670539,0.2500000000000002,-0.0,-0.0,-0.0,-0.0,117.38999999999999,-0.0,-0.0
7685,7.543917242510945,2.516755535129427,0.3400000000000003,-0.0,-0.0,-0.0,-0.0,56.46499999999999,-0.0,-0.0
7686,-0.0,-0.0,0.3400000000000003,-0.0,-0.0,-0.0,-0.0,-0.0,-0.0,-0.0
7687,-0.0,-0.0,-0.0,-0.0,-0.0,-0.0,-0.0,-0.0,-0.0,-0.0
7688,-0.0,-0.0,0.7999999999999998,-0.0,-0.0,-0.0,-0.0,-0.0,-0.0,-0.0
7689,23.281205862202167,-0.0,0.42206949412365824,-0.0,-0.0,-0.0,-0.0,-0.0,-0.0,-0.0
7690,52.74295214961411,-0.0,1.222069494123658,-0.0,-0.0,-0.0,-0.0,-0.0,-0.0,-0.0
7691,82.20469843702605,-0.0,2.0220694941236577,-0.0,-0.0,-0.0,-0.0,44.48500000000013,-0.0,-0.0
7692,111.666444724438,-0.0,2.530467552376086,-0.0,-0.0,-0.0,-0.0,244.48500000000013,-0.0,-0.0
7693,141.12819101184994,38.776498152494085,2.4934670413898825,160.68626289917543,-0.0,99.16292437335738,-0.0,444.4850000000001,0.9508058996884223,-0.0
7694,167.98438972373705,108.23002067414669,2.3671793561573837,383.8689391044386,-0.0,290.57479968436553,-0.0,644.4850000000001,8.845843374545211,-0.0
7695,185.03940974709718,160.00416922177402,2.3671793561573837,560.4303937498516,-0.0,446.48707768804536,-0.0,803.6275,14.827173102484444,-0.0
7696,188.9298477116502,181.1285641651196,1.567179356157384,631.0667468187801,-0.0,535.9287037418777,-0.0,864.0475000000001,17.53399346353326,-0.0
7697,175.73725336014684,164.10526334831923,1.5100000000000002,576.3299920068283,-0.0,519.0999999999999,-0.0,803.4725000000001,15.247028880093836,-0.0
7698,157.5903235426888,138.51680914835262,1.1700000000000002,479.0101100694026,-0.0,466.29999999999995,-0.0,718.8475000000001,10.995050231026312,-0.0
7699,140.3278325876398,115.0340578806788,0.8300000000000001,387.1475812851884,-0.0,414.09999999999997,-0.0,634.9975000000001,7.27474428792835,-0.0
7700,124.64420111640288,94.10939238991561,0.53,303.50283971678914,-0.0,365.79999999999995,-0.0,554.0225,4.295885607616185,-0.0
7701,111.03827037178414,77.5397219320305,0.33000000000000007,226.98785988150442,-0.0,318.4,-0.0,482.5475,2.619470566508081,-0.0
7702,98.48888159658964,60.85600361856816,0.17000000000000015,143.88394396714466,-0.0,259.4,-0.0,412.7975,1.0016082626141802,-0.0
7703,87.84872639693452,48.40228530510581,0.1100000000000001,70.7662323427364,-0.0,196.39999999999998,-0.0,349.77250000000004,0.5300804999141917,-0.0
7704,76.6085711972794,34.172375569334534,-0.0,15.965048217500168,-0.0,119.19999999999999,-0.0,288.9225,-0.0,-0.0
7705,65.95994884654552,23.51174799990475,-0.0,-0.0,-0.0,52.29999999999998,-0.0,233.02250000000004,-0.0,-0.0
7706,55.650934163078304,14.705397629694538,-0.0,-0.0,-0.0,10.799999999999983,-0.0,182.49750000000003,-0.0,-0.0
7707,45.632685904071714,9.204750191777087,-0.0,-0.0,-0.0,-0.0,-0.0,131.84750000000003,-0.0,-0.0
7708,35.71925059920147,5.934092819615813,-0.0,-0.0,-0.0,1.5715378737251786,-0.0,85.17250000000001,-0.0,-0.0
7709,26.019861824006966,2.862478335909856,-0.0,-0.0,-0.0,0.37153787372516156,-0.0,33.14750000000001,-0.0,-0.0
7710,17.409634727076245,-0.0,-0.0,-0.0,-0.0,-0.0,-0.0,-0.0,-0.0,-0.0
7711,18.329155862179586,-0.0,-0.0,-0.0,-0.0,-0.0,-0.0,-0.0,5.084387597789041,-0.0
7712,35.30900181742075,-0.0,0.7999999999999998,-0.0,-0.0,-0.0,-0.0,-0.0,13.893438997369309,-0.0
7713,64.77074810483269,-0.0,0.6964614205416462,-0.0,-0.0,-0.0,-0.0,-0.0,23.185560097434124,-0.0
7714,94.23249439224463,-0.0,0.6964614205416462,-0.0,-0.0,-0.0,-0.0,189.39750000000004,32.47768119749894,-0.0
7715,123.69424067965657,-0.0,0.8046295350025554,77.40184637230018,-0.0,50.3542623581111,-0.0,389.39750000000004,41.76980229756376,-0.0
7716,153.15598696706851,26.482819497361618,1.6046295350025552,300.58452257756335,-0.0,258.0758022932391,-0.0,589.3975,51.061923397628576,-0.0
7717,182.61773325448047,95.93634201901422,2.404629535002555,523.7671987828265,-0.0,465.79734222836714,-0.0,789.3975,60.354044497693394,-0.0
7718,212.07947954189243,165.38986454066682,3.204629535002555,746.9498749880897,-0.0,673.5188821634952,-0.0,989.3975,68.47650890542386,-0.0
7719,232.30493282945693,220.97057195446547,4.004629535002555,907.7635656927491,-0.0,829.6875609192515,28.78850415790085,1141.255,73.33730597380945,-0.0
7720,235.69397029929556,245.32784892984978,4.642603474706182,963.2475920828783,-0.0,893.0716586815266,53.291386508206635,1190.365,74.33696880051852,-0.0
7721,217.93361868032764,225.7918629155165,3.8426034747061824,876.2628410923469,-0.0,823.5000402692672,54.14931237721021,1110.585,68.84049949691149,-0.0
7722,193.06123268661523,193.74699788384245,3.0426034747061825,747.585955121978,-0.0,709.0000402692672,44.19273084479371,1001.3100000000001,59.54837839684667,-0.0
7723,169.1844443125058,162.1928407515831,2.2426034747061827,616.7535371911467,-0.0,589.5000402692672,33.37387033398821,891.085,50.256257296781854,-0.0
7724,147.26364589073268,134.10843440719373,1.442603474706183,495.9793830099014,-0.0,473.2000402692671,22.677603143418466,784.0600000000001,40.964136196717035,-0.0
7725,128.77594964881402,109.85973099509714,1.072603474706183,395.0328202487532,-0.0,366.5000402692671,12.485068762278978,682.835,39.84406676282704,-0.0
7726,112.30827164790138,88.76316121548841,0.7426034747061829,309.00495529979446,-0.0,270.80004026926713,4.239685658153242,585.835,36.836955224668266,-0.0
7727,99.04118214608872,73.55491649067649,0.542603474706183,246.7957881630253,-0.0,195.10004026926714,-0.0,496.83500000000004,29.455936716201606,-0.0
7728,88.1935223861821,61.67333180970202,0.4726034747061829,205.33998267370112,-0.0,139.60004026926714,-0.0,414.63500000000005,22.513969133158277,-0.0
7729,78.6524045956997,52.70293358391457,0.4726034747061829,172.3979728944254,-0.0,97.60004026926717,-0.0,332.26000000000005,15.469605212752489,-0.0
7730,69.49494100215975,45.20205680235479,0.5026034747061829,146.1866354446387,-0.0,70.90004026926715,-0.0,252.93500000000003,15.469605212752489,0.10864228845306112
7731,60.64843999944705,37.62689288733159,0.5026034747061829,121.39308521066701,-0.0,57.70004026926716,-0.0,186.03500000000003,16.039903127571044,3.60096800970324
7732,50.694826769216164,28.84125041653606,0.5026034747061829,98.04400301623281,-0.0,50.40004026926718,-0.0,128.28500000000003,16.039903127571044,5.573671148125313
7733,38.502176129812554,15.56751223458605,0.32260347470618295,57.03448675919512,-0.0,30.20004026926719,-0.0,64.38500000000002,13.722419238409891,3.5857453875154937
7734,24.187866554568295,-0.0,0.02295605518650995,-0.0,-0.0,-0.0,-0.0,-0.0,9.292121100064815,-0.0
7735,19.38039374438519,-0.0,-0.0,-0.0,-0.0,-0.0,-0.0,-0.0,-0.0,-0.0
7736,28.37405176309504,-0.0,-0.0,-0.0,-0.0,-0.0,-0.0,-0.0,0.2529542809875389,0.3120378262941088
7737,48.91212118656479,-0.0,0.7753628002043944,-0.0,-0.0,-0.0,-0.0,-0.0,-0.0,14.624656877464453
7738,76.46788440848975,-0.0,1.5753628002043942,-0.0,-0.0,-0.0,-0.0,-0.0,-0.0,29.824523703750575
7739,105.9296306959017,-0.0,2.3753628002043943,-0.0,-0.0,-0.0,-0.0,166.7924999999999,-0.0,45.541788135337974
7740,135.39137698331365,36.849485423406776,3.175362800204394,139.16982272233682,-0.0,-0.0,-0.0,366.7924999999999,-0.0,56.543154813520616
7741,163.5227659687917,106.30300794505938,3.728022483392948,362.3524989276,-0.0,77.42186208926543,-0.0,566.7924999999999,-0.0,66.33653903250637
7742,186.08677015092786,175.75653046671198,3.1234977005620843,581.3009605452964,-0.0,279.34710267416693,-0.0,766.7924999999999,1.8794863604223995,69.95143214515889
7743,199.24706607397914,225.66405262437965,3.699220746039856,723.96503310302,-0.0,419.44456571033544,-0.0,899.1999999999999,7.397770964268894,66.78430242235576
7744,199.6727458074139,245.09510239964237,3.8906080735820128,775.0387821659701,-0.0,477.34311601671743,-0.0,938.9399999999999,10.32336072749919,56.62972136274758
7745,183.2788872040058,225.67885164543455,3.486016862544711,694.853218688446,-0.0,424.17153787372513,-0.0,865.3375,8.977140625290811,40.47799047770292
7746,161.37545189913556,195.76822407600477,2.776016862544711,578.8240940228443,-0.0,340.6715378737252,-0.0,769.7375,4.890809121841695,21.79698338397151
7747,140.9241379422865,167.82259153945307,1.9760168625447112,478.45722461259504,-0.0,266.4715378737252,-0.0,676.2375,1.492259422372289,7.176479253960089
7748,122.32936595486169,144.48790618020223,1.4460168625447114,397.1566019634648,-0.0,208.17153787372516,-0.0,591.8874999999999,0.2595460758876662,-0.0
7749,105.9082481643793,124.39869440960179,1.0260168625447115,330.13420059275313,-0.0,165.37153787372517,-0.0,513.3874999999999,-0.0,-0.0
7750,90.82520519224238,106.65400905035094,0.6860168625447114,270.8197822335744,-0.0,132.57153787372516,-0.0,444.3875,0.1949982690544978,-0.0
7751,77.89774159870241,92.28146725783179,0.49601686254471145,224.7835851528142,-0.0,113.57153787372518,-0.0,382.0125,2.5915612911769763,-0.0
7752,67.21970774706848,82.14059047627201,0.4260168625447114,199.665175287869,-0.0,106.17153787372517,-0.0,326.5875,6.046677050513658,-0.0
7753,58.16994488014668,73.8178094058667,0.40601686254471137,184.35565903083133,-0.0,102.87153787372516,-0.0,275.3125,9.467676464676714,-0.0
7754,48.93902325603095,65.17193759142883,0.4360168625447114,169.40258533063064,-0.0,98.57153787372518,-0.0,226.3375,12.381392263069191,-0.0
7755,39.39385893587283,55.681549299885205,0.49601686254471145,157.23172441461494,-0.0,93.6715378737252,-0.0,177.9375,15.160991716288045,-0.0
7756,38.26618093496019,42.899027375853706,0.5060168625447115,136.44706778855073,-0.0,82.1715378737252,-0.0,127.0375,16.77964209493023,-0.0
7757,23.396559511386997,23.46318536414732,0.33601686254471147,80.36058996973753,-0.0,47.37153787372519,-0.0,60.41249999999999,15.991008857801837,-0.0
7758,9.357779707039983,-0.0,0.008957588145120154,-0.0,-0.0,-0.0,-0.0,-0.0,13.436490116154058,-0.0
7759,-0.0,-0.0,-0.0,-0.0,-0.0,-0.0,-0.0,-0.0,13.46788034944632,-0.0
7760,3.1024499919829616,-0.0,-0.0,-0.0,-0.0,-0.0,-0.0,-0.0,17.433861284700402,-0.0
7761,16.225218474093943,-0.0,0.7999999999999998,-0.0,-0.0,-0.0,-0.0,14.209999999999923,24.982634572630605,-0.0
7762,38.096045757245626,-0.0,1.5999999999999996,-0.0,-0.0,-0.0,-0.0,214.20999999999992,34.27475567269542,-0.0
7763,64.93963061965115,-0.0,2.3999999999999995,54.91860507066545,-0.0,-0.0,-0.0,414.2099999999999,43.56687677276024,-0.0
7764,93.76975199799583,69.4535225216526,3.1999999999999993,278.1012812759286,-0.0,172.44363951719072,-0.0,614.2099999999999,52.85899787282506,-0.0
7765,120.67664066010758,94.05194529490647,3.1999999999999993,501.2839574811918,-0.0,380.16517945231874,-0.0,814.2099999999999,61.525644051486466,-0.0
7766,142.78407736050005,161.92877386547877,3.999999999999999,710.4930850296753,-0.0,573.2045101579225,-0.0,1014.2099999999999,68.13981704810931,-0.0
7767,156.0419583595684,209.43890387066358,4.28686509964231,842.5829311900186,-0.0,699.7161035840605,-0.0,1146.05,72.23376996817308,-0.0
7768,156.29459872128245,227.55689742694878,4.481898313745529,882.378462349822,-0.0,739.2145330826411,21.0113040226492,1181.51,72.77044692689869,2.7547235461058577
7769,137.9393651354794,205.77814201880844,4.037659683188554,787.187314666694,-0.0,658.7857890714961,24.95284872298624,1088.575,67.29676286498997,3.856608688146281
7770,113.40302381712132,173.10895011669567,3.3076596831885543,652.1990156551317,-0.0,540.085789071496,20.78172888015716,972.975,58.00464176492516,1.8060410073331923
7771,91.2403549367117,142.54284895861545,2.567659683188554,516.976052808314,-0.0,422.6857890714961,15.489783889980352,854.525,49.24049222167894,0.004655718902270678
7772,72.0284707217687,116.51150355552716,1.947659683188554,396.7926558988928,-0.0,311.78578907149614,8.937328094302558,740.4,40.53733905485098,-0.0
7773,65.09601624873174,95.64300961858524,1.487659683188554,296.91416109161264,-0.0,213.68578907149612,4.333791748526522,634.375,33.04640408404331,-0.0
7774,59.42914115429175,76.21808498144821,1.087659683188554,215.6405683864735,-0.0,127.78578907149611,-0.0,530.525,26.189632760250852,-0.0
7775,46.569770620103256,61.14053822180714,0.8176596831885541,151.7985586071978,-0.0,66.98578907149613,-0.0,440.2,20.459694165861443,-0.0
7776,36.12136267674203,50.87203435062139,0.697659683188554,115.41880408327461,-0.0,36.88578907149613,-0.0,360.175,16.551701022466958,-0.0
7777,36.12136267674203,42.96686050135437,0.6276596831885539,96.21418992837795,-0.0,24.585789071496144,-0.0,287.75,13.221762428077545,-0.0
7778,26.627749446511146,36.401447374201176,0.6076596831885539,86.13226509143729,-0.0,26.48578907149615,-0.0,221.925,10.54548929249422,-0.0
7779,26.627749446511146,30.09603424704798,0.6076596831885539,80.53346363505614,-0.0,32.18578907149617,-0.0,164.625,8.359441600094664,-0.0
7780,17.06991176124388,23.538238275276917,0.5876596831885539,70.48711322974549,-0.0,36.18578907149617,-0.0,111.675,6.619681147047428,-0.0
7781,15.435158014825081,12.698059458887982,0.3876596831885539,42.66254154601634,-0.0,22.685789071496167,-0.0,53.27499999999999,4.160371580367729,-0.0
7782,2.4310987955912946,-0.0,0.08801226366888093,-0.0,-0.0,-0.0,-0.0,-0.0,1.1798405469805773,-0.0
7783,-0.0,-0.0,-0.0,-0.0,-0.0,-0.0,-0.0,-0.0,-0.0,-0.0
7784,8.063761415164215,-0.0,0.2822049054675524,-0.0,-0.0,-0.0,-0.0,-0.0,-0.0,-0.0
7785,26.222524552016665,-0.0,0.8821589167092485,-0.0,-0.0,-0.0,-0.0,-0.0,3.820605886410533,-0.0
7786,54.06173590157328,-0.0,1.6821589167092483,153.97781637455594,-0.0,-0.0,-0.0,90.11750000000006,13.112726986475348,-0.0
7787,83.52348218898523,28.573210462658864,2.482158916709248,377.1604925798191,-0.0,-0.0,-0.0,290.11750000000006,22.404848086540163,-0.0
7788,112.98522847639717,98.02673298431147,3.282158916709248,600.3431687850823,-0.0,32.478239063299156,-0.0,490.11750000000006,31.696969186604978,-0.0
7789,142.44697476380912,167.48025550596407,2.8479790495656605,823.5258449903455,-0.0,240.19977899842718,-0.0,690.1175000000001,40.98909028666979,-0.0
7790,166.91468369687482,236.93377802761665,3.6479790495656603,1046.7085211956087,-0.0,447.9213189335552,-0.0,890.1175000000001,50.035146399361295,-0.0
7791,180.7883279867601,286.4417787410567,4.288878385283596,1201.7606192360327,-0.0,592.6186611619222,-0.0,1029.6950000000002,56.525065806121276,3.350505782901732
7792,182.46038583623348,305.46399038069524,4.505089422585589,1256.904263826501,-0.0,652.2028394627317,-0.0,1071.4550000000002,59.4347348024784,6.38914167809457
7793,166.0772577086482,284.53578653759996,4.090498211548287,1177.8800450079548,-0.0,591.702678385663,-0.0,988.2525,56.095763138906946,3.4962297159191493
7794,143.66189722212343,253.45492962452784,3.3504982115482864,1054.67178846756,-0.0,494.4026783856631,-0.0,879.6775,49.14124624695218,0.18012749036714837
7795,124.85677339092996,221.8976420112606,2.6304982115482862,930.9199744840022,-0.0,399.70267838566303,-0.0,771.7524999999999,43.013562084400455,-0.0
7796,104.44988005548394,193.42773227548932,2.010498211548286,818.820611551515,-0.0,314.402678385663,-0.0,673.3525,36.893208839460904,-0.0
7797,86.40222029557732,169.2394875506774,1.4853117015840573,729.6390358348427,-0.0,245.40267838566302,-0.0,583.2025,32.73140833173555,-0.0
7798,70.53013991426766,148.54505140355656,1.1053117015840574,650.3752473339855,-0.0,186.70267838566303,-0.0,495.9275,29.20377147102542,-0.0
7799,56.59825569932466,131.34799313393165,0.8753117015840575,597.8123694295028,-0.0,146.40267838566302,-0.0,420.40250000000003,26.651745520116297,-0.0
7800,55.59022184769074,118.80807346391654,0.7453117015840576,559.9979510703241,-0.0,123.00267838566302,-0.0,351.40250000000003,25.894832290799062,-0.0
7801,46.05584219299924,108.06362738255186,0.6953117015840575,533.692426319053,-0.0,109.20267838566303,-0.0,290.6275,26.137919061481828,-0.0
7802,45.92472440251685,98.86679845656931,0.6853117015840575,512.8175738972708,-0.0,100.40267838566302,-0.0,232.9525,26.976118553756475,-0.0
7803,35.16032650681934,89.47806524174123,0.6653117015840575,492.1338278675811,-0.0,94.00267838566305,-0.0,180.1025,28.075267120607794,-0.0
7804,33.558227884503665,78.1162412828806,0.6053117015840574,462.6669584573319,-0.0,84.90267838566305,-0.0,126.77749999999999,29.730477483627663,-0.0
7805,18.2647743386274,60.880618680572724,0.37531170158405747,401.9853827406597,-0.0,52.002678385663046,-0.0,63.25249999999999,29.48813148585159,-0.0
7806,-0.0,38.37199859357308,0.030840572304547897,322.12980911951894,-0.0,2.7311405119378804,-0.0,-0.0,26.91329234444228,-0.0
7807,1.7500434708408719,41.64466499667566,-0.0,319.5187233714164,-0.0,29.486977494274043,-0.0,-0.0,26.83109889211456,-0.0
7808,8.049326719729603,75.9531752487028,-0.0,419.3831409348511,-0.0,141.61302346451888,-0.0,-0.0,29.582563597055092,-0.0
7809,34.55498250367057,132.8488832535383,0.7999999999999998,587.0553257302215,-0.0,318.1096005768097,-0.0,200.0,35.94025952639021,-0.0
7810,64.01672879108251,202.3024057751909,1.5999999999999996,807.6390366558254,-0.0,525.8311405119377,-0.0,287.24249999999984,43.498691394280485,-0.0
7811,93.47847507849445,271.7559282968435,2.3999999999999995,1030.8217128610886,-0.0,733.5526804470658,-0.0,487.24249999999984,51.72877758856421,-0.0
7812,122.9402213659064,341.20945081849607,2.142672457843639,1254.0043890663517,-0.0,941.2742203821938,-0.0,687.2424999999998,58.65227267361719,-0.0
7813,152.40196765331834,410.66297334014865,2.942672457843639,1477.1870652716148,-0.0,1148.9957603173218,-0.0,887.2424999999998,65.3230998201862,6.271782755593275
7814,179.77470234777036,470.1917356207175,3.742672457843639,1657.3900437631164,-0.0,1325.463673957002,-0.0,1087.2424999999998,70.89893022201949,14.98477384147515
7815,191.6617235685219,510.25729562643113,4.313571793561574,1766.3658721014008,-0.0,1440.7181417842544,-0.0,1218.3174999999999,74.33696880051852,19.885615080612688
7816,198.26599183754962,520.6824572034772,4.500135411343894,1785.4614096421053,-0.0,1470.3880286180256,8.66050841779294,1251.3349999999998,73.90461215471316,20.684379063071
7817,187.4178900047249,493.3312412191227,4.055544200306592,1687.8803010370718,-0.0,1383.8735760739187,11.919056974459707,1160.1324999999997,67.87846871472657,16.151199301191653
7818,170.90768008205174,456.0449305858878,3.325544200306592,1550.9030659464345,-0.0,1261.0735760739187,6.923379174852641,1045.3074999999997,58.68259916366919,7.648430668148862
7819,155.37517088599674,420.056237108035,2.555544200306592,1418.7653967931938,-0.0,1141.4735760739188,1.6899803536345743,931.6824999999997,49.63550779300978,1.1701902636411958
7820,142.47631588688415,386.5999264748001,1.935544200306592,1304.027727639953,-0.0,1033.6735760739189,-0.0,823.1324999999997,41.851809136131095,-0.0
7821,131.23879757032614,355.3250515088822,1.465544200306592,1200.7633776629896,-0.0,945.573576073919,-0.0,725.3324999999998,36.40222682442604,-0.0
7822,120.44607396689847,324.18613862163096,1.045544200306592,1103.3110022033259,-0.0,870.7735760739189,-0.0,633.1074999999997,33.11114994809358,-0.0
7823,111.14103284908293,296.12842212381054,0.765544200306592,1048.9059399496318,-0.0,818.1735760739189,-0.0,551.9074999999997,32.2639166719094,-0.0
7824,104.02656198936135,271.6128491927218,0.6455442003065919,981.9011134388976,-0.0,786.7735760739189,-0.0,482.0324999999997,33.716636093883615,-0.0
7825,96.88804459996405,248.50322840605585,0.5955442003065918,924.6616230929078,-0.0,766.6735760739189,-0.0,417.9324999999997,36.38641368844464,-0.0
7826,90.30451809006372,227.47122477477203,0.5855442003065918,873.8310263548256,-0.0,753.7735760739189,3.4311459280644314,359.9324999999997,39.60496946340364,1.6861646100622387
7827,83.80329085354525,206.81683829887032,0.5955442003065918,826.5311019462323,-0.0,743.1735760739189,33.45491803022552,303.2074999999997,43.0259688775667,-0.0
7828,75.97552164760253,185.9462604006597,0.5755442003065918,786.2144180218468,-0.0,726.5735760739188,61.46356243101138,243.6574999999997,45.65185557013787,-0.0
7829,65.27160280496891,160.5597303580263,0.3955442003065918,706.4046894089715,-0.0,683.4735760739188,81.54941704790726,168.00749999999968,46.048513195943535,-0.0
7830,52.99180057145825,132.29942626275684,0.0758967807869188,606.3205059058046,-0.0,620.63062113427,93.11963734979608,94.32249999999968,43.474445340663294,-0.0
7831,50.67079623330109,125.4499479543864,-0.0,595.6307436602997,-0.0,628.7150410506824,112.30323389412825,116.41499999999968,43.2059635050794,-0.0
7832,61.478070900192876,152.52338544193924,-0.0,630.4535508726503,-0.0,712.1410870209272,138.9699179814528,228.3274999999997,45.263163704453355,-0.0
7833,82.75294875660643,204.71414846669623,0.7760679611650485,770.1235731331011,-0.0,853.6233726661799,172.27724868704126,413.1124999999997,49.0555016778584,-0.0
7834,112.21469504401837,271.9403581291259,1.5760679611650483,967.0389927540366,-0.0,1024.3622201405776,204.6392586365153,613.1124999999997,52.424104020644364,-0.0
7835,141.6764413314303,341.3938806507785,2.376067961165048,1162.2198812709642,-0.0,1203.1150771971434,234.00587241507537,813.1124999999997,61.71622512070918,14.647768087464357
7836,171.13818761884227,410.8474031724311,2.0564716402657117,1358.0293928013627,-0.0,1370.4251001218618,257.6799242200523,1013.1124999999997,63.58570151704278,47.42189986092526
7837,200.59993390625422,476.97088519394754,2.8564716402657115,1537.2485935503023,-0.0,1515.1354049314505,274.6697297306166,1213.1124999999997,69.30421776668759,80.19603163438616
7838,224.0935022200373,527.9114756661038,3.6564716402657114,1700.1840842072406,-0.0,1620.9319820437413,285.14215079489736,1390.4624999999996,73.19379800908149,111.21344976868669
7839,235.69397029929556,555.6281801732208,4.303252427184464,1785.4614096421053,-0.0,1661.7723194810242,286.2810669135753,1493.1874999999998,74.33696880051852,135.70212664911105
7840,234.69467472736818,553.1493836844645,4.303252427184464,1785.0363228184412,-0.0,1647.623017721353,276.88935937690354,1504.8899999999999,72.456979975791,152.18458092918473
7841,217.23942311826477,511.203481484825,3.602235564639755,1657.5738130470684,-0.0,1532.9749643089642,251.3165346380386,1393.26,65.06143783823876,156.90151224700713
7842,194.62737473426762,462.954857546679,2.912235564639755,1501.0071937785588,-0.0,1390.341323171415,219.81594524707592,1260.685,55.76931673817394,155.08377480621945
7843,174.14726977293105,419.2112187071673,2.222235564639755,1354.137493600657,-0.0,1254.5076820338659,190.60789023725272,1134.335,47.48360015866554,149.4038991864761
7844,169.20679576644298,379.98709137763944,1.6322355646397548,1228.4211550702005,-0.0,1129.2740408963166,166.05838139638828,1016.91,40.388109022340906,140.24716845065603
7845,164.83762484730786,343.72795908098965,1.1722355646397549,1115.2097186418848,-0.0,1011.6403997587674,144.3748843433431,903.91,34.59261788601627,128.4217586749376
7846,149.8075381269773,336.4437325421305,0.7422355646397549,1008.1765034919877,-0.0,933.8067586212183,121.15543444157493,791.9599999999999,29.05323584770178,115.10301569547374
7847,136.30821783110736,330.7111809484745,0.42223556463975487,909.285935188879,-0.0,822.373117483669,97.79060143568103,684.6349999999999,24.14801745640251,102.71546774079964
7848,124.87215939944652,298.86611637588965,0.25223556463975494,819.5806605793473,-0.0,722.5394763461198,109.58834265871755,584.5099999999999,24.699795853707418,92.17546696327202
7849,113.93916666562812,267.7451095931258,0.18223556463975488,729.7686626749256,-0.0,624.0058352085706,88.40818548779417,485.7099999999999,21.372679313254814,83.54527747715845
7850,103.37442667551583,236.26982561114238,0.13223556463975483,634.4588350835214,-0.0,522.1721940710214,97.73775382281498,389.75999999999993,17.660224608026557,76.83144014340164
7851,91.5160142474551,203.39621657436217,0.11223556463975483,532.2343011856942,-0.0,414.9385529334722,72.42341197605663,292.05999999999995,13.75998809881859,71.37986692391239
7852,91.37393442802174,168.64237819393963,0.11223556463975483,421.06529924832944,-0.0,344.804911795923,72.8231358858789,190.95999999999998,9.89147159742178,65.62665848918746
7853,77.0633824109338,159.7929769497792,0.07223556463975479,301.1171654361717,-0.0,227.57127065837378,44.597399147175565,88.235,5.105896923438161,57.75546268687012
7854,62.773096639659755,150.064987163705,-0.0,175.50825819731494,-0.0,111.00900631748107,16.397800166448924,-0.0,-0.0,48.91273663672979
7855,58.55834689953009,133.01454789264358,-0.0,102.6119056764364,-0.0,54.64581578344353,1.111942763030477,-0.0,-0.0,43.68235482533609
7856,67.68561868184506,145.1696096174555,0.5794966785896778,109.824006235871,-0.0,80.6100001054673,-0.0,-0.0,1.6252783772258539,43.38202101941413
7857,88.14623325000761,179.81000329044792,0.5794966785896778,182.64113548757402,-0.0,179.41605209692645,9.832599831617422,-0.0,-0.0,47.895121509615834
7858,115.36164522565359,237.97862879622875,0.3456949412365864,312.67834173805045,-0.0,321.40724885160705,45.61773319581433,114.65499999999997,4.684550763844168,55.90639394262119
7859,144.82339151306553,301.82932763854797,1.1456949412365862,509.6672116580785,-0.0,500.7550879739672,67.83254955076833,314.655,13.976671863908983,65.37232239047118
7860,170.86353855871295,364.7939668021167,1.945694941236586,732.8498878633417,-0.0,682.9171782940982,90.62087090484572,514.655,23.268792963973798,74.99750582076845
7861,189.79673453587466,420.2264147789951,2.745694941236586,919.2118447218211,-0.0,854.9795102298324,113.08459708376768,714.655,31.961119839220792,85.09957980188798
7862,199.95698867841207,484.6472080484967,3.5456949412365857,1066.0091426651763,-0.0,991.0852803364213,131.80745080574786,911.2825,32.07118358963374,93.1681876262168
7863,200.19492725189133,489.68257532222543,4.1200153295861,1141.692861047723,-0.0,1065.0347704987353,141.59912146156736,1034.7075,32.07118358963374,97.15547543850406
7864,192.07310850419472,463.1925491344085,4.249647419519672,1226.9635806344772,-0.0,1053.0568052664535,137.61342152084572,1057.3325,33.65407575419158,95.83477949989306
7865,186.57469331802213,445.7763176186345,3.4496474195196725,1075.4318702008513,-0.0,929.3230030518356,114.31051025044088,963.0875,29.653728817206485,85.34710586824733
7866,176.3470341199918,393.1067763059192,2.6496474195196726,889.3757533771605,-0.0,774.5893619142864,84.56650239189472,846.0625,22.397241304463595,71.67741934585374
7867,153.67879961729173,353.58442492798224,2.079647419519673,724.9659257857563,-0.0,626.5557207767372,56.01876172391829,730.3875,15.384644693710557,59.2175441148742
7868,132.63056511459163,336.13572164899267,1.549647419519673,692.7741245447438,-0.0,492.622079639188,63.241257367387036,624.0375,10.113495345743315,47.395404769627106
7869,113.29309703635217,295.6663798771882,1.149647419519673,573.8470712136307,-0.0,413.7884385016388,40.97465618860511,531.1375,5.764291448771003,36.206095664405424
7870,94.33197476117027,260.33273110343265,0.7696474195196732,513.3670424902899,-0.0,300.1547973640895,20.151473477406675,446.1875,2.166309371400718,24.859428090623197
7871,76.92181507681565,229.92502453985608,0.47964741951967316,413.0577763749917,-0.0,244.0211562265403,4.760510805500985,372.1875,-0.0,16.376659846344214
7872,61.33434699857617,201.57280149917375,0.30964741951967323,328.48317409494905,-0.0,168.18751508899112,-0.0,309.4875,-0.0,10.36433179251117
7873,46.99591632950943,171.92988049332055,0.20964741951967317,249.21256332067287,-0.0,111.65387395144191,-0.0,253.9375,-0.0,6.71917349865272
7874,32.920177266557836,140.0176872553697,0.15964741951967312,172.01527172267419,-0.0,72.0202328138927,-0.0,200.1875,-0.0,4.888732141915345
7875,19.379821415836552,107.29526467377651,0.1396474195196731,94.97442268151251,-0.0,44.28659167634347,-0.0,150.21249999999998,-0.0,3.51564925373851
7876,5.331194580403151,73.993799203728,0.08964741951967306,133.13199158217853,-0.0,38.22448841251824,-0.0,97.46249999999998,0.2894213118766764,2.29828961888654
7877,3.96430180683344,39.71447730041118,0.039647419519673016,60.014742455347374,-0.0,17.590847274969043,-0.0,41.537499999999994,0.7592935101208944,1.0842004145059194
7878,2.619832575736625,6.668280666181943,-0.0,-0.0,-0.0,-0.0,-0.0,-0.0,1.6352905452490765,-0.0
7879,-0.0,-0.0,-0.0,20.376373274787554,-0.0,36.570329795710165,-0.0,-0.0,6.059093998681483,-0.0
7880,11.482993137634772,25.493016521324968,0.731259580991313,243.5590494800507,-0.0,161.65378324971067,-0.0,-0.0,14.014320530584177,-0.0
7881,40.94473942504672,80.11034716742618,0.6313157894736847,465.6194866426007,-0.0,363.57914464241367,-0.0,-0.0,23.30644163064899,-0.0
7882,70.18217117008788,149.56386968907879,0.4520797138477266,688.8021628478639,-0.0,571.3006845775417,-0.0,71.02999999999986,32.59856273071381,-0.0
7883,99.64391745749982,219.01739221073137,1.2520797138477264,911.9848390531271,-0.0,779.0222245126697,-0.0,271.02999999999986,41.89068383077863,-0.0
7884,129.10566374491177,288.47091473238396,2.0520797138477263,1135.1675152583903,-0.0,986.7437644477977,-0.0,471.02999999999986,51.182804930843446,-0.0
7885,158.56741003232372,357.92443725403655,2.852079713847726,1358.3501914636533,-0.0,1194.4653043829258,-0.0,671.0299999999999,60.474926030908264,-0.0
7886,185.33698910835736,417.0324234562579,2.676497189575881,1581.5328676689164,-0.0,1391.104755896331,-0.0,871.0299999999999,69.69726435720789,-0.0
7887,202.4847491583228,454.6653761040511,3.476497189575881,1729.5040275400825,-0.0,1512.4164701302705,29.055575337065196,1023.1099999999999,74.24015318728836,-0.0
7888,206.37619995202166,490.28358843968095,3.9920030659172197,1774.6809866571646,-0.0,1536.7292716344234,46.63791509755721,1070.0974999999999,74.05967199110518,-0.0
7889,191.89322937529408,456.43990281604584,3.8396474195196726,1684.4615773431315,-0.0,1439.643402024393,41.612770137524556,996.8574999999998,67.58120922887247,-0.0
7890,170.57267735820614,411.21891590176966,3.0396474195196728,1544.8664560581503,-0.0,1303.743402024393,29.825933202357568,901.5824999999999,58.33425976373783,-0.0
7891,148.8959757044273,391.80569614567435,2.549647419519673,1387.787300796235,-0.0,1164.943402024393,18.512770137524562,803.5324999999999,49.794593914373785,-0.0
7892,127.40850762618781,344.1482884654469,1.7496474195196732,1327.29737651388,-0.0,1028.543402024393,8.586444007858553,707.4074999999999,40.908593523815824,-0.0
7893,120.61911941286961,298.1013593409918,1.3096474195196732,1174.3906298318677,-0.0,899.8434020243928,2.837524557956783,619.3824999999999,32.903091321466995,-0.0
7894,114.59146021483929,252.5530044834635,0.9396474195196731,1026.5967682635294,-0.0,780.7434020243928,-0.0,534.4825,26.004872734888743,-0.0
7895,97.58745016717558,210.7767931926669,0.7196474195196731,900.0513662404951,-0.0,686.0434020243928,-0.0,461.5825,21.926108658259768,-0.0
7896,82.8624775286846,172.4584383351386,0.6196474195196731,794.5593258649059,-0.0,615.5434020243928,-0.0,397.9575,20.325351828794272,-0.0
7897,82.04558475511489,164.18474995751475,0.549647419519673,701.1681960856912,-0.0,559.0434020243928,-0.0,336.78249999999997,19.69287499151762,-0.0
7898,81.37330876931487,128.6637729774824,0.539647419519673,614.0819684086175,-0.0,508.94340202439275,-0.0,274.4575,19.428678146429807,-0.0
7899,68.4258406910754,94.14183888590539,0.559647419519673,537.4095364415923,-0.0,462.14340202439274,-0.0,212.60750000000002,19.35715038372982,-0.0
7900,55.36953137002985,60.584660549320276,0.509647419519673,458.88157251410456,-0.0,413.74340202439276,-0.0,147.9075,19.3758480642136,-0.0
7901,39.53976401840853,50.999526570135586,0.289647419519673,366.1020681319209,-0.0,343.94340202439275,-0.0,69.73249999999999,17.428709391712594,-0.0
7902,34.660500074181385,39.53865551518355,-0.0,261.7809451210509,-0.0,259.68619588697294,-0.0,-0.0,13.91954349503056,-0.0
7903,40.84926578301876,23.833416792992224,0.020337250894225833,352.6547219902941,-0.0,239.07085741898845,-0.0,-0.0,12.974291970759037,-0.0
7904,47.566660016596416,71.65550081867437,-0.0,438.59862606054423,-0.0,292.8544316807904,-0.0,-0.0,15.635431079753591,-0.0
7905,64.98647039383219,112.7840603976726,0.7460679611650483,596.0589624777259,-0.0,422.62270774387514,-0.0,16.43749999999966,20.356049751136634,-0.0
7906,89.2620152570592,168.49863245437547,1.546067961165048,798.4784882205264,-0.0,620.3793684244831,-0.0,216.43749999999966,26.05520119813921,-0.0
7907,117.59026532772461,231.43696310864414,2.3460679611650477,1021.6611644257896,-0.0,820.8894316184688,-0.0,416.43749999999966,32.79732480639876,-0.0
7908,145.66672855780158,300.8904856302967,3.1460679611650475,1240.7439845071456,-0.0,1022.9422081365003,-0.0,616.4374999999997,38.64227769692692,-0.0
7909,169.99521983261323,359.13030037034395,3.1460679611650475,1433.6356974571238,-0.0,1199.209517737173,18.801000895088286,816.4374999999997,42.931572108138006,-0.0
7910,199.45696612002519,428.58382289199653,3.7605416453755742,1579.26138390978,-0.0,1328.4059337723952,50.64342059286803,1013.7874999999997,44.220949168764605,-0.0
7911,208.6322088535794,477.1827963778328,4.319557996934082,1653.6935592016443,-0.0,1413.2266799235642,69.95040400520323,1137.8524999999997,42.03713135087287,-0.0
7912,205.59725601892015,469.33824815674177,4.451650485436892,1740.5420404450074,-0.0,1390.867903284725,72.91150048630345,1163.6949999999997,37.513037528031425,9.271711206479313
7913,197.93781859879138,450.8698937058846,3.9596474195196723,1584.4226408871473,-0.0,1253.5962848724653,56.78428290766209,1064.4924999999998,28.22091642796661,14.335734527475399
7914,171.2353414000489,393.4382088264376,3.1796474195196724,1496.4738356131918,-0.0,1084.3962848724652,35.038899803536346,938.6924999999999,18.928795327901796,14.378500050407705
7915,146.0296023370973,365.3247597266999,2.4196474195196727,1300.5928591585275,-0.0,926.1962848724653,18.44086444007859,821.5674999999999,9.636674227836982,14.304913420983258
7916,132.60055408012013,313.85592631339927,1.769647419519673,1121.1296699196782,-0.0,807.1626437349161,7.9599214145383215,712.1674999999999,0.3445531277721674,13.742899233520443
7917,112.47444092544126,265.64685362221246,1.269647419519673,962.2664806808291,-0.0,681.462643734916,1.8941060903732847,614.5674999999999,-0.0,11.166294044248449
7918,94.16005678605025,219.98206806448908,0.9096474195196729,815.5508403909093,-0.0,587.6290025973668,-0.0,527.0174999999999,1.1968941350136344,7.384909144581332
7919,77.30182228335016,177.64752178465184,0.6896474195196729,683.7658724304786,-0.0,513.1953614598176,-0.0,450.54249999999996,-0.0,3.1249079782898974
7920,75.24877987308953,167.38978555145076,0.549647419519673,571.2382576232593,-0.0,438.0953614598176,-0.0,382.0925,-0.0,0.8600011662914362
7921,61.16573241625309,130.0711914160363,0.509647419519673,471.34621724767004,-0.0,377.8953614598176,-0.0,318.2175,-0.0,-0.0
7922,47.62537656553181,122.06726376052627,0.509647419519673,383.3461938605478,-0.0,348.86172032226835,-0.0,258.36749999999995,0.1593095666796991,-0.0
7923,48.036754776674215,115.67095326039839,0.529647419519673,304.15597467770766,-0.0,324.22807918471915,-0.0,198.84249999999997,-0.0,-0.0
7924,34.601978304549895,80.74330630228476,0.48964741951967294,230.79334691496447,-0.0,295.8944380471699,-0.0,137.89249999999998,-0.0,-0.0
7925,18.304510226310423,41.98922864397603,0.319647419519673,139.3445148622698,-0.0,245.86079690962066,-0.0,64.7175,-0.0,-0.0
7926,-0.0,-0.0,-0.0,35.792262536087605,-0.0,184.1842008324226,-0.0,-0.0,-0.0,-0.0
7927,5.542468108564297,-0.0,0.026571282575370392,-0.0,-0.0,209.4349393420187,-0.0,-0.0,-0.0,-0.0
7928,12.347254887449111,17.7889809974905,0.5173582013285638,80.77275183171824,-0.0,304.1180706418819,-0.0,-0.0,3.0051597918012583,-0.0
7929,41.80900117486105,62.27185431668181,1.3173582013285636,255.2677524537981,-0.0,496.5952175451273,-0.0,113.46749999999997,9.941246761671382,-0.0
7930,68.59213111410514,124.27515937218007,1.3173582013285636,478.45042865906123,-0.0,704.3167574802553,29.44146274653174,313.4675,18.653117854174695,-0.0
7931,98.05387740151708,193.7286818938327,2.1173582013285634,701.6331048643244,-0.0,912.0382974153833,65.22659611072865,513.4675,27.932350198133975,-0.0
7932,127.51562368892903,263.1822044154853,2.9173582013285633,924.8157810695876,-0.0,1119.7598373505114,101.01172947492556,713.4675,36.86743392816271,-0.0
7933,155.09218251077272,332.63572693713786,3.717358201328563,1147.9984572748508,-0.0,1327.4813772856394,136.79686283912247,913.4675,44.14685917887438,-0.0
7934,176.6939798737708,384.3754535570902,3.717358201328563,1336.8957431956892,-0.0,1518.1012375129308,172.5819962033194,1108.4675,48.71445389676355,4.258457913925746
7935,188.69595528963083,441.3354234018497,4.377432294328052,1451.969756222621,-0.0,1636.879068993718,197.62121345116913,1226.44,48.822100930224444,24.728534328889175
7936,201.55381974109685,469.3297605071774,3.7275472662238114,1468.1968889514867,-0.0,1661.7723194810242,204.0766871716628,1247.38,44.07457730032828,38.14353473144041
7937,183.27851212452128,428.7692001526299,3.280720490546755,1350.1186416499595,-0.0,1558.8527684641772,187.8909234240627,1147.1275,34.78245620026347,43.904242759192364
7938,159.02894093926665,379.34129404814246,2.5407204905467546,1194.2826947109388,-0.0,1415.619127326628,162.90192538869923,1019.3775,25.490335100198653,43.66839201550035
7939,136.03322011732106,330.40671796557376,1.870720490546755,1040.02097754457,-0.0,1272.5854861890787,136.86950888575228,895.2525,20.165425689742136,42.06046586612673
7940,115.22480768926033,285.0959504606961,1.300720490546755,902.9463752645274,-0.0,1137.5518450515294,113.55025544763834,780.7025,10.873304589677321,40.1722882348931
7941,109.04793315669664,272.2824715582269,0.9007204905467552,862.7281888780797,-0.0,1015.8182039139803,92.99131635137115,675.3025,2.054658797479549,38.8497710837103
7942,91.72547419896017,233.03313972066627,0.5907204905467551,752.6437823937549,-0.0,898.184562776431,74.84554031993697,575.7275000000001,0.26635667324230994,37.35354331161021
7943,76.06743586262674,196.4683342944552,0.3907204905467551,752.6437823937549,-0.0,795.5509216388818,60.424322245280784,485.90250000000003,-0.0,37.4983218557139
7944,62.481322707947854,163.58138530151243,0.32072049054675505,665.1584653130558,-0.0,711.0172805013326,51.41449906256959,407.2525,1.5994796797424726,39.690647576964075
7945,63.168868796787194,132.49229274183796,0.31072049054675505,582.3682461302155,-0.0,637.3836393637835,46.47834975019238,335.5525,-0.0,43.035426121067765
7946,52.0848769901295,130.45786666206794,0.3607204905467551,503.2731248452343,-0.0,572.0499982262343,44.634734818954655,270.4775,4.023821468099863,47.53919834896767
7947,41.78204394066574,129.247249159989,0.43072049054675515,426.6691099523456,-0.0,511.81635708868504,44.74966605667568,208.1525,0.5866465597814656,53.149511437810276
7948,37.188819177976114,99.02743876665602,0.45072049054675517,343.59975889471235,-0.0,452.18271595113583,45.851434229563694,145.2775,5.017751643651909,58.20737170379937
7949,24.250032658188083,63.754298351404316,0.29072049054675525,346.56657052355433,-0.0,373.0490748135866,39.80408648889572,71.2025,0.45179129139415847,60.057055893610084
7950,8.158126250913787,53.447294608429104,0.008484925907000507,220.68844347974124,-0.0,281.9153531375031,29.68654842649056,-0.0,-0.0,59.24502112701189
7951,-0.0,38.206626756886195,-0.0,182.98137088623312,-0.0,267.8662124549007,30.28089528691782,-0.0,1.8236082707591272,62.79102638353312
7952,4.3275908705961434,52.43415107383072,0.44690853346959614,244.55858096571393,-0.0,337.38732102947415,45.10209969656395,59.832499999999726,7.5728621463175525,74.48537343288264
7953,33.33014112047414,121.15105560120408,0.44690853346959614,372.81265745472984,-0.0,466.9361266142463,67.92083670261121,255.77999999999975,15.505984674463454,92.5272104390974
7954,62.79188740788608,190.60457812285668,1.246908533469596,546.0039160548714,-0.0,628.8272428303926,94.47942969688948,455.77999999999975,23.40453838904964,115.35699830218228
7955,89.12650098924084,260.0581006445093,2.046908533469596,739.1612004130494,-0.0,803.8752027605542,120.69745367600407,655.7799999999997,30.225452825749926,140.3953366012195
7956,118.58824727665278,322.2196312114763,2.8469085334695956,939.4680867810894,-0.0,984.0374138884868,146.91893361127185,855.7799999999997,37.80559298272428,167.9060116045894
7957,144.20236976850262,377.76406919979615,3.6469085334695954,1128.21168593076,-0.0,1141.4998666320223,165.73715166633266,1055.7799999999997,43.512630844730225,192.54781369273917
7958,163.88265926152468,421.1859525167259,4.446908533469595,1275.299062787391,-0.0,1259.334300211222,176.9095727306134,1238.995,47.757725981663654,211.71219242971648
7959,173.87445267682105,441.61981906952263,4.81039090444558,1352.0243971626376,-0.0,1305.1124538461465,176.93882883353385,1342.915,48.1362665008441,221.25451926962876
7960,169.68296150839427,441.61981906952263,4.984366377107818,1328.0816403752435,-0.0,1268.134569152399,163.131702945988,1348.1175,44.79692032533265,220.79570021132236
7961,148.89993674202287,422.88039997279304,4.537187020950435,1180.8726128786725,-0.0,1131.1865157400102,131.98133595284872,1232.6725000000001,36.181152391702064,207.64090194081507
7962,122.25514202889254,368.78846588121604,3.7971870209504344,1003.0606149742507,-0.0,971.552874602461,96.20137524557956,1094.8975,26.88903129163725,187.80907723946584
7963,96.01708545155309,330.85437219127067,3.057187020950434,842.5722169841595,-0.0,824.2192334649118,65.34990176817288,959.4475,17.596910191572434,166.9019067019636
7964,71.8867296008318,282.9309924981328,2.4271870209504343,696.5154019199317,-0.0,693.7855923273626,40.91178781925343,834.6975,9.618477227834612,145.96693750545492
7965,63.51850014470752,238.64475140460473,1.9271870209504343,571.7634889578451,-0.0,581.0519511898134,23.119056974459717,725.0725,4.466829691658242,125.45825768802894
7966,44.330657974740745,197.9080317553043,1.5271870209504343,463.7907078705514,-0.0,480.2183100522642,8.337721021610996,622.6475,1.0956330418494105,105.18077289539269
7967,27.716666168083048,160.8246421279226,1.1971870209504343,376.5099437717247,-0.0,397.58466891471494,0.007465618860507561,529.5725,-0.0,85.74265920372454
7968,13.306524724734436,127.20648681130515,0.9971870209504344,417.39692528523676,-0.0,337.3510277771657,-0.0,450.0224999999999,-0.0,68.80454551205641
7969,12.72369672184648,124.17871084112876,0.8771870209504343,356.59529306120317,-0.0,286.9173866396165,-0.0,375.3974999999999,2.438436001482618,52.872972681330964
7970,12.684522915900946,121.85307843768406,0.7771870209504342,297.3501033940065,-0.0,241.6837455020673,-0.0,302.12249999999995,5.715875626546975,38.761022433433624
7971,12.72169491301299,91.42706668779832,0.6871870209504342,241.6920286131359,-0.0,197.75010436451808,-0.0,230.79749999999996,5.715875626546975,26.930958882631955
7972,12.109829500952303,60.267246360221506,0.5571870209504343,184.05174104808026,-0.0,149.51646322696885,4.313365232744125,157.59749999999997,1.3810970555910433,17.13850528225082
7973,10.74065569500677,54.36257106832149,0.3671870209504343,113.64121521613913,-0.0,85.18282208941963,4.449318081467112,74.57249999999999,-0.0,8.334479239908053
7974,7.6775955771143565,18.517623964308136,0.11977516607051608,24.97367897035386,-0.0,7.5776833474124174,-0.0,-0.0,0.7250590265757165,0.5308272989989806
7975,-0.0,-0.0,-0.0,-0.0,-0.0,-0.0,-0.0,-0.0,-0.0,-0.0
7976,3.8813984846057963,10.505615614681542,0.20103474706182922,85.46967055268357,-0.0,67.19758384396997,-0.0,-0.0,-0.0,-0.0
7977,26.889196898154204,49.76256651950723,0.2748926928972919,250.14585537120362,-0.0,205.35140736294778,-0.0,139.10750000000007,2.1176421049508924,-0.0
7978,45.20511234495312,106.78111738167729,1.0748926928972917,468.52079545273887,-0.0,389.83320977699447,-0.0,339.1075000000001,6.852740729214267,17.02897654580907
7979,74.35766839044653,175.21185547137503,1.8748926928972915,691.7034716580021,-0.0,592.4433132402473,26.73950087579486,539.1075000000001,10.515247863170897,38.24940803311244
7980,103.81941467785848,244.66537799302762,2.6748926928972914,914.8861478632653,-0.0,792.039125236462,62.52463423999177,739.1075000000001,14.310889646072983,63.007472289733144
7981,133.28116096527043,305.94632441313877,3.474892692897291,1137.3216399987743,-0.0,970.4637617823561,98.30976760418868,939.1075000000001,23.603010746137798,85.41547975745212
7982,154.25430826899583,354.1572410658604,4.274892692897291,1310.1741147710652,-0.0,1106.9603388946468,128.428080773935,1126.855,31.688978295426118,103.11600402769898
7983,163.55966301749442,406.1890215585442,4.745792028615226,1391.4855294336344,-0.0,1183.1955375899227,142.35089257722345,1231.885,34.46639891223963,112.63075755582977
7984,173.27486137516476,399.8579394436735,4.867179356157383,1378.2541695503598,-0.0,1164.903361429137,136.96984448735103,1240.3025,33.68160713777226,114.92027874031002
7985,153.60206925717205,355.6764561210558,4.352235564639754,1229.729061784267,-0.0,1017.2088323925979,115.9125736738703,1130.98,27.703929636069564,106.88125177121505
7986,128.65982470680825,330.5565564526354,3.5522355646397545,1041.921055385612,-0.0,857.6751912550486,86.94813359528484,999.5050000000001,18.41180853600475,92.849175199242
7987,110.70159413574885,306.81093398343455,2.7622355646397545,865.9308362027717,-0.0,701.8415501174994,60.84597249508839,872.4300000000001,11.377171870573598,77.69093518349814
7988,103.86438199346988,261.4006351000854,2.1122355646397546,705.4890765652356,-0.0,560.3079089799502,37.80609037328093,756.9050000000001,5.808371558127227,62.762254977308345
7989,86.78871589454235,248.94166274047817,1.5822355646397548,568.7264488024923,-0.0,435.974267842401,20.03791748526522,649.2800000000001,2.3346839672727437,48.56640501114396
7990,84.66055940244213,211.98873180038115,1.1422355646397548,449.08651035770515,-0.0,325.8406267048518,5.528290766208251,552.6800000000001,-0.0,35.85747332309416
7991,72.61644439344184,179.4886523264305,0.8722355646397548,355.717720776178,-0.0,243.00698556730256,-0.0,468.43,-0.0,25.296088812190856
7992,63.02887135386579,151.52761574093518,0.7022355646397549,288.75075238739987,-0.0,186.17334442975334,-0.0,393.13,-0.0,16.439609946994576
7993,54.37860670817458,125.33633987755368,0.6222355646397548,235.66781797555575,-0.0,148.43970329220411,-0.0,325.555,-0.0,9.89948323415505
7994,46.54641688082883,100.52911186974943,0.6022355646397548,200.01646648957512,-0.0,124.0060621546549,-0.0,263.13,-0.0,6.89206082602903
7995,39.32133928100127,77.22354887290453,0.5922355646397548,170.8006894352245,-0.0,106.87242101710567,-0.0,202.45499999999998,0.22114131968783823,5.415707507380843
7996,31.168757120922212,53.34012944279134,0.5422355646397548,136.72447831827043,-0.0,91.53877987955644,-0.0,140.73,8.335190342187449,5.06224720203211
7997,19.657315477031062,44.95875932997062,0.3222355646397548,79.16024171861582,-0.0,53.705138742007215,-0.0,67.58,6.122215316701667,3.22186861856878
7998,4.807512710146179,10.185814114886675,-0.0,-0.0,-0.0,-0.0,-0.0,-0.0,1.7356855278613805,-0.0
7999,-0.0,-0.0,-0.0,-0.0,-0.0,-0.0,-0.0,-0.0,-0.0,-0.0
8000,-0.0,18.930503692286656,0.49784619315278467,72.017570230314,-0.0,-0.0,-0.0,-0.0,1.8207699958131194,-0.0
8001,9.82360890210364,65.59345436149377,1.2978461931527845,219.40470933736492,-0.0,-0.0,-0.0,-0.0,6.737321826451716,-0.0
8002,27.313182587374598,128.66149492191585,0.9026085845682161,416.3249248033191,-0.0,26.794366425402927,-0.0,102.39749999999992,12.594898079544654,-0.0
8003,50.94930392102545,198.11501744356843,1.702608584568216,632.0801509584535,-0.0,234.51590636053095,-0.0,302.3974999999999,18.837198770462656,-0.0
8004,80.41105020843739,267.568539965221,2.5026085845682156,842.761604326759,-0.0,440.8688036863639,-0.0,502.3974999999999,24.173244843679843,-0.0
8005,109.87279649584933,332.7360007922046,2.2041875319366384,1037.8256091040596,-0.0,623.3791084959526,-0.0,702.3974999999999,27.967395055551407,-0.0
8006,133.90841426037798,383.83281123664364,3.0041875319366382,1183.8063680252305,-0.0,759.4899770752816,-0.0,889.8675,29.746966081614126,-0.0
8007,148.64151847165346,413.19091129252195,3.640615738375064,1265.9689846475476,-0.0,833.5731083751448,9.93360669338609,1004.185,29.47530886334433,7.2866799665252415
8008,149.8943570352682,414.12158185445065,3.8097675012774657,1251.9986309283026,-0.0,827.4430757474505,9.93360669338609,1020.025,29.47530886334433,20.159516313826085
8009,134.18967621763298,375.32697798506894,3.37,1111.9911970007163,-0.0,720.1857890714963,5.901375245579565,923.5575,21.6057547681156,22.96441084602707
8010,113.42727198291456,329.30881273420766,2.66,940.150234582246,-0.0,595.4857890714962,-0.0,810.7325,12.665994315068364,19.13359168335399
8011,95.01296080754761,287.2168289714115,1.97,782.9110933565246,-0.0,485.08578907149627,-0.0,705.7075,5.462746544557216,14.9831499378528
8012,78.94405108541699,248.12507455225762,1.3699999999999999,645.2559861077373,-0.0,392.8857890714962,-0.0,609.8575,0.4326187428014343,10.760632786669998
8013,65.55400084709845,214.085932321364,0.8799999999999999,526.1146745689985,-0.0,316.58578907149627,-0.0,522.3075,0.4326187428014343,7.00868176124504
8014,54.23972615374353,183.3401201123891,0.49,419.46047791658566,-0.0,248.08578907149627,-0.0,442.90749999999997,0.4326187428014343,2.432202507284952
8015,44.38179726344619,154.97835575899143,0.21999999999999997,330.7933961504989,-0.0,192.78578907149625,-0.0,369.65749999999997,-0.0,-0.0
8016,36.84098060066704,129.2370699613661,0.06000000000000005,278.70045541095647,-0.0,154.68578907149623,-0.0,307.9575,-0.0,-0.0
8017,30.648042589866694,106.07840628624481,0.020000000000000018,246.36381023139887,-0.0,126.48578907149621,-0.0,252.9575,-0.0,-0.0
8018,24.83394582187242,84.02212545574142,-0.0,191.15317102214908,-0.0,102.58578907149621,-0.0,201.5825,-0.0,-0.0
8019,19.16061547833876,62.3815574917746,0.040000000000000036,166.99474712101,-0.0,81.58578907149621,-0.0,149.3075,-0.0,-0.0
8020,13.072668347035403,41.98431954972652,0.08000000000000007,114.48901001390124,-0.0,60.28578907149619,-0.0,97.4325,-0.0,-0.0
8021,6.9164502310199305,20.970650907483332,0.09000000000000008,56.617936742047974,-0.0,31.185789071496167,-0.0,41.9825,-0.0,-0.0
8022,-0.0,-0.0,-0.0,-0.0,-0.0,-0.0,-0.0,-0.0,-0.0,-0.0
8023,-0.0,-0.0,0.28033725089422584,-0.0,-0.0,-0.0,-0.0,-0.0,0.7544452206203438,-0.0
8024,6.58210767986251,-0.0,-0.0,-0.0,-0.0,-0.0,-0.0,-0.0,7.663207430512269,-0.0
8025,26.20300780159344,-0.0,0.7999999999999998,-0.0,-0.0,-0.0,-0.0,-0.0,16.955328530577084,-0.0
8026,53.67149569369454,-0.0,1.5999999999999996,-0.0,-0.0,-0.0,-0.0,50.25499999999988,26.2474496306419,-0.0
8027,83.13324198110648,-0.0,1.6238170669391918,81.18244830153506,-0.0,34.10784838429174,-0.0,250.25499999999988,35.539570730706714,-0.0
8028,112.59498826851842,5.007048077229911,1.6386918753193653,304.3651245067982,-0.0,241.82938831941976,-0.0,450.2549999999999,44.831691830771526,-0.0
8029,142.05673455593038,74.46057059888251,2.438691875319365,527.5478007120614,-0.0,449.5509282545478,-0.0,650.2549999999999,52.62476389303872,-0.0
8030,166.6434097519731,143.9140931205351,2.6397675012774657,739.8715364575861,-0.0,636.5188016249608,-0.0,850.2549999999999,57.54024969878088,-0.0
8031,181.59796372749597,193.72995547916375,3.4397675012774656,876.0192055187663,-0.0,754.1732291829461,30.091963693026422,996.4975,59.426431527994566,-0.0
8032,184.345370125016,213.0879097880704,2.6397675012774657,908.3377814976952,-0.0,779.8573672144885,38.62664198390049,1036.9475,56.812089848885456,-0.0
8033,168.55040642068354,192.8834268568261,2.41,806.8399169005781,-0.0,682.9429146703817,31.34106090373281,950.3225,47.69402740990738,-0.0
8034,147.83848572372852,163.46710628934738,1.8800000000000001,672.9857202481653,-0.0,555.5429146703817,17.001375245579567,838.3475,38.401906309842566,-0.0
8035,128.5361909350462,136.98149362128333,1.36,544.1155575726866,-0.0,437.7429146703817,6.031630648330058,732.2975,29.10978520977775,-0.0
8036,110.43063428215476,113.17087598609737,0.9200000000000002,431.4551991014899,-0.0,335.7429146703817,1.169548133595292,632.1475,20.83600301524008,-0.0
8037,94.57796540174513,91.88168408398461,0.6000000000000001,335.3997427324341,-0.0,247.84291467038173,-0.0,541.6975,13.620726256075018,-0.0
8038,79.24702553662338,71.95630075956291,0.29000000000000004,247.0185161360303,-0.0,167.54291467038172,-0.0,453.7475,7.471285849894736,-0.0
8039,65.56512308067437,56.04019960148269,0.10000000000000009,173.55598735181607,-0.0,107.6429146703817,-0.0,378.1975,2.9827945182911217,-0.0
8040,54.21245420026474,43.95290205397163,-0.0,128.60816487402488,-0.0,70.7429146703817,-0.0,311.7975,0.7747540730550457,-0.0
8041,43.448056304567224,34.486790961647586,0.010000000000000009,96.13548276526018,-0.0,48.242914670381666,-0.0,251.5975,0.2252190631915787,-0.0
8042,34.12923778746668,27.15400989124226,0.010000000000000009,74.26371125286997,-0.0,34.54291467038165,-0.0,195.2475,0.1634658573078247,-0.0
8043,25.261578027560056,20.350750265064594,0.040000000000000036,59.44039928578377,-0.0,27.14291467038164,-0.0,142.2975,0.8919380946078355,-0.0
8044,17.994634174030892,14.027012083114588,0.10000000000000009,42.69131709134959,-0.0,21.44291467038165,-0.0,91.8725,1.5155230534997322,-0.0
8045,9.582946125454546,6.789704601359691,0.15000000000000013,23.12843918686687,-0.0,11.242914670381662,-0.0,38.8475,1.751326208411919,-0.0
8046,0.7317923863343587,-0.0,0.2051762902401637,-0.0,-0.0,-0.0,-0.0,-0.0,1.6660831295820877,-0.0
8047,-0.0,-0.0,-0.0,-0.0,-0.0,-0.0,-0.0,-0.0,4.608967574607167,-0.0
8048,13.77750979491265,-0.0,0.7999999999999998,-0.0,-0.0,-0.0,-0.0,-0.0,11.914095888660778,-0.0
8049,40.292068815991186,-0.0,1.5999999999999996,-0.0,-0.0,-0.0,-0.0,-0.0,21.206216988725593,-0.0
8050,69.75381510340313,-0.0,1.555940214614205,-0.0,-0.0,-0.0,-0.0,23.307499999999777,30.49833808879041,-0.0
8051,99.21556139081507,-0.0,1.6616402657128249,-0.0,-0.0,-0.0,-0.0,223.30749999999978,39.79045918885522,-0.0
8052,128.677307678227,-0.0,1.7428691875319353,-0.0,-0.0,-0.0,-0.0,423.3074999999998,49.08258028892004,-0.0
8053,158.13905396563896,17.698438507859308,2.5428691875319354,165.10245076811427,-0.0,202.65422621164953,-0.0,623.3074999999998,58.37470138898486,-0.0
8054,187.60080025305092,87.15196102951191,3.342869187531935,299.16095486807853,-0.0,410.37576614677755,-0.0,823.3074999999998,67.27059077925297,-0.0
8055,207.24808413452934,143.37907687751908,3.072235564639754,466.3471548980093,-0.0,567.0731486444117,-0.0,977.6674999999998,73.2064851832512,-0.0
8056,213.5079901408288,169.50333844296813,3.072235564639754,534.5087069620067,-0.0,632.8716586815266,-0.0,1032.5974999999999,74.33696880051852,2.3163390525552305
8057,201.3185899252899,156.2793872082812,2.2722355646397543,478.0669324261864,-0.0,581.3000805385343,0.8921414538310444,956.5975,69.06861893632498,7.465920125950841
8058,183.73725772743484,133.02781246155058,1.8522355646397544,382.81819935202066,-0.0,493.50008053853435,-0.0,858.8475,60.77289129079238,6.997491012857228
8059,165.252467499004,110.7136155923159,1.4122355646397544,289.7446066468815,-0.0,401.50008053853435,-0.0,761.4975,52.784447261030365,4.817615393113886
8060,147.91229405834287,89.80703587846335,0.9722355646397545,213.3808181460243,-0.0,313.9000805385343,-0.0,671.0474999999999,45.72767593723791,2.7328341276635157
8061,131.07019543602718,69.83855187576526,0.6422355646397544,147.4001530257266,-0.0,235.5000805385343,-0.0,585.4725,39.85868641742517,1.7382415707990972
8062,115.28059225345999,51.162450717685054,0.3722355646397544,90.88482407017341,-0.0,163.3000805385343,-0.0,504.92249999999996,35.38236598000025,0.7272968615779263
8063,101.45118523725947,37.091344592482926,0.24223556463975449,54.122856762065226,-0.0,111.60008053853431,-0.0,434.04749999999996,33.0377182485449,-0.0
8064,90.45871252321649,28.256419955345898,0.20223556463975445,38.279587266146564,-0.0,83.70008053853431,-0.0,372.1475,32.224743223059114,-0.0
8065,81.70048250521592,21.830059650891847,0.24223556463975449,33.341219872368924,-0.0,69.9000805385343,-0.0,313.67249999999996,32.92638273095608,-0.0
8066,74.17649518325773,17.826311534698014,0.31223556463975455,33.985975859150784,-0.0,64.60008053853431,-0.0,255.52249999999998,34.023134960444935,-0.0
8067,67.64309636039951,16.10922346234163,0.3822355646397546,40.41385522649213,-0.0,65.00008053853432,-0.0,198.9475,35.51499991152567,-0.0
8068,61.12028603664126,14.48474757824546,0.41223556463975464,48.068415417556,-0.0,63.400080538534326,-0.0,139.3225,36.43125395280539,-0.0
8069,52.535176439501186,8.97169742722248,0.28223556463975474,31.301196887038344,-0.0,40.400080538534326,-0.0,68.7225,35.23533709990642,-0.0
8070,41.870993484550574,-0.0,-0.0,-0.0,-0.0,-0.0,-0.0,-0.0,31.931959548578423,-0.0
8071,40.83922667325808,-0.0,-0.0,-0.0,-0.0,-0.0,-0.0,-0.0,30.957272246828314,-0.0
8072,53.363705839446595,-0.0,-0.0,-0.0,-0.0,-0.0,-0.0,-0.0,33.03685269179633,6.721520704204313
8073,77.09405917986899,-0.0,0.7999999999999998,-0.0,-0.0,-0.0,-0.0,93.00999999999976,37.71298625771889,31.37699401819039
8074,106.55580546728093,-0.0,1.5999999999999996,96.16023658480995,-0.0,86.71505246030893,-0.0,293.00999999999976,44.084710771847796,60.928526583555374
8075,136.01755175469287,16.13155074783137,2.3999999999999995,319.3429127900731,-0.0,294.43659239543695,-0.0,493.00999999999976,50.796497535682846,92.77062221728026
8076,165.47929804210483,85.58507326948397,2.3999999999999995,542.5255889953363,-0.0,502.15813233056497,-0.0,693.0099999999998,56.30735175482433,124.81110519632601
8077,194.94104432951679,155.03859579113657,3.1999999999999993,765.7082652005995,-0.0,709.879672265693,-0.0,893.0099999999998,60.93901031986109,154.28084130682143
8078,219.9976882793269,224.4921183127892,3.999999999999999,985.9104342107377,-0.0,887.1620787187471,-0.0,1080.0099999999998,63.52081642472177,178.831647713195
8079,234.2031194098006,273.9317737213643,3.24943791517629,1124.0749633846417,-0.0,989.2025369638317,22.747962735180828,1191.3774999999998,62.17087491384993,196.55044243522107
8080,235.69397029929556,291.3626711214201,3.4075319366377106,1157.63958997713,-0.0,998.944163017664,36.78758710537537,1202.2749999999999,56.713850263172176,204.5088813976942
8081,219.35458832476266,270.5265175857157,2.9448237097598366,1070.4474140758998,-0.0,910.4726251439388,32.72141453831043,1101.61,47.42172916310736,200.32566792415022
8082,197.48019042906515,239.9789906945623,2.2048237097598364,941.511566115408,-0.0,789.5726251439388,21.41787819253439,981.6599999999999,38.12960806304254,188.81975479594797
8083,175.18809180674947,208.9543252037991,1.5048237097598363,812.6054798880307,-0.0,671.4726251439388,10.357760314341853,862.0099999999999,28.837486962977724,177.85484798394953
8084,154.71271307921867,180.66085610246677,0.9448237097598362,697.2638192290234,-0.0,567.9726251439388,3.878781925343816,753.2349999999999,19.54536586291291,169.0407587795689
8085,135.28309165564548,155.34501409076037,0.5448237097598363,591.7687969225711,-0.0,480.1726251439387,0.7375245579567817,655.41,10.830136405589439,162.46931110662774
8086,117.46191914214504,130.7629905909889,0.26482370975983627,491.9026257528589,-0.0,400.97262514393867,-0.0,566.51,10.830136405589439,156.78805214227253
8087,101.41324206839309,108.9716849248759,0.13482370975983637,406.54933969682065,-0.0,339.57262514393864,-0.0,488.28499999999997,4.992961497271041,152.89698188650328
8088,87.45745276712296,90.75394855856781,0.10482370975983635,343.1187429587384,-0.0,295.2726251439386,-0.0,416.86,0.672844761539455,150.29773555455563
8089,75.41282222304676,75.81335079186951,0.1648237097598364,291.98905681703064,-0.0,257.7726251439386,-0.0,349.985,-0.0,147.89194836166527
8090,64.34838784533721,63.109891624781,0.2648237097598365,253.09494510695288,-0.0,227.17262514393866,-0.0,288.61,-0.0,147.0943372449533
8091,53.174149633994325,50.667618912879504,0.34482370975983656,216.20573549901613,-0.0,196.77262514393865,3.2095106450255884,227.45999999999998,5.153050534865372,147.4655311034516
8092,41.52914499819083,38.42462836731951,0.3948237097598366,173.5689769421499,-0.0,162.97262514393867,3.2095106450255884,163.98499999999999,9.784155618735815,147.74817146859965
8093,27.19144875627218,21.323542110605036,0.2848237097598365,106.96198011839815,-0.0,100.17262514393867,5.9851491519018225,85.285,9.784155618735815,144.87835901089417
8094,10.669099777946034,-0.0,-0.0,20.328759456747065,-0.0,14.629710473557012,-0.0,-0.0,1.365465025201686,139.06801771317396
8095,3.3825207635970944,-0.0,-0.0,-0.0,-0.0,-0.0,-0.0,-0.0,-0.0,138.318964308488
8096,10.477104891122186,-0.0,-0.0,-0.0,-0.0,-0.0,-0.0,-0.0,-0.0,143.69782365729253
8097,29.313478896739262,-0.0,0.7999999999999998,73.41800991520995,-0.0,-0.0,-0.0,-0.0,3.298978575050901,154.31106868052038
8098,54.90173702503849,-0.0,1.5999999999999996,274.06067233547844,-0.0,100.94827460572077,-0.0,94.19749999999999,8.608420343631597,168.00048907364797
8099,82.52562589972408,46.69607677959087,1.2328794072560034,496.7239788722421,-0.0,295.94416714046974,-0.0,294.1975,16.267199148506975,183.74430418296913
8100,110.40354124525103,116.14959930124347,2.0328794072560035,719.9066550775053,-0.0,496.3828535377989,-0.0,494.1975,17.198643604058613,199.622913727872
8101,135.39533973771995,185.60312182289607,1.6286509964230964,932.7897977764593,-0.0,680.4789474188838,-0.0,694.1975,17.776825917655657,211.85028618427003
8102,154.26884866132025,246.16478197215434,2.4286509964230962,1107.0216202845145,-0.0,829.2612733334036,25.371159111389275,879.3774999999999,17.776825917655657,217.82173182565393
8103,164.4926599068736,286.1746655796305,3.0344941236586607,1213.8813642387197,-0.0,917.2301534354957,43.54877047798441,993.8249999999999,21.600193582905543,217.22691650496722
8104,163.61264144610539,297.33723118664744,3.1752963719979554,1233.8439407759047,-0.0,923.6573269452213,49.71475997880239,1011.5,21.600193582905543,208.49298066223486
8105,146.06450783367382,273.76028642643143,2.764823709759836,1137.996921398576,-0.0,823.7429146703817,38.85206286836934,917.5875,16.067917634014904,189.27889542069653
8106,124.01125045416421,242.61990806913164,2.124823709759836,1007.5819415632913,-0.0,697.4429146703816,23.43889980353633,805.4625,10.018666435200995,165.4014106280603
8107,112.88453504407885,212.8333382895229,1.5148237097598363,885.5540766143325,-0.0,579.0429146703816,11.70884086444007,698.6875,4.77425521295361,141.41084411353864
8108,93.70496822483321,185.8389120766459,0.9948237097598362,774.7479903869553,-0.0,472.54291467038166,4.327897838899801,603.0125,1.4420148848849212,118.51537195330997
8109,75.89786048201452,162.8373472641591,0.6348237097598362,679.1152233358555,-0.0,383.54291467038166,0.5903732809430196,518.6125000000001,-0.0,97.61826457784561
8110,68.7992016492686,139.8357923859161,0.3348237097598361,587.0290946373108,-0.0,303.14291467038163,-0.0,443.6125,-0.0,78.3244276328526
8111,53.2045711051924,119.64186459729909,0.1848237097598362,512.1687361661141,-0.0,241.74291467038162,-0.0,379.6875,2.6335487230745027,62.19121958689149
8112,39.232436000864695,101.39865464234057,0.13482370975983615,447.7737138596618,-0.0,195.94291467038164,-0.0,326.0625,1.6372695120015859,49.1235460856693
8113,26.251067320997606,83.87997109873163,0.15482370975983617,390.56090433739456,-0.0,161.44291467038164,-0.0,274.4875,-0.0,38.5820360282179
8114,23.908736050303247,67.66152683300886,0.22482370975983623,337.4778565482418,-0.0,133.64291467038166,-0.0,226.3875,-0.0,30.569959845008658
8115,21.868329961263427,52.79641258920482,0.33482370975983633,284.58591515118155,-0.0,110.84291467038165,-0.0,177.8625,1.057748605907113,24.53486471318806
8116,10.031774235532684,38.098197667124396,0.3848237097598364,232.86421202100684,-0.0,87.74291467038165,-0.0,126.7375,2.75934081196249,18.96857455657773
8117,5.683881827247373,20.230212088686315,0.24482370975983647,162.93942798144008,-0.0,47.24291467038166,-0.0,62.787499999999994,2.8267693710026496,10.861278083763615
8118,-0.0,-0.0,-0.0,88.51715061335712,-0.0,-0.0,-0.0,-0.0,1.6341007708774602,2.0542880307136135
8119,-0.0,-0.0,-0.0,108.24095381814982,-0.0,-0.0,-0.0,-0.0,3.550958949762227,-0.0
8120,9.649589612371376,-0.0,0.5152580480327029,225.93786490382257,-0.0,-0.0,-0.0,-0.0,8.76919255238111,-0.0
8121,30.47355468086486,-0.0,0.5152580480327029,425.04448203590766,-0.0,19.164647706234405,-0.0,6.732499999999959,17.423626254541507,-0.0
8122,58.50325241752121,-0.0,0.5152580480327029,648.2271582411709,-0.0,226.88618764136243,-0.0,206.73249999999996,26.71574735460632,-0.0
8123,87.96499870493315,63.93060179283417,1.3152580480327027,871.409834446434,-0.0,434.60772757649045,-0.0,406.73249999999996,36.00786845467114,-0.0
8124,117.42674499234509,133.38412431448677,2.1152580480327026,1094.5925106516972,-0.0,642.3292675116185,-0.0,606.7325,45.29998955473596,-0.0
8125,146.22249078706633,202.83764683613936,2.1152580480327026,1317.7751868569603,-0.0,850.0508074467465,-0.0,806.7325,53.44478488608563,-0.0
8126,167.6075034116117,270.12870939939,2.9152580480327024,1514.8153358552013,-0.0,1032.8187210864266,-0.0,1006.7325,58.69172086299033,-0.0
8127,178.58103697100677,314.0516718734108,3.61427439959121,1638.8705245611902,-0.0,1146.673188913679,28.547025122123983,1137.3975,60.067519957516225,-0.0
8128,176.42965396416196,328.3328343949215,3.8682498722534477,1665.3170313243118,-0.0,1169.7716586815268,44.206873840189814,1164.7450000000001,57.68004618494382,-0.0
8129,167.08051946106272,301.66068550825315,3.2148237097598367,1555.2772019838692,-0.0,1074.4857890714964,38.49705304518664,1070.6725000000001,49.18795058555652,-0.0
8130,142.21203855367744,265.86461415290444,2.4948237097598365,1399.0714648767605,-0.0,945.5857890714963,25.638703339882127,954.0725000000001,39.8958294854917,-0.0
8131,121.17373663111655,231.2821120973606,1.8348237097598363,1245.1657277696518,-0.0,822.5857890714963,14.135166994106093,842.0975000000001,30.603708385426888,-0.0
8132,97.9589099206737,198.70365789739398,1.2248237097598365,1105.91643321938,-0.0,707.8857890714962,7.218467583497052,734.7975000000001,21.311587285362073,-0.0
8133,77.36638248361268,170.0859215310859,0.8048237097598365,982.2622365669672,-0.0,604.1857890714962,3.2677799607072657,640.7975000000001,13.301197804605128,-0.0
8134,57.60980851687593,143.27319013189972,0.46482370975983645,865.2982357102724,-0.0,501.8857890714961,-0.0,553.3725000000001,13.301197804605128,-0.0
8135,49.953038383772515,120.14260229944526,0.2748237097598365,764.12534124567,-0.0,411.2857890714961,-0.0,476.27250000000004,7.495695602256298,-0.0
8136,33.98165146289941,100.39153591121844,0.22482370975983645,682.0662424911162,-0.0,336.3857890714961,-0.0,407.8475,3.2853061214993495,-0.0
8137,29.21103096648691,83.66808667837375,0.2548237097598365,615.9169479408445,-0.0,273.48578907149613,-0.0,342.7475,8.423694821140375,-0.0
8138,25.168485288419877,68.75201532302502,0.32482370975983654,560.0388022538327,-0.0,222.48578907149613,-0.0,281.7725,8.423694821140375,-0.0
8139,21.200556398122536,54.55284328939992,0.3748237097598366,516.231805430081,-0.0,180.38578907149613,-0.0,220.77249999999998,6.425476234562122,-0.0
8140,17.05109465890397,41.09818773288056,0.4148237097598366,475.75639153219277,-0.0,141.08578907149615,-0.0,156.0725,6.425476234562122,-0.0
8141,10.350866495224789,23.55377145424737,0.3048237097598365,414.497854253745,-0.0,82.08578907149615,0.7529153163872806,77.5975,2.3760358283818412,-0.0
8142,0.8569841346031879,-0.0,-0.0,327.5041995294904,-0.0,-0.0,-0.0,-0.0,2.3760358283818412,-0.0
8143,-0.0,-0.0,0.025986203372508787,312.9028063752006,-0.0,-0.0,-0.0,-0.0,-0.0,-0.0
8144,3.0442404682281,-0.0,0.5284236075625955,410.6624357133075,-0.0,-0.0,-0.0,-0.0,-0.0,-0.0
8145,16.69866970400808,-0.0,0.39042922841083394,586.0480764849883,-0.0,5.41694511586627,-0.0,120.58249999999998,1.9115960476561629,-0.0
8146,38.48441280437625,-0.0,1.1904292284108338,803.7094404623609,-0.0,210.31299872768398,-0.0,320.5825,5.388605607965653,-0.0
8147,62.932396882173904,59.83933050137141,1.9904292284108336,1026.8921166676241,-0.0,418.034538662812,-0.0,520.5825,8.95530751379057,22.497828315077083
8148,87.07517203744517,129.292853023024,1.9904292284108336,1250.0747928728872,-0.0,625.75607859794,-0.0,720.5825,12.616478786202148,48.79755684854285
8149,109.28578491322418,198.7463755446766,2.7904292284108334,1461.2465356620926,-0.0,830.4663431382615,-0.0,920.5825,14.98216936774426,72.6936405917633
8150,125.91698177592171,258.8320998404175,3.5904292284108332,1624.42533926207,-0.0,992.6914226460943,-0.0,1118.2925,15.423120563596767,90.1892594746434
8151,134.0027035977803,298.4287427261531,4.2121538068472155,1717.088963850858,-0.0,1094.9744734074231,13.613172484453322,1242.2575,14.211360388949974,101.2101800206235
8152,134.0027035977803,309.91551453903537,4.381778231987736,1729.1742364565428,-0.0,1113.6158175763853,28.071117455121055,1266.435,10.033836406159235,103.54303639027029
8153,114.81262656268818,286.1244346389825,3.96648185998978,1626.6576642910632,-0.0,1019.8442394333931,24.191552062868375,1169.59,8.26514820074276,94.38154876295188
8154,98.75625497127722,254.43834341514614,3.3164818599897803,1497.3862418989413,-0.0,894.4442394333931,12.58801571709234,1048.04,3.818335322309835,78.23161075869831
8155,87.34242733367365,225.48486437956996,2.67648185998978,1377.0246237111016,-0.0,775.8442394333931,4.20530451866405,933.6149999999999,0.7664985787670897,61.92104385541284
8156,78.48360881657311,199.1925717991808,2.1064818599897803,1273.4025714606585,-0.0,672.6442394333931,-0.0,825.0899999999999,-0.0,47.266200205452236
8157,72.10325745055134,178.05813565205995,1.7164818599897804,1182.3369617670523,-0.0,588.2442394333931,-0.0,731.3399999999999,0.9749486840187043,35.16380937834515
8158,66.66656028147199,157.85608234955697,1.3664818599897803,1094.0664499713052,-0.0,510.2442394333931,-0.0,639.515,-0.0,23.515506589327252
8159,51.95890052156537,139.23402904705398,1.0864818599897803,1015.5701679482099,-0.0,445.94423943339314,-0.0,555.39,2.21883958600856,14.73273834504827
8160,39.358352989176936,123.33602360012823,0.9164818599897804,955.9352305840927,-0.0,397.9442394333931,-0.0,478.615,0.31833532230983685,8.971227898833062
8161,36.91837571488246,107.89111883147886,0.7764818599897805,900.7429400667639,-0.0,355.4442394333931,-0.0,404.865,0.31833532230983685,4.976887212592446
8162,24.526080926200123,92.14836756380504,0.7364818599897804,840.2488283566862,-0.0,315.7442394333931,-0.0,333.84000000000003,4.74450582593057,3.3497162863264207
8163,21.369543441475397,73.31015264172461,0.6764818599897804,763.8955423006479,-0.0,271.2442394333931,-0.0,257.46500000000003,4.74450582593057,2.2962559809776883
8164,17.110492275996158,52.84004336504249,0.5864818599897803,676.6097627223716,-0.0,222.14423943339312,0.7980410677146565,179.565,-0.0,2.7132358660748976
8165,9.712385460338178,29.26779052162866,0.3864818599897803,567.3626384851173,-0.0,151.9442394333931,2.879377020563375,87.31500000000001,1.0189341896917483,1.9924798654396745
8166,-0.0,5.7060550997852815,0.07907000510986201,454.2513171724045,-0.0,71.78703329597326,-0.0,-0.0,0.24582551859280422,-0.0
8167,-0.0,-0.0,-0.0,408.7187939635172,-0.0,76.98578494869109,-0.0,-0.0,0.24582551859280422,-0.0
8168,4.942365840560658,-0.0,-0.0,471.3223156246827,-0.0,175.29757972116494,-0.0,-0.0,-0.0,-0.0
8169,17.62695811592391,-0.0,-0.0,632.7281319226493,-0.0,343.5084483004939,-0.0,-0.0,2.426981867167987,-0.0
8170,37.660324248999075,-0.0,0.5270209504343379,855.9108081279124,-0.0,551.2299882356219,-0.0,178.07749999999987,6.420020601994526,-0.0
8171,63.6307065471739,38.84234475341282,1.3270209504343378,1079.0934843331756,-0.0,758.95152817075,-0.0,378.0774999999999,11.744889601969112,-0.0
8172,89.8173750052774,108.29586727506542,2.1270209504343374,1302.2761605384387,-0.0,966.673068105878,-0.0,578.0774999999999,16.353471715485952,22.62976295239791
8173,116.21817596230731,176.94455894386056,2.1270209504343374,1525.291242403711,-0.0,1174.394608041006,7.329667475834242,778.0774999999999,19.941540692929117,43.931071893618764
8174,136.638149975223,232.8184611311116,2.285454777721002,1695.0648146632677,-0.0,1341.2910643454952,42.03616762159152,978.0774999999999,21.505899282752438,62.11380267159495
8175,148.0745303756288,266.63557746871555,3.0752963719979562,1785.4614096421053,-0.0,1439.074074837557,65.36772849118341,1107.2475,21.505899282752438,75.71704226974671
8176,145.77530150043808,270.91453220372443,3.0752963719979562,1769.4438493436555,-0.0,1444.2439616713282,73.85357130075096,1132.48,21.505899282752438,81.51844231595271
8177,127.17321096323815,238.63649511883938,2.79,1623.2953676500192,-0.0,1328.5723835283359,62.43398821218072,1038.0875,12.45344500615692,76.43698999295628
8178,103.56858041916195,196.52974566680746,2.16,1442.4406095215004,-0.0,1176.1723835283358,41.920628683693494,918.4375000000001,7.2529246858993925,65.00818385145459
8179,80.41357578335845,157.85156054745852,1.51,1271.0570002562415,-0.0,1033.4723835283357,25.04322200392925,805.0875000000001,3.1377425304175173,52.50239665856425
8180,59.37780472309434,122.90813118310149,1.01,1116.8476207636347,-0.0,906.5723835283358,12.867779960707253,704.2375000000001,0.7859530887163668,39.26881080666743
8181,40.67741687506054,92.4049311623868,0.6300000000000001,973.3066583451644,-0.0,793.4723835283357,6.79803536345775,612.0375,-0.0,27.57132562526737
8182,32.71144964842976,66.2181519076234,0.30000000000000004,819.8194066944075,-0.0,684.6723835283358,1.6754420432219987,526.5875,-0.0,17.223022836249466
8183,25.291980509088553,44.867554140925094,0.08000000000000007,665.480963709223,-0.0,584.4723835283357,-0.0,446.6375,-0.0,8.832078515792102
8184,22.35833079684564,29.200515739787857,-0.0,515.2753633665451,-0.0,497.2723835283357,0.4880352175710456,376.5875,-0.0,3.8066687400736576
8185,12.267194765357232,19.745122481122323,0.040000000000000036,384.4924523418232,-0.0,417.1723835283357,3.029489048612298,311.8125,-0.0,0.8451582938584501
8186,4.101656353471807,16.495422220505723,-0.0,288.0687156630618,-0.0,340.6723835283357,5.631257221500313,248.1125,4.120069433889993,-0.0
8187,8.492874318383286,14.92595130353147,0.09000000000000008,209.18636611444597,-0.0,267.6723835283357,8.117897693013084,188.3125,4.120069433889993,-0.0
8188,4.21373643257348,13.61052824213445,0.03741185487991828,139.06061586298443,-0.0,193.77238352833567,8.923398675331363,126.5375,-0.0,-0.0
8189,-0.0,8.357019403826783,0.057411854879918296,55.317483131496644,-0.0,109.67238352833566,5.764656042718393,59.3625,-0.0,-0.0
8190,-0.0,-0.0,-0.0,-0.0,-0.0,22.558051792030327,-0.0,-0.0,-0.0,-0.0
8191,-0.0,-0.0,-0.0,-0.0,-0.0,-0.0,-0.0,-0.0,1.4116478971766462,-0.0
8192,-0.0,-0.0,-0.0,-0.0,-0.0,-0.0,-0.0,-0.0,-0.0,-0.0
8193,0.3365031460391563,-0.0,0.7999999999999998,-0.0,-0.0,-0.0,-0.0,-0.0,1.9784753731116478,-0.0
8194,29.7982494334511,-0.0,0.27854368932038787,-0.0,-0.0,-0.0,-0.0,-0.0,7.119487674766434,-0.0
8195,59.259995720863046,-0.0,0.03354624425140429,-0.0,-0.0,-0.0,-0.0,192.83999999999992,13.905482831976132,-0.0
8196,88.72174200827499,-0.0,0.8335462442514041,223.18267620526316,-0.0,108.4608665179262,-0.0,392.8399999999999,21.023150695155394,13.757685861237519
8197,118.18348829568693,55.57739169941311,1.633546244251404,428.9996866634484,-0.0,316.1824064530542,-0.0,592.8399999999999,28.11490456966449,42.09015413416232
8198,147.64523458309887,125.03091422106571,2.4335462442514038,652.1823628687116,-0.0,523.9039463881822,-0.0,792.8399999999999,34.32066497012502,64.40201236661655
8199,165.63477997149295,180.23412031371572,2.262708226877874,820.9857792518211,-0.0,669.9586558310377,-0.0,943.525,37.12652754348103,78.28155249495914
8200,168.7470011409777,200.04103418598072,2.262708226877874,871.6567995312769,-0.0,719.0573269452212,9.459332023575648,983.3525,35.72659368704159,82.97928544870356
8201,152.73756444342675,180.03176097468952,2.05,788.1167416979226,-0.0,655.8572061374198,10.965225933202369,906.2425,28.781137642630497,75.6666737940032
8202,131.2956255054657,151.28234966317825,1.5599999999999998,663.3772513519328,-0.0,556.0572061374198,5.580550098231832,805.3924999999999,19.489016542565682,62.36918861260314
8203,111.04254605131675,123.66555053992718,1.0899999999999999,548.3733354375731,-0.0,458.3572061374198,1.101571709233795,704.4925,10.761568889221923,48.356986494081994
8204,92.99101768709502,100.38517218262739,0.6799999999999999,441.2961003469359,-0.0,370.4572061374198,-0.0,611.2425,10.761568889221923,34.78742590700031
8205,77.05815264031874,80.37550172474228,0.3699999999999999,349.15843119369515,-0.0,295.5572061374198,-0.0,525.8675,5.280408475230484,23.463777281829447
8206,63.412025729333344,63.39701772204419,0.1299999999999999,269.11677053468793,-0.0,227.35720613741984,-0.0,443.74249999999995,4.013637251268095,13.19421669474777
8207,51.668020166369146,50.957815885687594,-0.0,207.74534814256623,-0.0,172.95720613741983,-0.0,374.0925,0.9665931824502803,5.339373044787166
8208,42.4088275575413,41.63813549355866,-0.0,164.013491687841,-0.0,134.95720613741983,-0.0,311.1175,-0.0,1.3582400157438563
8209,34.786176918137684,33.66679009047036,-0.0,125.52029057413776,-0.0,109.65720613741982,-0.0,255.1925,-0.0,-0.0
8210,27.81275985427346,26.799731820845466,-0.0,93.60531073885303,-0.0,89.15720613741982,-0.0,203.3925,-0.0,-0.0
8211,21.51126797206377,20.84838641775717,0.1399999999999999,67.39124149994282,-0.0,70.55720613741983,-0.0,151.5175,-0.0,-0.0
8212,15.359776089854082,14.912753881205465,0.2799999999999998,48.94341902215163,-0.0,50.65720613741982,-0.0,99.4675,-0.0,-0.0
8213,8.266162859623195,7.925934889466742,0.2799999999999998,25.93026037961593,-0.0,25.15720613741982,-0.0,43.517500000000005,0.029777335824912876,-0.0
8214,-0.0,-0.0,0.39517629024016343,-0.0,-0.0,-0.0,-0.0,-0.0,-0.0,-0.0
8215,-0.0,-0.0,0.888101686254471,-0.0,-0.0,-0.0,-0.0,-0.0,-0.0,-0.0
8216,-0.0,-0.0,0.3100664282064379,-0.0,-0.0,-0.0,-0.0,-0.0,-0.0,-0.0
8217,-0.0,-0.0,0.10131067961164997,-0.0,-0.0,-0.0,-0.0,-0.0,-0.0,-0.0
8218,28.197879470172094,-0.0,0.14948645886561007,-0.0,-0.0,-0.0,-0.0,-0.0,-0.0,-0.0
8219,57.65962575758404,-0.0,0.24518650996422997,-0.0,-0.0,-0.0,-0.0,90.63749999999993,3.815382374087001,-0.0
8220,87.12137204499598,-0.0,0.351944302503831,-0.0,-0.0,38.41687694574853,-0.0,290.63749999999993,13.107503474151816,-0.0
8221,116.58311833240792,-0.0,0.4477644353602436,56.43959942553553,-0.0,246.13841688087655,-0.0,490.63749999999993,22.39962457421663,-0.0
8222,146.04486461981986,8.084597442145864,1.2477644353602435,279.6222756307987,-0.0,453.85995681600457,-0.0,690.6374999999999,30.5818969514241,-0.0
8223,169.08647951779392,69.63279259259278,2.0477644353602433,469.3122356679552,-0.0,607.6717113192112,-0.0,835.7425,35.79234178940594,-0.0
8224,178.87692036692377,101.33679501166799,1.832708226877874,561.4079915757557,-0.0,674.3988848289367,-0.0,880.3125,36.91443401324368,-0.0
8225,171.30987414778477,95.34228661843531,1.7699999999999998,528.8651858162038,-0.0,631.684472554097,-0.0,809.5725,32.487789123776636,-0.0
8226,157.79032568823564,79.90044279108702,1.39,460.0805291901396,-0.0,556.8844725540971,-0.0,716.8725,25.787126897994327,-0.0
8227,144.7328985767077,65.70168970777127,0.99,392.3314469957054,-0.0,483.3844725540971,-0.0,626.4975,19.37180283698767,-0.0
8228,132.31470504071916,51.87650592426041,0.6399999999999999,335.6783732955047,-0.0,415.78447255409714,-0.0,540.2975,13.927202407373912,-0.0
8229,121.40016570167305,41.371322140749555,0.4099999999999999,284.2470783168855,-0.0,357.18447255409717,-0.0,460.3225,9.353325609153053,-0.0
8230,110.97100957485723,31.32447334627934,0.18999999999999995,239.6722258951033,-0.0,303.9844725540972,-0.0,387.9225,5.594063344314947,-0.0
8231,101.72377862969596,23.795241707191252,0.06000000000000005,208.63294790495115,-0.0,263.68447255409717,-0.0,325.0475,4.029866499227133,-0.0
8232,93.74674385090134,18.32124437886742,-0.0,190.6816953974995,-0.0,236.68447255409717,-0.0,267.77250000000004,3.9144005326956943,-0.0
8233,88.750671662934,18.26295991708018,-0.0,200.61356627060738,-0.0,237.68447255409717,-0.0,224.3975,6.533050911337883,-0.0
8234,84.22459947496665,18.186819022024643,0.1499999999999999,215.51077330845973,-0.0,245.3844725540972,-0.0,185.0225,9.668759462566882,-0.0
8235,79.72487309005687,18.22686954927805,0.27,227.9990867384046,-0.0,254.6844725540972,-0.0,146.6975,13.223969825586753,-0.0
8236,74.6005299173774,16.28120720999486,0.3600000000000001,232.25672783886046,-0.0,258.8844725540972,-0.0,105.7975,16.625514729800535,-0.0
8237,66.05771959361915,10.06221484879294,0.25,211.5312455587568,-0.0,239.68447255409717,-0.0,50.6725,17.31488873983562,-0.0
8238,55.86986420072011,-0.0,-0.0,177.41910537815033,-0.0,206.97014081779184,-0.0,-0.0,16.40207497291433,-0.0
8239,56.395923669590964,-0.0,0.19257281553398053,235.60299015000618,-0.0,246.48342555315082,-0.0,-0.0,19.416102019837496,-0.0
8240,69.29876342539897,0.7216778970671669,0.771596831885539,392.44538736750303,-0.0,371.86687900715134,-0.0,-0.0,24.93716305503196,-0.0
8241,92.77286056767119,70.17520041871977,1.5715968318855387,615.6280635727662,-0.0,573.9064513283581,-0.0,-0.0,33.47698037411659,-0.0
8242,122.23460685508313,139.62872294037237,1.2103628002043942,838.8107397780294,-0.0,781.6279912634861,-0.0,196.02999999999975,42.76910147418141,-0.0
8243,151.69635314249507,209.08224546202496,2.010362800204394,1061.9934159832926,-0.0,989.3495311986142,-0.0,396.02999999999975,52.06122257424623,-0.0
8244,181.15809942990703,278.53576798367754,2.810362800204394,1285.1760921885557,-0.0,1197.0710711337422,-0.0,596.0299999999997,61.12588768666435,-0.0
8245,208.0531962685971,347.98929050533013,2.422889626980071,1508.3587683938188,-0.0,1404.7926110688702,-0.0,796.0299999999997,68.27852750981457,-0.0
8246,227.17554461717512,413.2504887713019,2.422889626980071,1691.899488254696,-0.0,1569.9034796481992,-0.0,996.0299999999997,72.907118604122,-0.0
8247,235.69397029929556,452.6842071816184,3.0527312212570257,1785.4614096421053,-0.0,1661.7723194810242,28.585152867265258,1126.5949999999998,74.33696880051852,-0.0
8248,229.61526792887332,458.3704227071321,3.2627082268778738,1783.212827893898,-0.0,1659.7994527214826,41.45435715536789,1152.0774999999999,72.23457548078107,-0.0
8249,207.20666901968437,425.6297535654992,2.834823709759836,1650.888060361048,-0.0,1545.0707489796048,33.83693516699411,1057.885,64.5100692167358,2.474596055738722
8250,178.52467535870528,385.29585557961366,2.1748237097598357,1476.9808511814585,-0.0,1395.2707489796048,18.7294695481336,939.4599999999999,55.21794811667098,1.787927704428867
8251,161.61499921211404,345.9648090598745,1.5348237097598358,1313.9785441040103,-0.0,1251.4707489796049,6.99567779960708,827.2599999999999,46.66112949103693,0.7816367702909162
8252,146.85398638296823,311.0747097174362,1.004823709759836,1167.2464752934475,-0.0,1124.170748979605,0.3544204322200457,725.9599999999999,39.967703579183606,-0.0
8253,128.15336451016015,280.56603610807105,0.6148237097598361,1041.8321936986997,-0.0,1015.270748979605,-0.0,635.06,34.74255765951912,-0.0
8254,118.64563178622947,252.46950606543763,0.3348237097598361,930.5179121039519,-0.0,914.770748979605,-0.0,548.885,30.9198553790587,-0.0
8255,101.75809522866544,228.58488031164975,0.1948237097598362,839.0174262192526,-0.0,832.5707489796049,-0.0,475.735,28.153262196608424,-0.0
8256,87.14882965581353,207.51382385766678,0.16482370975983618,769.8138594251612,-0.0,768.6707489796049,-0.0,407.61,26.518389021969305,-0.0
8257,83.27494729519194,189.17228884791146,0.1848237097598362,712.758752176374,-0.0,712.270748979605,-0.0,344.885,24.876232231559605,-0.0
8258,70.0045229651461,171.54051456026997,0.2748237097598363,656.4383087628421,-0.0,655.370748979605,4.332239539771443,283.035,22.702402735180335,-0.0
8259,66.82217345344571,155.0385009947423,0.36482370975983636,599.5000781334953,-0.0,595.1707489796049,4.332239539771443,221.11,20.56029324661223,-0.0
8260,52.92713233563018,137.6302960069057,0.4248237097598364,537.965839009915,-0.0,528.4707489796049,8.503948773563188,156.685,18.164518299238033,-0.0
8261,45.248240854505575,114.4906652859959,0.2948237097598365,450.1524680115417,-0.0,437.5707489796049,6.503948773563188,78.68499999999999,13.376074269476014,-0.0
8262,34.797958501182585,85.86929654485405,-0.0,336.9002165545067,-0.0,328.4564172432996,-0.0,-0.0,6.552951168817392,-0.0
8263,34.959534287570456,84.24389703953364,-0.0,314.7495150266726,-0.0,294.5124555719716,-0.0,-0.0,2.3047740793413336,-0.0
8264,48.89134657364289,114.7314414985299,0.5163157894736841,398.09410544480465,-0.0,361.65295408632323,-0.0,-0.0,2.2256582023176037,-0.0
8265,74.43737409810856,169.86825426779353,1.3163157894736839,561.278503006559,-0.0,501.40689841310257,-0.0,27.80250000000001,6.124398248027282,-0.0
8266,96.56751312136262,239.00391670592126,0.9114307613694426,775.8569788468274,-0.0,696.7459069645691,-0.0,227.8025,12.35789227439653,-0.0
8267,126.02925940877456,308.45743922757384,1.7114307613694424,999.0396550520906,-0.0,904.4674468996972,-0.0,427.8025,18.62038728364523,-0.0
8268,155.4910056961865,377.91096174922643,2.511430761369442,1222.2223312573537,-0.0,1110.3062138355606,-0.0,627.8025,24.571097041779772,-0.0
8269,184.95275198359846,446.95945741935094,3.311430761369442,1434.307990753607,-0.0,1298.5165991836836,-0.0,827.8025,28.832628028587266,-0.0
8270,209.15802978720924,503.37547142735804,3.8987864077669907,1606.7535048510706,-0.0,1444.8846739004325,-0.0,1007.555,31.04644518064046,-0.0
8271,224.0791911091984,538.8470764552548,4.509685743484926,1710.5803054174012,-0.0,1531.7107198706774,7.09878553366611,1112.82,30.617325519010592,1.5253069026724333
8272,227.89422526931253,545.3435558494658,4.640367910066429,1751.5000094906534,-0.0,1537.452184847441,7.09878553366611,1121.955,27.53594695526752,10.76916403302339
8273,214.8774436958647,517.2145806503465,3.8403679100664285,1674.6772746372428,-0.0,1441.5520640396394,6.898821218074644,1030.2475,20.35340337788943,11.516609854437728
8274,198.08413159333708,481.87493006094905,3.0903679100664285,1542.9742693192575,-0.0,1318.1520640396393,1.859724950884079,919.1725,16.078732831346187,6.4710737546435695
8275,182.35237058073668,448.95122168173054,2.3803679100664286,1425.1295277508582,-0.0,1202.6520640396393,-0.0,808.0975,8.431594158845185,2.477990477702921
8276,168.07618894673323,420.3127476132763,1.7603679100664285,1354.9507972006181,-0.0,1103.6520640396393,-0.0,708.9475,10.42590274912998,0.03899523885145939
8277,156.19596078305403,394.5071349452123,1.3003679100664285,1269.467400291197,-0.0,1020.7520640396393,-0.0,621.6225,5.283651355037092,-0.0
8278,144.35571437836884,369.29391505600995,0.9603679100664284,1218.1343974971373,-0.0,943.4520640396394,-0.0,541.5475,-0.0,-0.0
8279,133.33621615713824,345.12356650144164,0.7303679100664284,1140.047358202218,-0.0,876.8520640396393,-0.0,471.02250000000004,-0.0,-0.0
8280,123.3376622857289,320.991802148044,0.6103679100664283,1100.8413853521495,-0.0,821.6520640396393,-0.0,408.24750000000006,1.5929689499961928,-0.0
8281,113.83659473356504,296.0905262846625,0.5603679100664283,1056.6464764230059,-0.0,766.8520640396393,-0.0,347.5975,6.202081281030116,-0.0
8282,104.37878904561029,271.03330821110205,0.5403679100664283,1007.3101803637169,-0.0,730.7184229020901,-0.0,287.8725,3.3526408748498344,-0.0
8283,95.19732916071312,244.9610951046635,0.5603679100664283,919.637635019383,-0.0,669.6184229020901,-0.0,227.9475,1.4617059040421623,-0.0
8284,85.26433642689473,217.90888199822498,0.5303679100664282,823.3384088513267,-0.0,602.8184229020901,-0.0,161.3225,-0.0,-0.0
8285,73.6098108441551,187.34023819159137,0.34036791006642825,738.1736107755661,-0.0,516.6184229020901,3.203826995274909,81.7975,4.61634864496291,-0.0
8286,59.761595115835256,154.82527121909035,0.03295605518650996,609.2658337389696,-0.0,414.1183826328229,-0.0,-0.0,-0.0,-0.0
8287,55.199681843120416,146.75648219440458,-0.0,575.248483078997,-0.0,395.03959255171856,-0.0,-0.0,-0.0,-0.0
8288,64.7605924659486,169.77774120859027,0.3934951456310679,630.9870205714539,-0.0,453.86098301116215,-0.0,101.18249999999989,-0.0,-0.0
8289,85.51079934494865,218.87080771203085,1.1362698007153802,783.5014003699008,-0.0,583.5671960796899,-0.0,268.85249999999996,2.204782403618383,-0.0
8290,113.2463124285688,282.9663277091954,1.93626980071538,974.1881936020933,-0.0,722.1351902579045,15.176146059707435,468.85249999999996,6.245701951282994,-0.0
8291,142.70805871598074,352.419850230848,2.73626980071538,1191.9510486647878,-0.0,887.7884902764092,50.961279423904344,668.8525,10.219915556764544,-0.0
8292,172.1698050033927,421.8733727525006,3.5362698007153797,1407.9266779699724,-0.0,1086.707988080296,86.74641278810125,868.8525,13.20099380751149,-0.0
8293,199.20243476399008,485.1293832555998,4.33626980071538,1594.5532757582887,-0.0,1252.618373428419,120.43150887522106,1068.8525,15.033874277370398,4.874973796567147
8294,220.14206802966754,531.8682150758755,5.13626980071538,1729.7868234861933,-0.0,1401.4384752713133,146.85406717228634,1251.53,23.423751108224682,28.224383725799584
8295,231.26676419961893,555.6281801732208,5.183099131323455,1785.4614096421053,-0.0,1482.4022971699326,164.44100081221774,1363.5525,29.19773241520503,46.17230590230369
8296,228.8038521972153,547.9149925942556,5.3230761369443025,1743.8931070057176,-0.0,1471.081578344338,167.91783149842658,1374.78,30.56190812128421,57.75998512203751
8297,209.602060436516,502.53390450231336,4.845191619826265,1583.2157796870952,-0.0,1327.3957490035746,150.33974933381992,1269.615,26.93154685700359,58.52077396398832
8298,186.5311525687068,450.19672616572825,4.145191619826265,1395.7792712719684,-0.0,1169.9621078660255,122.68650768352524,1145.165,20.089626575801855,53.567061788015785
8299,163.92256221528544,398.8988299954846,3.4351916198262646,1211.213001123727,-0.0,1010.5284667284762,92.9124408858828,1020.7149999999999,12.408702671018386,47.29045659874379
8300,143.26147642211558,349.90902953639545,2.8251916198262648,1042.4516330776269,-0.0,862.194825590927,65.42324638686512,900.29,6.003389676035926,40.989323180936665
8301,125.5350074167154,304.543994766542,2.405191619826265,892.8249288667821,-0.0,734.5611844533778,43.23031907841717,791.4399999999999,1.9370803046352094,36.01611435744793
8302,109.54142618379704,260.9756299747699,2.0551916198262647,752.7111097696114,-0.0,598.9611844533778,27.292205129497717,694.89,-0.0,31.93145902730947
8303,95.9236204958423,222.0205952049165,1.8551916198262646,634.8417587119782,-0.0,506.6275433158286,18.067450709065504,610.915,0.853097836706965,30.650074127642352
8304,85.02889874673602,187.72007691216885,1.7551916198262645,542.3831224550015,-0.0,436.5939021782794,16.356055817120513,538.64,-0.0,31.27850051938929
8305,74.18975637622671,154.57193152979522,1.6351916198262644,464.09654565765936,-0.0,373.56026104073015,16.842892752287504,463.115,-0.0,30.7954804044865
8306,62.17965141489013,121.5921112022184,1.4851916198262645,389.8860198257182,-0.0,315.3266199031809,18.312833813191247,383.665,3.8212832252126177,28.489567276284255
8307,50.474929665783854,90.32037665155224,1.3351916198262646,322.00217481749957,-0.0,262.3929787656317,21.63189078765098,302.74,3.8212832252126177,25.164031565253907
8308,38.22578729527454,60.22648859991053,1.1451916198262646,248.27477236611793,-0.0,207.05933762808252,24.275505718888702,217.315,-0.0,20.374596524720317
8309,23.578766272786424,35.12188616271229,0.7551916198262647,151.3642465341768,-0.0,128.1256964905333,18.61145856761169,119.49,0.69731936932534,12.780255838479704
8310,7.241371158571013,-0.0,0.23036791006642843,36.336504718700056,-0.0,27.449140682602412,5.63004222514013,14.644999999999996,-0.0,3.061738464581124
8311,-0.0,-0.0,-0.0,-0.0,-0.0,-0.0,-0.0,-0.0,0.6134607922544184,-0.0
8312,0.6381171576589466,-0.0,-0.0,-0.0,-0.0,-0.0,-0.0,-0.0,-0.0,-0.0
8313,13.919006843071529,-0.0,-0.0,-0.0,-0.0,-0.0,-0.0,-0.0,-0.0,-0.0
8314,35.393597986907395,-0.0,0.7999999999999998,166.14126076518917,-0.0,114.77721996320184,-0.0,81.51499999999999,1.2696453152566622,-0.0
8315,60.70643776814081,-0.0,1.5999999999999996,367.7910068353597,-0.0,292.0587002231112,-0.0,281.515,2.3834197209639054,-0.0
8316,86.87180348427545,32.16384133540652,2.2188247317322443,569.9701718992774,-0.0,467.04018048302055,-0.0,481.515,3.092049136322343,-0.0
8317,110.69436658337665,101.61736385705912,1.7961752682677572,742.2920939418822,-0.0,619.1076511607619,5.537528409711246,681.515,3.070390858790871,-0.0
8318,130.26926274351862,160.22402501427663,2.596175268267757,863.9072810852106,-0.0,732.8899368060145,25.068348659926862,852.7075,2.0943311838981593,7.5390919771864695
8319,141.11166359141345,196.1098322162017,3.1053117015840574,927.3025017313067,-0.0,786.115902237725,34.145054781324845,950.9225,6.846316038655971,22.834164927187118
8320,141.1731225054685,206.23005547873692,3.1053117015840574,916.6704504879008,-0.0,767.9287440111451,32.630856202226944,957.6700000000001,6.846316038655971,30.921118762950353
8321,127.55785895788696,185.5564851997385,2.8200153295861012,810.6501216904675,-0.0,664.6143317363054,19.207465618860503,866.1325,4.393804326586068,30.124913809747056
8322,110.58982510625304,160.27943686435742,2.3100153295861015,682.7106313444777,-0.0,547.9143317363054,5.805500982318264,760.2325000000001,1.5835094495123094,24.195981732933454
8323,95.18872555677666,138.6461871724236,1.8400153295861015,573.372962191237,-0.0,447.6143317363053,-0.0,665.2325000000001,-0.0,17.294974250438237
8324,80.78320538589725,121.08554966874998,1.4800153295861014,487.78466317967474,-0.0,364.7143317363053,-0.0,583.3075,-0.0,10.57270896987924
8325,68.50652645782391,106.09443360930402,1.2400153295861014,416.44083220765003,-0.0,297.31433173630535,-0.0,511.1075,-0.0,5.3357267521991645
8326,56.988492606189986,93.00403538351657,1.1000153295861015,356.26233740036986,-0.0,241.41433173630531,-0.0,446.3075,-0.0,1.402014964990439
8327,46.37929999736214,81.85387643561529,1.0300153295861014,311.73230213839366,-0.0,200.41433173630531,-0.0,388.9325,0.2837459587202815,0.13874336822765443
8328,45.472798994649445,70.94586105444571,0.9400153295861013,266.985390256977,-0.0,166.2143317363053,-0.0,331.9325,-0.0,-0.0
8329,35.52533540110948,60.966419940202954,0.9200153295861013,229.32069115974534,-0.0,142.8143317363053,-0.0,282.3575,-0.0,-0.0
8330,35.52533540110948,51.91912239269189,0.9500153295861014,200.13421334093215,-0.0,125.6143317363053,-0.0,236.33250000000004,-0.0,-0.0
8331,36.756338958648286,43.70920272267678,0.9700153295861014,175.30908018109696,-0.0,115.01433173630531,-0.0,190.63250000000002,-0.0,-0.0
8332,35.967654771371336,33.25213451880805,0.8900153295861013,136.60663633921777,-0.0,97.41433173630531,-0.0,138.60750000000002,0.4595928954666292,-0.0
8333,22.155396464701035,17.702204914549107,0.5800153295861012,76.17842226999056,-0.0,56.414331736305314,-0.0,69.9575,0.748872301818524,0.5319994622762154
8334,6.305063339685271,-0.0,0.12260347470618305,0.13378856714604126,-0.0,-0.0,-0.0,-0.0,-0.0,-0.0
8335,-0.0,-0.0,-0.0,-0.0,-0.0,-0.0,-0.0,-0.0,-0.0,-0.0
8336,-0.0,-0.0,-0.0,-0.0,-0.0,-0.0,-0.0,-0.0,-0.0,-0.0
8337,-0.0,-0.0,0.5847649463464486,-0.0,-0.0,-0.0,-0.0,-0.0,-0.0,-0.0
8338,0.898004023348058,-0.0,-0.0,-0.0,-0.0,-0.0,-0.0,-0.0,-0.0,-0.0
8339,30.359750310760003,-0.0,0.7999999999999998,-0.0,-0.0,-0.0,-0.0,125.49000000000001,-0.0,-0.0
8340,59.82149659817195,-0.0,1.5999999999999996,-0.0,-0.0,-0.0,-0.0,325.49,-0.0,-0.0
8341,89.28324288558389,-0.0,1.4435717935615742,126.0001056257936,-0.0,19.378866880349534,-0.0,525.49,0.7765852111655853,-0.0
8342,115.48333079399468,57.17735728328956,2.243571793561574,335.37843910850324,-0.0,222.00402692671668,-0.0,725.49,10.036370614387872,-0.0
8343,132.82555606773144,111.6796046300568,3.0278845171180375,481.48572225546513,-0.0,361.472947298076,-0.0,866.1675,16.8677531080276,-0.0
8344,137.40067152993151,135.65904611272742,3.0278845171180375,529.5732629139065,-0.0,420.742995208916,-0.0,896.0225,20.119786258210393,-0.0
8345,126.06432165580588,122.19514801882553,2.7399999999999998,472.5261229092209,-0.0,377.05716586815265,-0.0,824.47,18.379962679227614,-0.0
8346,107.80842739319917,98.34664414763978,2.0999999999999996,370.3068024479012,-0.0,295.45716586815263,-0.0,727.195,12.77911124607893,-0.0
8347,91.02388805415303,75.43884817586871,1.45,278.88839258295604,-0.0,220.15716586815262,-0.0,634.4200000000001,7.697761624721117,-0.0
8348,76.00685327535841,57.321999381398506,0.95,205.40555714964088,-0.0,159.45716586815263,-0.0,549.5450000000001,3.5627465445572177,-0.0
8349,62.69885590573652,42.85681559788765,0.5700000000000001,145.64940254004821,-0.0,113.45716586815264,-0.0,472.62,1.0960114565821577,-0.0
8350,50.907970763632825,30.37758395879957,0.27,100.15858409520007,-0.0,77.15716586815263,-0.0,403.62,-0.0,-0.0
8351,41.6155527726079,21.5716823416302,0.08000000000000007,67.2331018150964,-0.0,54.35716586815262,-0.0,341.77,-0.0,-0.0
8352,34.438143902085976,17.17696717964786,-0.0,49.72939825657426,-0.0,43.85716586815259,-0.0,288.27,-0.0,-0.0
8353,28.70823959181556,14.202012739779342,-0.0,44.191030862796595,-0.0,39.457165868152615,-0.0,237.89499999999995,-0.0,-0.0
8354,23.941026887660293,13.193010444333588,0.06000000000000005,39.752663469018955,-0.0,37.55716586815264,-0.0,187.96999999999997,-0.0,-0.0
8355,19.287272214080797,12.184008148887834,0.13000000000000012,38.75785351840432,-0.0,35.45716586815264,-0.0,141.26999999999998,-0.0,-0.0
8356,14.483321374134643,10.809292986905497,-0.0,42.99371589727866,-0.0,32.35716586815265,-0.0,94.345,-0.0,-0.0
8357,8.203398822858212,6.568396336858044,0.030000000000000027,29.845544299219,-0.0,20.757165868152654,-0.0,43.94499999999999,0.2065924766611238,-0.0
8358,-0.0,-0.0,0.002588145120081757,-0.0,-0.0,-0.0,-0.0,-0.0,-0.0,-0.0
8359,-0.0,-0.0,0.002588145120081757,-0.0,-0.0,-0.0,-0.0,-0.0,-0.0,-0.0
8360,-0.0,-0.0,0.002588145120081757,-0.0,-0.0,-0.0,-0.0,-0.0,-0.0,-0.0
8361,20.768276099534145,-0.0,0.12147164026571322,-0.0,-0.0,-0.0,-0.0,-0.0,-0.0,-0.0
8362,50.23002238694609,-0.0,-0.0,-0.0,-0.0,-0.0,-0.0,-0.0,-0.0,-0.0
8363,79.69176867435803,-0.0,0.7999999999999998,-0.0,-0.0,-0.0,-0.0,27.940000000000055,-0.0,-0.0
8364,109.15351496176997,28.48468074612869,0.8260526315789467,-0.0,-0.0,-0.0,-0.0,227.94000000000005,-0.0,-0.0
8365,138.6152612491819,28.48468074612869,0.8260526315789467,198.177881449926,-0.0,-0.0,-0.0,427.94000000000005,-0.0,-0.0
8366,166.8559712541279,97.93820326778129,1.5241415431783345,421.36055765518915,-0.0,174.21799623961746,-0.0,627.94,-0.0,-0.0
8367,185.1892846722371,153.57932685280994,2.3241415431783343,595.7738819935781,-0.0,309.17286675954165,-0.0,778.485,7.811063780947776,-0.0
8368,189.37910834494264,177.66952465335675,2.7404726622381195,667.1985931587587,-0.0,368.50012080780147,-0.0,823.73,12.337244048262681,-0.0
8369,176.61165336989265,165.42247708113655,2.53,614.6773376278769,-0.0,324.79999999999995,-0.0,760.595,11.509333651517906,0.9028945683547001
8370,159.01611495800722,145.0427867547638,1.73,516.9512938716672,-0.0,249.5,-0.0,676.02,7.601151300757049,-0.0
8371,142.17501540853084,124.27500071723657,1.25,413.54611824066444,-0.0,176.5,-0.0,593.72,4.21491440099112,-0.0
8372,127.73450435815442,104.84745395759549,0.8200000000000001,317.3231553938467,-0.0,112.9,-0.0,514.07,1.3457356738120012,-0.0
8373,114.93957268637499,87.75395505353166,0.5,236.3268733707515,-0.0,64.5,-0.0,443.7200000000001,0.015560570214624647,-0.0
8374,102.45617386351677,72.00903041639464,0.25,163.4008296145418,-0.0,24.400000000000006,-0.0,375.8950000000001,-0.0,-0.0
8375,91.34430788957978,58.86410577925761,0.08000000000000007,114.15482832949964,-0.0,3.3000000000000114,-0.0,316.87000000000006,-0.0,-0.0
8376,81.68839538596706,48.79513328654336,-0.0,93.69776312353245,-0.0,-0.0,-0.0,265.27000000000004,-0.0,-0.0
8377,72.16824018631193,39.99473506075592,-0.0,84.84560001970628,-0.0,-0.0,-0.0,217.29500000000002,-0.0,-0.0
8378,62.903075866153806,31.699102524204218,0.07000000000000006,77.01920714322812,-0.0,-0.0,-0.0,172.595,-0.0,-0.0
8379,54.36964056128356,24.787517843229747,0.14000000000000012,70.96613344302743,-0.0,11.44291467038165,-0.0,130.945,-0.0,-0.0
8380,45.38736401360724,16.74545460648294,-0.0,55.77349380543025,-0.0,17.242914670381662,-0.0,86.22,-0.0,-0.0
8381,36.50086301089455,7.9650563806954935,-0.0,35.33239462252904,-0.0,11.442914670381679,-0.0,38.545,-0.0,-0.0
8382,27.28648335620305,-0.0,0.022588145120081775,16.344203476521514,-0.0,-0.0,-0.0,-0.0,-0.0,-0.0
8383,28.9578718476604,16.238257474042264,-0.0,91.69342778839373,-0.0,24.720940018926314,-0.0,-0.0,-0.0,-0.0
8384,44.91666507379267,71.23347531719115,-0.0,275.2684395251281,-0.0,179.40423239585812,-0.0,-0.0,3.6552652089877427,-0.0
8385,72.37348977081783,140.68699783884375,0.7999999999999998,498.4511157303913,-0.0,387.12577233098614,-0.0,-0.0,12.947386309052558,-0.0
8386,101.83523605822977,210.14052036049634,1.5999999999999996,721.6337919356545,-0.0,594.8473122661142,-0.0,9.125000000000114,22.239507409117373,-0.0
8387,131.2969823456417,279.5940428821489,1.6286407766990283,944.8164681409177,-0.0,802.5688522012422,-0.0,209.1250000000001,31.531628509182188,-0.0
8388,160.75872863305366,349.0475654038015,2.4286407766990283,1167.9991443461809,-0.0,1010.2903921363702,-0.0,409.1250000000001,40.823749609247,-0.0
8389,190.22047492046562,418.5010879254541,2.472225344915686,1391.181820551444,-0.0,1218.0119320714982,-0.0,609.1250000000001,50.11587070931182,-0.0
8390,216.78631543042886,487.9546104471067,3.272225344915686,1614.364496756707,-0.0,1425.7334720066262,-0.0,809.1250000000001,59.40799180937664,-0.0
8391,233.17117523606015,536.0814882699854,2.822419519672968,1759.0418095596315,-0.0,1589.1166435757566,-0.0,973.0150000000001,68.70011290944146,-0.0
8392,235.69397029929556,552.9521127382772,3.090120081757792,1785.4614096421053,-0.0,1661.7723194810242,-0.0,1030.2125,74.33696880051852,-0.0
8393,223.37314111176298,531.704573206475,2.954823709759836,1706.1261460453375,-0.0,1609.1579072061845,-0.0,970.0975000000001,73.57211277633152,-0.0
8394,202.6892769921474,501.35398537402045,2.494823709759836,1585.1532515807353,-0.0,1512.8579072061846,-0.0,885.1975000000001,69.21031226860617,-0.0
8395,191.04617929699242,469.6436368194521,2.014823709759836,1485.2866274308658,-0.0,1410.3579072061846,-0.0,796.3475000000001,63.98756268630416,-0.0
8396,169.2132595271981,438.8401975208513,1.534823709759836,1398.0450801491672,-0.0,1309.4579072061845,-0.0,710.7975,58.730696758828515,-0.0
8397,157.93281695614624,409.09605032283577,1.194823709759836,1294.2939644061464,-0.0,1218.9579072061845,2.4923691096183873,628.9225,54.20799447836809,-0.0
8398,146.0038889930096,379.27191305906405,0.39482370975983616,1188.9548231804251,-0.0,1128.0579072061844,8.413587184274576,546.8975,49.968234025320854,-0.0
8399,124.73417636440635,350.92349859607276,0.21482370975983622,1124.26698666644,-0.0,1044.2579072061844,14.808282665610527,472.9475,46.54069176829391,-0.0
8400,114.88868819083946,324.79032837808955,0.20482370975983621,1034.9389093616437,-0.0,968.4579072061845,22.42360683063999,407.09749999999997,44.07903316609334,-0.0
8401,105.86396644173318,299.1100195604966,0.21482370975983622,949.0703555230763,-0.0,909.1714279961519,27.99728070097398,342.6975,41.65398185011205,-0.0
8402,97.78559049568449,274.75018929867593,0.2748237097598363,862.7137762018084,-0.0,855.9377868586027,32.70671095637674,281.4475,39.382595992936835,-0.0
8403,90.38644812517518,249.69655045916426,0.36482370975983636,806.7351824159992,-0.0,781.1377868586028,37.29158325500149,219.9475,37.80632285735351,-0.0
8404,82.44942710268707,224.3224330638802,0.4248237097598364,720.3617264752909,-0.0,705.7377868586028,41.25386223339049,155.0725,35.849551533561055,-0.0
8405,71.78606027714137,195.02402853513274,0.2748237097598365,642.3929368937637,-0.0,614.3377868586028,41.38785044557124,76.29749999999999,31.924500217579762,-0.0
8406,58.526881957994256,161.47168368513576,-0.0,520.7862989464534,-0.0,533.0469395836338,35.78953822883641,-0.0,25.723708210980604,-0.0
8407,55.23630173217726,155.1475976562373,-0.0,521.9786423588641,-0.0,511.674274170428,39.30715389434184,-0.0,22.154644296634014,-0.0
8408,66.30246584465962,178.49514135207272,0.46008175779253957,615.3899322795194,-0.0,597.4524680746198,58.1095391818479,-0.0,21.74872346856887,-0.0
8409,87.99473624638033,225.32036135648883,0.46008175779253957,783.1697662340811,-0.0,748.5297760549339,88.24144734469309,175.32499999999982,23.449002387150664,-0.0
8410,116.00785810050867,287.14300529669583,0.46008175779253957,991.6242985515044,-0.0,939.9779373314313,124.02658070889,375.3249999999998,26.937669267450474,-0.0
8411,145.4696043879206,356.1118636883592,0.5063030148186005,1211.4824871251558,-0.0,1120.9451663935697,159.8117140730869,575.3249999999998,30.497941322609137,-0.0
8412,174.93135067533257,424.9700244964322,1.3063030148186003,1395.41879335609,-0.0,1316.607296982968,195.53865028545866,775.3249999999998,33.84025413823507,-0.0
8413,202.82456711720155,486.143163283317,2.1063030148186,1586.6334237472931,-0.0,1464.6890188584803,225.0849788270033,975.3249999999998,34.999046747071134,22.290826762403288
8414,224.59851134054028,532.5350513225702,2.9063030148186,1705.8612810124714,-0.0,1592.4376230969165,244.05721961155967,1163.0624999999998,38.728199727878994,44.17363465007631
8415,235.69397029929556,555.6281801732208,3.48943791517629,1785.4614096421053,-0.0,1658.4299071218106,251.8808610458385,1273.3374999999999,42.00577790387099,59.98176676140583
8416,233.03558312855162,548.1409935387203,3.644943791517629,1767.623208842213,-0.0,1638.1090674884144,244.56067437126922,1282.4099999999999,40.74897393830726,67.02769172040875
8417,212.809654699895,503.9047199360557,3.194823709759836,1626.3402909370855,-0.0,1509.6181396749112,219.46898912159878,1178.9424999999999,34.540442318605656,63.98882267520948
8418,187.55448589503735,451.7161158663974,2.4648237097598362,1456.1967101068003,-0.0,1351.584498537362,187.7872602414416,1054.6674999999998,25.248321218540838,54.71561385172074
8419,163.17951325654636,400.89893752981226,1.7748237097598363,1282.022456947026,-0.0,1197.6508573998126,156.54894982886793,930.5674999999999,16.016270097838525,45.47523526825741
8420,141.04935357219173,353.7712806374548,1.2148237097598362,1127.2917612304147,-0.0,1054.7172162622633,128.9389301825025,812.6175,8.752498969325051,36.418504532437325
8421,121.91496943280072,310.3912409004795,0.8248237097598363,986.7481804001295,-0.0,926.7835751247139,104.66663155774809,703.0925,3.6008987349902757,28.89296882140698
8422,106.4905076186243,269.16905759677246,0.5248237097598363,858.9570506209147,-0.0,809.6499339871647,84.28490267759092,598.4175,0.6029166576199927,21.95108095801988
8423,92.03959975081509,260.9172536395065,0.3248237097598363,750.583708057515,-0.0,710.2162928496155,68.42399894478149,506.91749999999996,-0.0,16.191205727040348
8424,80.23543001879675,229.08173037963692,0.2948237097598363,663.3410378236042,-0.0,628.8826517120663,59.53676908230605,427.1425,-0.0,10.857619875143522
8425,69.80049386231781,200.57310644149095,0.3048237097598363,586.7290399191825,-0.0,557.6490105745171,53.64580641040036,356.3175,2.5482578601404438,6.365040339450482
8426,59.82017449360856,172.75400394757264,0.35482370975983635,513.4823781795053,-0.0,487.7153694369679,48.48313450470292,287.8925,5.157512096699147,2.836360133260685
8427,50.427163518784155,145.74466217576818,0.4348237097598364,440.54860155350207,-0.0,417.78172829941866,41.73362566383848,223.1925,7.357039078283211,1.4354785860773678
8428,40.12222736230521,117.90912898165479,0.45482370975983644,362.4366036490803,-0.0,339.7480871618694,33.1444311648208,158.6925,4.072781145269789,2.121389381696746
8429,26.475169857805064,84.08455289908608,0.32482370975983654,321.20789698493854,-0.0,238.71444602432018,17.568399730636123,79.3925,2.996744518894432,1.241639697265308
8430,10.633263450530768,51.4049320369165,-0.0,201.28267460274733,-0.0,129.03789021638931,0.8054509716616138,-0.0,-0.0,-0.0
8431,17.6040444793043,37.70219400949502,0.013630556974961627,163.26795836180173,-0.0,111.27445806674876,-0.0,-0.0,-0.0,-0.0
8432,39.54379722248343,57.73185234050786,-0.0,235.66739739814355,-0.0,195.75269224020772,2.140740950858145,42.0174999999997,5.887228501070403,-0.0
8433,58.91580084501601,99.7980147999013,0.7999999999999998,379.48828513001376,-0.0,354.830040489789,37.28780440752219,241.4449999999997,15.179349601135218,17.5702453695014
8434,84.8582276385851,157.38537524772167,1.5962953500255495,580.1981205453453,-0.0,562.551580424917,73.0729377717191,441.4449999999997,18.337244842411387,38.198285214567974
8435,113.30133024768138,220.33320275540683,2.3962953500255493,796.9061355072131,-0.0,770.273120360045,108.858071135916,641.4449999999997,27.629365942476202,60.71385643561764
8436,141.8095839540035,281.1816405624228,2.3962953500255493,1020.0888117124763,-0.0,977.994660295173,144.64320450011292,841.4449999999997,31.2579652916653,82.23945512561937
8437,167.84587336502838,334.7958856753994,3.196295350025549,1211.2228212800464,-0.0,1176.428489835365,180.42833786430984,1041.4449999999997,32.756324249806084,101.26169288458338
8438,187.17740131720765,374.29442663866763,3.196295350025549,1358.5567083720464,-0.0,1330.2771343430686,206.36141340056656,1220.6374999999998,39.43082611889761,116.13923415764496
8439,196.87983961590007,391.23619602727564,3.7203755748594785,1431.6977664067172,-0.0,1414.783750104268,218.59297997441536,1315.6274999999998,39.43082611889761,125.04377999071177
8440,193.71400934586188,380.94808006804345,3.8656489524782827,1414.8121271594366,-0.0,1408.8486592731008,214.535288242368,1310.5874999999999,38.673555880987095,126.42228702361831
8441,174.65093455887762,364.31929982061854,3.457411854879918,1285.8119898955013,-0.0,1288.7720229266356,190.48891141145737,1203.1799999999998,32.49635862603212,117.80488252599355
8442,150.66346648063814,311.51903074000086,2.807411854879918,1117.2079750026126,-0.0,1132.0383817890863,157.67692712854972,1073.7299999999998,24.083809317120675,104.64991294072104
8443,127.5017739473623,288.72914100582426,2.147411854879918,948.8386239449794,-0.0,977.104740651537,124.90836131322557,951.0049999999999,16.1322090827859,91.48840249450583
8444,105.30566079268341,239.94839336943429,1.5974118548799183,792.7257154441833,-0.0,834.4710995139877,95.8266324330684,832.4049999999999,9.66839065243083,78.76789836449441
8445,86.4758934410621,196.55788501093045,1.2074118548799184,653.651462284409,-0.0,714.4374583764385,74.90344972186998,727.5049999999999,5.79479766525953,67.47858925927272
8446,81.91786015130448,183.1925216881034,0.9074118548799184,522.9723070224939,-0.0,605.1038172388893,57.333115733657806,630.6049999999999,2.8212046780882325,56.96802235598726
8447,67.15117673853163,145.6615347738272,0.7574118548799185,417.3287261922086,-0.0,512.57017610134,43.88733970222362,543.1049999999999,1.1524989693250518,47.44600894605207
8448,68.19854490201033,114.20005936953488,0.6974118548799184,446.4933675080331,-0.0,437.5365349637908,34.20954009515093,467.8299999999999,0.9837932605618711,40.073177928499035
8449,55.7718797302435,82.49166477503127,0.5774118548799183,364.97520778482743,-0.0,359.1028938262416,25.161995890828727,388.1549999999999,0.15897845378854392,32.769151886156266
8450,44.2617565279009,53.92706882397488,0.4874118548799182,297.20641820330025,-0.0,289.4692526886924,18.18812555684051,312.9799999999999,-0.0,27.591289287584306
8451,34.251063067464344,28.75889363886977,0.4574118548799182,245.39988387712563,-0.0,231.83561155114322,16.159638326978033,241.12999999999994,1.1263597109871064,23.680596448986936
8452,24.16999551530049,32.1868106667423,0.4374118548799182,189.354694209929,-0.0,177.101970413594,16.24824343503304,171.55499999999995,2.1053618346946763,19.923991648478754
8453,12.422974492812376,3.1245876260599665,0.27741185487991826,113.68191312263534,-0.0,104.76832927604477,11.040581352518302,90.42999999999996,1.9756124476716386,14.008393164174358
8454,-0.0,-0.0,-0.0,16.247333765812357,-0.0,17.84893933626656,2.0157798391637627,5.549999999999983,0.47205243504641725,5.584857341786122
8455,-0.0,-0.0,0.06292539601430758,-0.0,-0.0,-0.0,-0.0,-0.0,-0.0,-0.0
8456,4.712017541580895,-0.0,0.6874782830863565,54.20742291702197,-0.0,65.05491078919131,-0.0,-0.0,-0.0,-0.0
8457,20.825486818164283,-0.0,0.22873530914665374,201.60322676942613,-0.0,199.10897592377216,-0.0,-0.0,0.5839959019503187,-0.0
8458,44.68734623821625,49.062016677182754,1.0287353091466536,400.7419111850156,-0.0,381.30531142046,-0.0,178.04250000000002,2.535770176168782,-0.0
8459,73.31674198691036,118.51553919883536,0.8803168114460913,623.9245873902788,-0.0,589.026851355588,-0.0,378.0425,5.050226983841185,13.56726000463793
8460,99.77344021656862,187.96906172048796,1.6803168114460911,846.679353184318,-0.0,782.5657793685202,-0.0,578.0425,7.424731799144334,30.385524509716518
8461,122.11259477233267,257.42258424214054,2.480316811446091,1038.146999977474,-0.0,943.9478636674371,-0.0,778.0425,8.328353574183097,43.69879286852171
8462,139.3686449872634,317.07099536975244,3.2803168114460908,1186.7835092262035,-0.0,1067.4733458679416,20.357564249502175,965.7774999999999,9.392090182174169,53.63612459552168
8463,157.75430299696214,354.76018302797627,3.9305109862033722,1271.3883055836702,-0.0,1141.099512645988,20.357564249502175,1080.6125,8.829593983752096,59.22662432629768
8464,152.98032162456627,362.5213935863681,4.152723556463975,1271.3883055836702,-0.0,1131.2696410953622,31.033241358521266,1093.425,5.523102345522563,58.46481843838724
8465,131.33396833248958,333.9728481429792,3.7374271844660196,1149.7280902393081,-0.0,1023.5981032216371,24.982121807465624,998.6375,5.523102345522563,50.08327587316471
8466,105.09065622996192,298.52582961032965,3.0874271844660197,1012.9827871948028,-0.0,889.998103221637,14.006876227897841,886.0125,2.147706294600127,37.07912389551004
8467,80.0952410204191,263.9199975328671,2.4474271844660196,876.038394746672,-0.0,762.298103221637,4.043025540275053,772.0875000000001,0.1397131512056422,23.973336702619697
8468,67.17483493137928,231.7760697442501,1.8974271844660195,757.3464533496117,-0.0,649.698103221637,-0.0,670.2625,-0.0,12.724907978289892
8469,56.762895993418226,203.18428552236477,1.4774271844660196,656.0327332309699,-0.0,555.398103221637,-0.0,579.6875,1.32612320177914,4.296101836788193
8470,48.504807418766255,177.05035773374775,1.1374271844660195,561.3536769475837,-0.0,473.198103221637,-0.0,496.9625,1.32612320177914,-0.0
8471,42.56691501048095,155.1073771224316,0.8974271844660195,486.69730998215346,-0.0,411.298103221637,-0.0,423.7375,1.5381209451502649,-0.0
8472,39.299985193022906,138.3651044105301,0.8274271844660195,437.5725259425867,-0.0,373.89810322163703,-0.0,364.6125,0.3080877470776713,-0.0
8473,36.09093402754367,122.95687955420584,0.8074271844660195,396.4566355109274,-0.0,345.89810322163703,-0.0,308.5625,-0.0,-0.0
8474,33.08052793850385,107.3458032317352,0.8574271844660195,358.8269493692197,-0.0,323.89810322163703,-0.0,255.1875,-0.0,-0.0
8475,29.81338371367314,91.49806686542712,0.9074271844660196,316.7874590232299,-0.0,304.49810322163705,-0.0,204.7625,0.46019224511116974,-0.0
8476,24.047772337763654,70.57176616643605,0.7874271844660194,249.46883680244719,-0.0,271.39810322163703,-0.0,143.1875,-0.0,-0.0
8477,14.72542282606328,43.34976253515222,0.5174271844660194,159.41863165580088,-0.0,216.59810322163702,-0.0,69.86249999999998,-0.0,-0.0
8478,2.1063351785720084,9.379014027585011,0.10001532958610126,42.86295655000647,-0.0,139.9837714853317,-0.0,-0.0,-0.0,-0.0
8479,-0.0,-0.0,-0.0,-0.0,-0.0,141.43972927546935,-0.0,-0.0,-0.0,-0.0
8480,3.1511055047407197,-0.0,-0.0,38.068875071912004,-0.0,230.68018752055383,-0.0,-0.0,2.7730226631779207,-0.0
8481,18.352167662028865,-0.0,0.7934798160449668,159.24494614348072,-0.0,390.262593973608,-0.0,-0.0,8.529351253220335,-0.0
8482,40.87789568639592,-0.0,0.998860500766479,343.9318582361907,-0.0,593.0015622558074,-0.0,182.86250000000018,16.416544065836327,-0.0
8483,70.26937872624039,46.527466115048924,0.998860500766479,567.1145344414539,-0.0,800.7231021909354,-0.0,382.8625000000002,25.70866516590114,-0.0
8484,99.72478220884119,115.98098863670153,1.7988605007664789,790.2972106467171,-0.0,1008.4446421260634,-0.0,582.8625000000002,35.00078626596596,-0.0
8485,126.2198803319854,185.43451115835413,2.5988605007664787,1013.4798868519803,-0.0,1216.1661820611914,-0.0,782.8625000000002,44.292907366030775,-0.0
8486,144.7409047228074,246.0111171588681,3.3988605007664785,1200.8550416855587,-0.0,1410.2627994427494,-0.0,982.8625000000002,52.093461499899966,-0.0
8487,155.0173484019988,285.4505460382222,4.028237097598364,1311.269521250308,-0.0,1543.4459710118797,-0.0,1131.2925000000002,57.158409737698264,-0.0
8488,153.41887006146524,295.4261147234316,3.2282370975983645,1327.65479348635,-0.0,1588.1017274556816,-0.0,1176.1175000000003,57.62900845559234,-0.0
8489,136.18337568333337,273.1691656224725,2.917411854879918,1229.5926141920468,-0.0,1527.5016066478802,-0.0,1097.8725000000002,53.197767327098525,-0.0
8490,113.22740845670259,239.57189787769298,2.267411854879918,1084.6055748971276,-0.0,1425.2016066478802,-0.0,985.8475000000001,44.95311959564317,-0.0
8491,100.19874962395667,207.69034299945,1.6374118548799181,943.8105525906752,-0.0,1326.6016066478803,-0.0,873.7725,36.998697307371586,-0.0
8492,88.80354882178652,177.36521882140212,1.077411854879918,815.0848579547339,-0.0,1236.9016066478803,-0.0,767.8475000000001,30.322329568105076,-0.0
8493,69.5227686410194,149.69890818816722,0.6574118548799182,703.3711378360922,-0.0,1158.8016066478804,-0.0,673.6225000000001,24.487456393465955,-0.0
8494,51.43025944496439,124.93093254397297,0.3474118548799181,591.3258347915869,-0.0,1080.7016066478805,-0.0,581.7225000000001,18.974575971663356,-0.0
8495,36.177376157182096,104.21152123246169,0.15741185487991816,496.7240891902446,-0.0,1010.9016066478805,-0.0,495.14750000000004,14.447081016478,-0.0
8496,34.626043959327035,89.96400427555211,0.0974118548799181,424.4361392989509,-0.0,953.2016066478805,-0.0,419.5475,11.297640610297718,-0.0
8497,26.58147842811117,78.58743449594338,0.13741185487991814,364.27886173714614,-0.0,902.1016066478804,-0.0,348.8725,11.297640610297718,-0.0
8498,27.32150115381669,68.20491257191189,0.23741185487991823,324.8344692890154,-0.0,854.3016066478805,5.3504852079930245,281.2975,9.479920211928599,-0.0
8499,18.35883227340706,56.86501277038444,0.3374118548799183,283.5940683466511,-0.0,805.0016066478805,13.79213550268851,217.1225,7.635367084156433,-0.0
8500,18.35883227340706,44.26011793597891,0.37741185487991835,229.80520785898284,-0.0,748.4016066478805,21.72435554198124,152.0475,9.9566469506725,-0.0
8501,5.655574893897457,25.872850191199337,0.25741185487991824,153.36697722963603,-0.0,667.2016066478805,22.330052987953735,77.22250000000001,13.00969748553787,-0.0
8502,-0.0,2.2414127815278917,-0.0,53.64117810341192,-0.0,564.872983444537,16.23914550093528,-0.0,5.649032704273396,-0.0
8503,-0.0,-0.0,0.0008099131323454634,9.587574964441814,-0.0,531.9718156357892,18.25820539312933,-0.0,-0.0,-0.0
8504,6.3605071026966336,-0.0,-0.0,51.60103532797632,-0.0,580.026605617179,32.38888715110054,69.90749999999991,-0.0,-0.0
8505,22.46180917967691,-0.0,-0.0,201.92101370226183,-0.0,694.866218207653,57.78317418243628,69.90749999999991,1.4862271109220195,-0.0
8506,46.60297460591809,56.37000445927649,-0.0,385.0822799398953,-0.0,859.7337291546615,90.57914475164745,269.9074999999999,4.919266989652417,5.506469251595814
8507,73.30798575578558,125.82352698092909,0.06218446601941796,588.0963474577957,-0.0,1038.5438326179144,124.53850887547995,469.9074999999999,14.211388089717232,5.506469251595814
8508,98.80511226681494,195.2770495025817,0.8621844660194178,795.8089365223143,-0.0,1209.653936081167,155.7693995656718,669.9074999999999,18.43827348781183,32.700246944750305
8509,121.44809894488206,263.0893145030187,1.6621844660194176,975.9942727915462,-0.0,1356.778572627061,179.43315579984713,869.9074999999999,26.8503617364834,57.926832059033416
8510,136.8860019108175,314.02571901937773,2.4621844660194174,1103.004003476814,-0.0,1457.5037326734282,192.9452154293588,1051.34,32.61401216611319,78.85273613543816
8511,151.51661431800122,341.95748521198396,3.120143076136944,1155.1153175238767,-0.0,1492.2725725062533,194.91615512367522,1161.8025,32.61401216611319,93.54501587281626
8512,142.1794242042916,339.34603999399394,3.322708226877874,1110.6925187648196,-0.0,1439.7711228126352,182.10354775428982,1173.2775,30.74616275781672,99.36392581042563
8513,125.9085773267878,301.33183135528765,2.9399999999999995,951.8720918580044,-0.0,1302.2801949991317,153.0852652259332,1071.6125,24.28812897342967,95.12169609252888
8514,96.44683103937587,257.4022403713532,2.1399999999999997,773.337291258318,-0.0,1113.9801949991318,120.08644400785853,949.9124999999999,15.829245123324315,85.22068861003366
8515,76.21075436670901,215.51406518624805,1.51,615.7834437261737,-0.0,929.2801949991317,90.38212180746561,831.1125,8.558095775357073,73.19024725329629
8516,56.58580814669211,179.27778435574464,0.95,482.9758854263159,-0.0,775.0465538615824,66.60805500982318,719.0374999999999,4.003957298135051,61.22383116137406
8517,42.16898329057065,147.52054641369656,0.5700000000000001,384.8097142566037,-0.0,633.7129127240332,46.28683693516698,620.4374999999999,1.4839351660866527,49.11816990379562
8518,19.861980509088557,117.02306919376231,0.24,304.0622408990809,-0.0,478.9129127240332,28.465618860510794,528.5374999999999,0.015134853640283552,35.62735151865016
8519,10.88692115026701,91.22273057343784,0.07000000000000006,240.40678453002513,-0.0,369.47927158648406,15.297249508840856,446.7125,-0.0,23.62018098114794
8520,5.042076198818137,71.00666915233295,-0.0,197.2126728199474,-0.0,278.11525514895294,6.044007858546166,372.3375,-0.0,14.067098481734917
8521,1.893595291432856,54.68298064160209,-0.0,161.27899517247312,-0.0,201.71525514895296,1.2304518664047137,305.4375,1.545861522777976,6.9401794260926986
8522,1.0551326250535897,41.70142576335911,0.10000000000000009,128.39286647392834,-0.0,164.68161401140375,-0.0,240.7625,-0.0,3.8557759665780376
8523,1.620146230256104,31.54366952856336,-0.0,100.12452499119857,-0.0,111.48161401140376,-0.0,178.0625,2.9165851541708765,3.361435280337422
8524,2.8028605620767806,21.743999070678253,0.057411854879918296,75.20464305377283,-0.0,61.481614011403764,-0.0,118.0125,-0.0,3.435899569307076
8525,2.2944161367035303,11.989562923557404,0.057411854879918296,44.08476111634707,-0.0,30.247972873854543,-0.0,53.33749999999999,2.61898149153334,2.5579110354232144
8526,-0.0,-0.0,-0.0,-0.0,-0.0,-0.0,-0.0,-0.0,-0.0,-0.0
8527,-0.0,-0.0,-0.0,-0.0,-0.0,-0.0,-0.0,-0.0,-0.0,-0.0
8528,10.352142344046179,-0.0,-0.0,-0.0,-0.0,-0.0,-0.0,-0.0,2.9134530526018843,-0.0
8529,29.870730938248563,-0.0,-0.0,-0.0,-0.0,-0.0,-0.0,-0.0,9.749859010655232,-0.0
8530,56.2541633248905,-0.0,0.7999999999999998,220.54414387927926,-0.0,-0.0,-0.0,42.647500000000036,18.931615793541066,-0.0
8531,85.71590961230244,59.37660317641068,0.7999999999999998,443.5460776495081,-0.0,134.39307368604761,-0.0,242.64750000000004,28.22373689360588,-0.0
8532,114.4174103597787,128.83012569806328,1.5999999999999996,666.7287538547713,-0.0,342.11461362117564,-0.0,442.64750000000004,37.51585799367069,-0.0
8533,139.6054894959688,198.28364821971587,1.4748824731732237,889.9114300600345,-0.0,549.8361535563037,-0.0,642.6475,46.80797909373551,-0.0
8534,158.84249731889355,261.1636894516517,2.2748824731732236,1072.9389314544005,-0.0,742.2184794708235,-0.0,842.6475,54.82440114355726,-0.0
8535,168.83513466852943,301.46068436152143,2.2748824731732236,1181.5653956622648,-0.0,868.030193704763,-0.0,985.2150000000001,60.29582838355642,-0.0
8536,165.5916930590748,310.0060598624816,2.6227439959121095,1185.635628978332,-0.0,897.5859098792977,11.897579159297159,1023.6725000000001,61.184819285889354,2.3555126489037512
8537,156.125785756001,282.53015641008443,2.4248594787940716,1063.2592067443302,-0.0,813.1429146703816,14.914341846758354,943.7300000000001,56.39893100236129,3.949564085955984
8538,141.83860504915825,247.2774448793859,1.9648594787940716,910.984491086979,-0.0,696.3429146703817,9.310805500982319,838.7550000000001,48.720214227573905,1.7713236814483153
8539,117.3835456903367,213.99115411463868,1.24,764.3720306849802,-0.0,581.5429146703817,3.6789783889980328,736.9300000000001,40.56588654298551,0.05698260644388853
8540,94.7457947254,182.37604980507845,0.8300000000000001,632.9822596009375,-0.0,478.64291467038174,-0.0,638.255,33.11400249760117,-0.0
8541,72.99323080632695,154.31284978436378,0.51,516.5320544542911,-0.0,389.9429146703817,-0.0,549.705,26.369449369829006,-0.0
8542,61.25276999426909,127.17251116403932,0.21999999999999997,405.2382918644818,-0.0,308.5429146703817,-0.0,468.105,20.332227159669017,-0.0
8543,50.717496228074864,102.39407683256039,0.050000000000000044,315.23654626313953,-0.0,240.84291467038167,-0.0,394.75500000000005,15.143783129907,-0.0
8544,42.94683924965034,81.16278110069123,-0.0,247.7970559171498,-0.0,190.4429146703817,-0.0,331.45500000000004,11.996786362930777,-0.0
8545,36.09176164982278,63.70862396843188,0.050000000000000044,191.71491872437156,-0.0,150.34291467038167,-0.0,273.98,9.496124137148467,-0.0
8546,30.396113791901264,48.44374900251401,0.14000000000000012,146.4198964179193,-0.0,116.04291467038168,-0.0,216.88,7.497905550570215,-0.0
8547,15.875671220849416,34.76362979158805,0.14000000000000012,104.92088260570051,-0.0,85.64291467038167,-0.0,162.20499999999998,5.92163241498689,-0.0
8548,4.529653420885717,21.945644213149965,0.2500000000000002,66.24455811143775,-0.0,56.04291467038168,-0.0,104.30499999999999,4.85997381278632,-0.0
8549,2.1263595593640847,10.496222967394853,-0.0,31.334480378294018,-0.0,25.342914670381656,-0.0,45.17999999999999,3.5690388419786476,-0.0
8550,-0.0,-0.0,-0.0,-0.0,-0.0,-0.0,-0.0,-0.0,2.4653702512693005,-0.0
8551,-0.0,-0.0,-0.0,-0.0,-0.0,-0.0,-0.0,-0.0,4.239813445541042,-0.0
8552,11.413754894930678,-0.0,-0.0,-0.0,-0.0,-0.0,-0.0,-0.0,9.295614827874644,-0.0
8553,34.59209366649682,-0.0,0.7999999999999998,-0.0,-0.0,-0.0,-0.0,-0.0,16.657407396449095,-0.0
8554,64.05383995390876,-0.0,1.5999999999999996,-0.0,-0.0,-0.0,-0.0,20.362499999999955,25.433985861545466,-0.0
8555,93.5155862413207,-0.0,1.6727593254982107,158.06461489235394,-0.0,153.46119279486948,-0.0,220.36249999999995,33.951574945135484,-0.0
8556,122.97733252873265,39.332220969492795,1.7688119570771577,381.2472910976171,-0.0,361.1827327299975,-0.0,420.36249999999995,40.95351864757998,-0.0
8557,151.67385330368208,108.7857434911454,1.7987506387327528,604.4299673028803,-0.0,566.3788266110823,-0.0,620.3625,46.06916016280762,16.80441784112963
8558,173.89857228954332,176.18462285870538,2.598750638732753,793.4351221186578,-0.0,724.8611927948693,4.268032805692382,820.3625,48.390029317799566,41.80001416345321
8559,187.18024341269523,222.591163803614,3.3987506387327526,913.9166613011613,-0.0,818.6158216991905,23.033593295978825,959.3549999999999,48.07529257672063,61.31284887548102
8560,187.12712223869832,237.75633889248607,3.1599999999999993,927.4242932472368,-0.0,822.528744011145,28.449716713032444,997.9849999999999,43.770402937298755,72.33254270904357
8561,170.84581401576244,216.68951719434233,2.3599999999999994,828.7970126620019,-0.0,723.9143317363054,19.614931237721017,920.6424999999999,34.478281837233936,72.33321582123735
8562,150.0903988062196,187.57630723938382,1.9399999999999997,702.6032500721926,-0.0,600.0143317363054,7.701571709233789,821.0675,25.18616073716912,65.06176814829618
8563,130.50423541322218,161.3130873501815,1.5399999999999998,586.2064065729913,-0.0,490.01433173630534,1.3941060903732847,724.4675,15.894039637104306,56.66415703158422
8564,113.02058570097927,136.6386710715483,1.1699999999999997,477.03225239174606,-0.0,396.2143317363053,-0.0,632.2425,12.256408965618514,45.981388787305235
8565,96.81905733675754,114.71163267041105,0.3699999999999999,385.0332385795273,-0.0,319.9143317363053,-0.0,547.2175,6.333801288841276,34.86264580784139
8566,81.17483736642066,94.43411571350147,0.1299999999999999,306.80936513633503,-0.0,252.21433173630533,-0.0,465.4675,0.9819172434569374,22.770192207460248
8567,67.54543035022014,78.78325880042934,-0.0,248.61308311323978,-0.0,201.41433173630531,-0.0,391.3425,0.9819172434569374,12.423650568989924
8568,57.24910727286809,67.62144477581253,-0.0,208.1217031922856,-0.0,170.31433173630532,-0.0,328.0175,0.9819172434569374,4.742643475258518
8569,47.74643839245846,57.17367860677295,0.06000000000000005,174.8560934986794,-0.0,145.51433173630534,-0.0,268.0175,0.20315316682796158,0.1976111167119683
8570,38.989919148739745,48.34234313792848,0.19999999999999996,146.67269658925818,-0.0,125.71433173630534,-0.0,212.9425,-0.0,-0.0
8571,36.68909638572403,39.34743836927912,0.33999999999999986,120.55463584458147,-0.0,106.31433173630533,-0.0,161.0425,-0.0,-0.0
8572,26.32910087042354,29.000868589670386,0.014823709759836504,92.11080487255677,-0.0,82.81433173630533,-0.0,107.3175,-0.0,-0.0
8573,13.962171052965504,15.983590910646978,0.04482370975983653,52.28385051997256,-0.0,46.21433173630534,-0.0,48.0675,-0.0,-0.0
8574,-0.0,-0.0,-0.0,-0.0,-0.0,-0.0,-0.0,-0.0,-0.0,-0.0
8575,-0.0,-0.0,0.3088068472151252,-0.0,-0.0,-0.0,-0.0,-0.0,-0.0,-0.0
8576,9.609054769540993,-0.0,0.3088068472151252,-0.0,-0.0,-0.0,-0.0,-0.0,-0.0,-0.0
8577,29.480525682740105,-0.0,0.3088068472151252,-0.0,-0.0,-0.0,-0.0,-0.0,2.5146482733084934,-0.0
8578,57.29915790276662,-0.0,1.1088068472151251,0.7066803266939701,-0.0,-0.0,-0.0,-0.0,9.519554738224453,-0.0
8579,86.76090419017856,-0.0,0.974506898313745,223.88935653195713,-0.0,-0.0,-0.0,184.04000000000008,16.756934823293683,-0.0
8580,116.2226504775905,61.354332335994044,0.9009121103730191,447.0720327372203,-0.0,70.87129625812241,-0.0,384.0400000000001,24.218446286621205,-0.0
8581,144.17858146898584,130.80785485764665,1.700912110373019,670.2547089424835,-0.0,278.59283619325043,-0.0,584.0400000000001,30.851084698193116,-0.0
8582,166.5758628717603,197.20480610871078,2.5009121103730187,855.6767339968004,-0.0,456.9038255803809,-0.0,784.0400000000001,35.909434257548384,-0.0
8583,179.5252115604135,241.42235334678642,1.9897904956566173,963.9408223219552,-0.0,562.2871582265799,-0.0,914.8575000000001,38.49377035041466,14.716027119907203
8584,178.96934148837514,254.00353969594747,2.2975319366377107,974.5844826798548,-0.0,580.628744011145,2.455795677799607,942.4625000000001,37.51234263513698,24.966835164060633
8585,160.70947650945308,228.45468196539974,1.97,863.690152602681,-0.0,501.14291467038174,2.831630648330055,856.7425000000001,30.86409063589795,23.28717598019557
8586,137.7456123898375,194.30218984409976,1.4000000000000001,719.3973006092463,-0.0,395.5429146703817,-0.0,747.5925000000001,21.571969535833134,15.346797396732242
8587,116.17041158766735,162.12445347779166,0.8800000000000001,592.2449251495825,-0.0,300.8429146703817,-0.0,644.3425000000001,12.96642003164271,7.799877952326209
8588,97.45367793657596,135.07980785551612,0.51,489.99346028629327,-0.0,229.1429146703817,-0.0,554.3175000000001,6.95109597063605,2.508681761245043
8589,91.35425267936942,112.83277938862273,0.31000000000000005,407.9944464740745,-0.0,178.44291467038173,-0.0,479.2175000000001,3.094277345002002,0.9764792539600897
8590,75.76366866496896,91.09789448846102,0.1200000000000001,325.9776454460407,-0.0,130.54291467038172,-0.0,403.3425000000001,0.38863323712839204,-0.0
8591,61.17000071172003,71.64896173272209,0.020000000000000018,252.63017208851795,-0.0,93.94291467038171,-0.0,336.49250000000006,-0.0,-0.0
8592,47.95248239516202,55.191693987942514,-0.0,192.9262561741582,-0.0,70.6429146703817,-0.0,277.89250000000004,-0.0,-0.0
8593,40.07672019699286,41.26609125412231,0.030000000000000027,138.16589770296144,-0.0,52.6429146703817,-0.0,223.94250000000002,-0.0,-0.0
8594,28.517098773419665,28.70738784202571,0.1100000000000001,92.41933494181319,-0.0,38.6429146703817,-0.0,173.66750000000002,-0.0,-0.0
8595,18.69344906117675,18.81296162914869,0.2200000000000002,59.90036360076195,-0.0,29.94291467038168,-0.0,125.7925,-0.0,-0.0
8596,9.426341318358066,11.882812615491236,0.3700000000000001,40.30898367980774,-0.0,23.542914670381673,-0.0,81.9675,-0.0,-0.0
8597,-0.0,5.534089334906977,-0.0,20.93938248043503,-0.0,11.842914670381656,-0.0,36.642500000000005,-0.0,-0.0
8598,-0.0,-0.0,0.17517629024016346,-0.0,-0.0,-0.0,-0.0,-0.0,-0.0,-0.0
8599,-0.0,-0.0,-0.0,-0.0,-0.0,-0.0,-0.0,-0.0,0.21958757552212305,-0.0
8600,-0.0,-0.0,-0.0,-0.0,-0.0,-0.0,-0.0,-0.0,0.21958757552212305,-0.0
8601,19.80223345001269,-0.0,-0.0,-0.0,-0.0,-0.0,-0.0,-0.0,8.30318570969998,-0.0
8602,49.263979737424634,-0.0,0.07488247317322405,66.35465051505108,-0.0,-0.0,-0.0,-0.0,17.52922290746647,-0.0
8603,78.72572602483658,-0.0,0.8748824731732239,289.53732672031424,-0.0,9.550400631268985,-0.0,91.45499999999981,26.821344007531284,-0.0
8604,108.18747231224852,-0.0,1.0754062340316803,512.7200029255774,-0.0,217.271940566397,-0.0,291.4549999999998,36.1134651075961,-0.0
8605,137.64921859966046,61.96793425892294,1.8754062340316802,735.9026791308406,-0.0,424.993480501525,-0.0,491.4549999999998,45.40558620766091,-0.0
8606,167.1109648870724,131.42145678057554,2.67540623403168,920.3559395178112,-0.0,626.0900173445486,1.0037913108663687,691.4549999999998,53.77898139561205,-0.0
8607,188.59766208727922,186.98513469075584,3.3399999999999994,1019.0282273733816,-0.0,764.6588169081065,1.0037913108663687,838.4724999999999,58.946304768040086,-0.0
8608,195.73275877509906,210.1457087246676,2.5399999999999996,1026.1659491819235,-0.0,810.5287842804121,1.0037913108663687,889.4799999999999,59.66175488141946,-0.0
8609,185.8407388507206,198.52946752312317,1.7399999999999998,955.1127807476129,-0.0,745.8572061374198,5.1919449901768076,824.56,54.78231042295859,-0.0
8610,170.39940665286554,176.93719481122167,1.5099999999999998,850.2843543225481,-0.0,649.9572061374198,2.312770137524545,737.01,46.920793726282795,2.406042951152262
8611,155.04481259080137,154.42873067701123,1.2299999999999998,744.8826087212058,-0.0,555.3572061374198,0.8449901768172765,646.235,39.24461519438266,4.545789914237023
8612,140.47118111956448,132.10860153184146,0.9799999999999998,641.2373056767005,-0.0,463.65720613741985,0.23005893909625996,556.36,31.961105744870345,4.043021281194228
8613,126.11811990642154,111.0032380759074,0.17999999999999994,540.3653218084728,-0.0,376.85720613741984,-0.0,471.76,25.20198538555702,2.4534603053487345
8614,111.68812439112105,90.08883173151804,0.030000000000000027,440.470648622289,-0.0,291.0572061374198,-0.0,392.26,19.074585034054856,-0.0
8615,99.25351208805087,72.65585112020187,-0.0,355.12842648717566,-0.0,221.85720613741984,-0.0,325.635,14.454468298323272,-0.0
8616,88.42275014828977,58.67548269714592,-0.0,289.07023832899637,-0.0,171.35720613741984,-0.0,268.66,12.322086064729804,-0.0
8617,78.98564240547108,48.95606145139081,0.1299999999999999,241.2000756535176,-0.0,138.55720613741983,-0.0,220.91,12.704271062677496,-0.0
8618,70.16776823819178,40.527826660822726,0.2799999999999998,202.51793846073934,-0.0,115.05720613741984,-0.0,176.635,14.535186939181566,-0.0
8619,61.99932381281854,32.76744830352294,0.4399999999999997,166.34469487586858,-0.0,96.75720613741983,-0.0,136.06,17.122164611854185,-0.0
8620,54.1412717201786,24.06921351295485,0.5999999999999996,124.01010663201984,-0.0,77.65720613741983,-0.0,93.91000000000001,20.299367727710575,1.3432166588586623
8621,45.40630356638713,13.013361567004637,0.6899999999999997,66.00927162705209,-0.0,44.957206137419846,-0.0,44.33500000000001,21.79123267879131,1.3432166588586623
8622,35.86980256367443,-0.0,0.6725881451200815,-0.0,-0.0,-0.0,-0.0,-0.0,21.395829400080714,-0.0
8623,35.32771296572164,-0.0,-0.0,-0.0,-0.0,-0.0,-0.0,-0.0,22.399759373058657,-0.0
8624,47.22659216110458,-0.0,-0.0,-0.0,-0.0,-0.0,-0.0,-0.0,25.77107635572093,-0.0
8625,69.39145155880644,-0.0,0.7999999999999998,107.93122459243605,-0.0,-0.0,-0.0,-0.0,31.34262765701766,-0.0
8626,98.44603778253145,-0.0,0.5533520694941234,331.1139007976992,-0.0,79.61464976763705,-0.0,102.96500000000015,38.72597616369623,-0.0
8627,127.90778406994339,31.288108290561127,0.5533520694941234,554.2965770029624,-0.0,287.33618970276507,-0.0,302.96500000000015,46.93176602177115,-0.0
8628,157.36953035735533,100.74163081221373,0.3742284108329068,777.4792532082256,-0.0,495.0577296378931,-0.0,502.96500000000015,53.56773146570609,-0.0
8629,183.8768180901396,170.19515333386633,1.1742284108329066,992.2961558966044,-0.0,702.7792695730211,-0.0,702.9650000000001,58.2563983460059,-0.0
8630,203.47791936107046,231.17519890654523,1.9742284108329065,1154.7940098043118,-0.0,869.8757661467777,34.651181636643436,902.6225000000001,60.55809005602898,3.8780288269584577
8631,213.571658175974,269.13137278917185,2.7281885539090434,1243.9289106342603,-0.0,967.1873998421828,57.97157737464509,1024.1375,59.32023696036057,18.380947839455757
8632,210.13310195130555,275.850873495725,2.9945196729688286,1231.0384813948126,-0.0,970.0287842804121,64.9406046995722,1036.6475,54.13822716632019,26.950787670785044
8633,191.22161580300903,248.76805085311656,2.6792233009708726,1101.6275095720111,-0.0,862.1572061374197,51.68133595284872,941.7325000000001,44.84610606625537,27.903026335123776
8634,168.60735935066012,213.66152081048315,2.0992233009708725,937.2132279772634,-0.0,724.3572061374198,31.70373280943025,824.3825,35.553984966190555,23.064157031584216
8635,146.63465398823845,178.85189008957337,1.5192233009708724,782.0523080299605,-0.0,591.0572061374198,15.096070726915514,710.8075,26.261863866125744,17.45484753759872
8636,126.05599515549252,148.32344582385062,1.0292233009708724,642.7576348437767,-0.0,473.95720613741986,4.039489194499012,608.6575,17.295412589200247,11.170192207460254
8637,108.62753248911326,121.72833158004659,0.6992233009708724,526.4549786460599,-0.0,375.35720613741984,-0.0,518.5575,10.287466747647358,6.165914294493682
8638,92.17906982273401,97.62464306931572,0.20999999999999996,415.50477349941355,-0.0,287.15720613741985,-0.0,435.4325,4.26974634927824,2.204277912966571
8639,78.50369109520321,78.81689676876381,0.040000000000000036,330.20393849444577,-0.0,220.85720613741984,-0.0,365.1575,1.0739241000624524,-0.0
8640,67.11428407900269,65.78080554492743,-0.0,271.5702608469715,-0.0,178.55720613741983,-0.0,306.83250000000004,-0.0,-0.0
8641,57.14507322916882,55.36161364281466,-0.0,227.36816612536077,-0.0,149.45720613741983,-0.0,254.30750000000003,-0.0,-0.0
8642,47.79028300073799,46.618134607238495,0.09000000000000008,193.58385861956504,-0.0,127.15720613741985,-0.0,203.98250000000002,-0.0,-0.0
8643,38.401642408998086,37.24084699397126,0.20000000000000018,158.4906575058618,-0.0,107.35720613741984,-0.0,154.5325,-0.0,-0.0
8644,28.599151453949094,27.1459422253219,0.28000000000000025,119.43611173318055,-0.0,85.65720613741985,-0.0,106.00750000000001,-0.0,-0.0
8645,16.715697908072833,14.583420301290403,0.27000000000000024,63.93310641519528,-0.0,47.35720613741984,-0.0,49.75750000000001,-0.0,-0.0
8646,3.9851321346783823,-0.0,-0.0,-0.0,-0.0,-0.0,-0.0,-0.0,-0.0,-0.0
8647,-0.0,-0.0,-0.0,-0.0,-0.0,-0.0,-0.0,-0.0,-0.0,-0.0
8648,-0.0,-0.0,0.5227899846704138,-0.0,-0.0,-0.0,-0.0,-0.0,-0.0,-0.0
8649,-0.0,-0.0,0.5227899846704138,-0.0,-0.0,-0.0,-0.0,-0.0,-0.0,-0.0
8650,-0.0,-0.0,0.5227899846704138,-0.0,-0.0,-0.0,-0.0,-0.0,-0.0,-0.0
8651,19.192600218812753,-0.0,0.5227899846704138,-0.0,-0.0,-0.0,-0.0,192.0949999999999,1.1143100270129036,-0.0
8652,48.6543465062247,-0.0,1.3227899846704136,-0.0,-0.0,-0.0,-0.0,392.0949999999999,9.437447247362975,-0.0
8653,78.11609279363664,-0.0,1.3710066428206442,152.32774483372637,-0.0,146.75056583114326,-0.0,592.0949999999999,17.355714863091887,-0.0
8654,104.2733611911845,49.424776594686364,2.171006642820644,358.89673821816353,-0.0,325.2042282730524,-0.0,792.0949999999999,23.591075998981523,-0.0
8655,121.52332132234888,100.15493910900767,2.8382600919775167,500.57347040227864,-0.0,440.9587363695721,-0.0,928.31,27.05731094679028,-0.0
8656,126.06257345250631,122.49235883426121,3.0727082268778743,541.7427706039964,-0.0,470.2572866759541,-0.0,960.5174999999999,26.867171000206792,-0.0
8657,114.82736462794281,110.1435533733213,2.74,477.600989687275,-0.0,398.49999999999994,0.3559921414538252,877.5725,22.34321348748356,0.1466714614203255
8658,98.30091834824816,90.72789103403811,2.1100000000000003,381.5301287712593,-0.0,302.69999999999993,-0.0,772.1225000000001,15.65462755219676,0.6961037806072383
8659,81.95447206855351,70.84008512802322,1.45,285.5948422868736,-0.0,212.69999999999996,-0.0,664.5975000000001,9.046492503277499,0.03081916267307605
8660,67.12417542554978,51.768949200089594,0.95,204.7466706888139,-0.0,140.09999999999997,-0.0,570.0975000000001,4.496862889730846,-0.0
8661,53.95079484369758,36.13496180600959,0.56,138.1153757101947,-0.0,84.99999999999997,-0.0,486.3475,1.7374587193679574,-0.0
8662,41.50163871688176,21.28621865693767,0.25,75.326727578364,-0.0,37.19999999999999,-0.0,409.52250000000004,-0.0,-0.0
8663,31.29633295337502,9.632949096516178,0.050000000000000044,26.842981548674317,-0.0,6.0,-0.0,341.6725,-0.0,-0.0
8664,24.23699890119856,3.702052446468727,-0.0,7.125482280103654,-0.0,-0.0,-0.0,288.0975,-0.0,-0.0
8665,18.975365575640257,0.4478158402587269,0.030000000000000027,-0.0,-0.0,-0.0,-0.0,237.47250000000003,-0.0,-0.0
8666,14.757778779757693,-0.0,0.10000000000000009,-0.0,-0.0,-0.0,-0.0,190.12250000000003,-0.0,-0.0
8667,11.97789271049329,-0.0,0.15741185487991816,-0.0,-0.0,-0.0,-0.0,145.02250000000004,-0.0,-0.0
8668,9.332053170904626,-0.0,0.15741185487991816,1.2491497483593719,-0.0,11.542914670381673,-0.0,99.17250000000001,-0.0,-0.0
8669,5.436409797682618,0.5970103407601641,0.12741185487991813,4.348177978960734,-0.0,9.242914670381662,-0.0,46.2725,-0.0,-0.0
8670,-0.0,-0.0,-0.0,-0.0,-0.0,-0.0,-0.0,-0.0,-0.0,-0.0
8671,-0.0,-0.0,-0.0,-0.0,-0.0,-0.0,-0.0,-0.0,-0.0,-0.0
8672,-0.0,-0.0,-0.0,-0.0,-0.0,-0.0,-0.0,-0.0,-0.0,-0.0
8673,-0.0,-0.0,0.7999999999999998,-0.0,-0.0,-0.0,-0.0,-0.0,-0.0,-0.0
8674,-0.0,-0.0,0.4980224833929494,-0.0,-0.0,-0.0,-0.0,-0.0,-0.0,-0.0
8675,-0.0,-0.0,1.2980224833929492,-0.0,-0.0,-0.0,-0.0,-0.0,-0.0,-0.0
8676,-0.0,-0.0,2.098022483392949,-0.0,-0.0,-0.0,-0.0,174.82500000000005,-0.0,-0.0
8677,28.658688294334247,-0.0,1.5311497189575887,-0.0,-0.0,-0.0,-0.0,374.82500000000005,-0.0,-0.0
8678,52.718103742446516,-0.0,2.222874297393971,-0.0,-0.0,-0.0,-0.0,574.825,-0.0,-0.0
8679,71.58275591388481,31.324081979902836,2.802370975983649,155.91466370952625,-0.0,137.4586155617707,-0.0,725.8050000000001,5.566766515423281,-0.0
8680,77.2472125171096,56.550737396280525,2.99,226.64438109748815,-0.0,218.5144122748397,-0.0,773.2775000000001,9.285360002878333,-0.0
8681,68.9817397979348,49.6681907734215,2.1900000000000004,198.77271444502352,-0.0,199.20000000000005,-0.0,707.8600000000001,8.476904116082835,-0.0
8682,56.122442227770364,35.97940788737426,1.6300000000000001,137.9202022209289,-0.0,148.10000000000002,-0.0,622.4100000000001,5.6857326360672005,-0.0
8683,43.112378233145314,22.09609858997745,1.07,81.18547721264929,-0.0,95.10000000000002,-0.0,533.21,2.465284787444464,-0.0
8684,32.66154781405966,11.994454303540003,0.6300000000000001,36.524981977021696,-0.0,52.00000000000003,-0.0,454.81000000000006,0.6692260290207095,-0.0
8685,24.6353341827437,5.650666450370849,0.3400000000000001,15.551601627720089,-0.0,22.80000000000001,-0.0,382.71000000000004,-0.0,-0.0
8686,17.493541172830774,1.5633092973968061,0.1100000000000001,-0.0,-0.0,2.9000000000000057,-0.0,314.885,-0.0,-0.0
8687,12.369822981263308,-0.0,-0.0,-0.0,-0.0,-0.0,-0.0,257.98499999999996,-0.0,-0.0
8688,8.81802997135038,-0.0,-0.0,-0.0,-0.0,-0.0,-0.0,209.03499999999997,-0.0,-0.0
8689,6.891816340034421,-0.0,-0.0,-0.0,-0.0,-0.0,-0.0,169.76,-0.0,-0.0
8690,5.5911820873154205,-0.0,-0.0,-0.0,-0.0,-0.0,-0.0,135.135,-0.0,-0.0
8691,5.337089804020653,-0.0,0.1299999999999999,-0.0,-0.0,-0.0,-0.0,100.635,-0.0,-0.0
8692,4.634922702380425,-0.0,0.2599999999999998,-0.0,-0.0,-0.0,-0.0,66.83500000000001,-0.0,-0.0
8693,2.6598678282583847,-0.0,-0.0,-0.0,-0.0,-0.0,-0.0,28.13500000000001,-0.0,-0.0
8694,-0.0,-0.0,-0.0,-0.0,-0.0,-0.0,-0.0,-0.0,-0.0,-0.0
8695,-0.0,-0.0,-0.0,-0.0,-0.0,-0.0,-0.0,-0.0,-0.0,-0.0
8696,-0.0,-0.0,-0.0,-0.0,-0.0,-0.0,-0.0,-0.0,-0.0,-0.0
8697,-0.0,-0.0,-0.0,-0.0,-0.0,-0.0,-0.0,-0.0,-0.0,-0.0
8698,-0.0,-0.0,0.7999999999999998,-0.0,-0.0,-0.0,-0.0,-0.0,-0.0,-0.0
8699,-0.0,-0.0,0.8657000510986197,-0.0,-0.0,-0.0,-0.0,-0.0,-0.0,-0.0
8700,-0.0,-0.0,1.6657000510986195,-0.0,-0.0,-0.0,-0.0,61.25750000000005,-0.0,-0.0
8701,15.114828529956693,-0.0,1.8856489524782831,-0.0,-0.0,-0.0,-0.0,261.25750000000005,-0.0,-0.0
8702,44.57657481736864,7.444773969992504,2.685648952478283,-0.0,-0.0,-0.0,-0.0,461.25750000000005,-0.0,-0.0
8703,69.95411375726269,7.444773969992504,3.4856489524782828,33.85976715999611,-0.0,37.31553981432036,-0.0,630.9975000000001,-0.0,-0.0
8704,80.40978775678425,40.36512647057089,2.685648952478283,140.6345238197745,-0.0,130.65724640668702,-0.0,690.6575,-0.0,-0.0
8705,74.72472326014619,39.46459167088512,2.54,138.84210328855866,-0.0,129.90000000000003,-0.0,635.6425,1.058048473515477,-0.0
8706,63.96619211444238,31.41699524002491,1.74,106.21228038242006,-0.0,96.60000000000002,-0.0,559.0175,0.5448842406633183,-0.0
8707,53.17054874122037,21.84749452031916,0.9400000000000002,72.14380213525945,-0.0,61.50000000000003,-0.0,481.5425,-0.0,-0.0
8708,43.84201759551655,13.962520211962989,0.6000000000000001,43.14465155860984,-0.0,34.70000000000002,-0.0,412.0175,-0.0,-0.0
8709,35.432327692618806,8.036359448419802,0.32000000000000006,21.909926550330226,-0.0,16.80000000000001,-0.0,350.3925,-0.0,-0.0
8710,26.8749370631029,2.6271079408440485,0.10000000000000009,5.748520718328109,-0.0,2.4000000000000057,-0.0,290.5175,-0.0,-0.0
8711,20.546387676393067,-0.0,-0.0,-0.0,-0.0,-0.0,-0.0,240.1175,-0.0,-0.0
8712,16.178800880510504,-0.0,0.040000000000000036,-0.0,-0.0,-0.0,-0.0,198.3175,-0.0,-0.0
8713,12.927756054052175,-0.0,-0.0,-0.0,-0.0,-0.0,-0.0,161.1175,-0.0,-0.0
8714,10.804982212305962,-0.0,-0.0,-0.0,-0.0,-0.0,-0.0,128.8175,-0.0,-0.0
8715,8.887591582790055,-0.0,-0.0,-0.0,-0.0,-0.0,-0.0,96.6675,-0.0,-0.0
8716,6.701733802195374,-0.0,0.15999999999999992,-0.0,-0.0,-0.0,-0.0,62.2175,-0.0,-0.0
8717,3.420100476637071,-0.0,-0.0,-0.0,-0.0,-0.0,-0.0,24.2675,-0.0,-0.0
8718,-0.0,-0.0,-0.0,-0.0,-0.0,-0.0,-0.0,-0.0,-0.0,-0.0
8719,-0.0,-0.0,-0.0,-0.0,-0.0,-0.0,-0.0,-0.0,-0.0,-0.0
8720,-0.0,-0.0,-0.0,-0.0,-0.0,-0.0,-0.0,-0.0,-0.0,-0.0
8721,8.899674515344326,-0.0,0.6030275932549831,-0.0,-0.0,-0.0,-0.0,-0.0,-0.0,-0.0
8722,38.36142080275627,-0.0,0.6996729688298424,-0.0,-0.0,-0.0,-0.0,-0.0,-0.0,-0.0
8723,67.82316709016821,-0.0,0.9290189064895253,-0.0,-0.0,-0.0,-0.0,-0.0,-0.0,-0.0
8724,97.28491337758015,-0.0,1.7290189064895252,-0.0,-0.0,-0.0,-0.0,33.5,-0.0,-0.0
8725,126.7466596649921,-0.0,2.529018906489525,-0.0,-0.0,-0.0,-0.0,233.5,-0.0,-0.0
8726,156.20840595240404,27.411335202436575,2.585199284619315,-0.0,-0.0,-0.0,-0.0,433.5,-0.0,-0.0
8727,181.69126792802527,94.77729390839143,2.585199284619315,166.56961572305377,-0.0,-0.0,-0.0,614.5425,-0.0,-0.0
8728,192.57914507578775,128.91792184624907,1.7899999999999998,295.59215694485965,-0.0,58.19999999999999,-0.0,686.5625,-0.0,-0.0
8729,186.16133243218812,124.73079133051235,0.99,294.19757585679923,-0.0,63.5,-0.0,640.27,0.2594514722044785,-0.0
8730,174.30909236652383,111.7970432143185,0.71,259.3294467299071,-0.0,45.5,-0.0,572.17,-0.0,-0.0
8731,161.914927119205,98.60543866485636,0.44999999999999996,222.830645273526,-0.0,25.900000000000006,-0.0,501.5949999999999,-0.0,-0.0
8732,150.18306114526803,86.25288693809338,0.26,188.80516299342233,-0.0,13.5,-0.0,439.99499999999995,-0.0,-0.0
8733,139.09253185388562,75.35772302307019,0.15999999999999992,160.50944244643316,-0.0,7.400000000000006,-0.0,382.79499999999996,-0.0,-0.0
8734,127.94237665423049,63.092090486518494,0.030000000000000027,130.12170491097697,-0.0,-0.0,-0.0,323.195,-0.0,-0.0
8735,117.75452072795721,52.2950322168936,-0.0,109.80329504603179,-0.0,-0.0,-0.0,273.645,-0.0,-0.0
8736,108.59281443837486,44.31392609169147,-0.0,100.81954901634211,-0.0,-0.0,-0.0,229.71999999999997,-0.0,-0.0
8737,100.453603588541,38.127107099952745,-0.0,98.18734344134842,-0.0,-0.0,-0.0,190.69499999999996,-0.0,-0.0
8738,92.68861719374351,32.504814519563595,0.19999999999999996,94.18889110523571,-0.0,-0.0,-0.0,156.04499999999996,-0.0,-0.0
8739,85.26439722340663,26.80300049494679,0.3999999999999999,87.56774945116703,-0.0,4.642914670381668,-0.0,121.04499999999997,-0.0,-0.0
8740,77.0621024347243,20.497377892638916,-0.0,71.73281208704984,-0.0,13.842914670381685,-0.0,82.89499999999998,-0.0,-0.0
8741,68.35731220629347,11.756042423794447,0.1100000000000001,43.89696412655812,-0.0,12.542914670381673,-0.0,40.31999999999999,-0.0,-0.0
8742,58.20656850753838,-0.0,-0.0,-0.0,-0.0,-0.0,-0.0,-0.0,-0.0,-0.0
8743,55.209522631549845,-0.0,0.2533980582524272,-0.0,-0.0,-0.0,-0.0,-0.0,-0.0,-0.0
8744,62.41970403552743,-0.0,0.82113183444047,67.04903387086907,-0.0,-0.0,-0.0,-0.0,-0.0,-0.0
8745,82.01731932215611,-0.0,0.3235539090444556,290.23171007613223,-0.0,-0.0,-0.0,-0.0,-0.0,-0.0
8746,111.47906560956805,17.078449669765945,1.1235539090444555,513.4143862813954,-0.0,-0.0,-0.0,-0.0,-0.0,-0.0
8747,140.94081189698,86.53197219141855,1.078428717424629,736.5970624866586,-0.0,-0.0,-0.0,186.2800000000001,-0.0,-0.0
8748,170.40255818439195,155.98549471307115,1.0536561062851295,959.7797386919218,-0.0,178.1692631395262,-0.0,386.2800000000001,2.0599792202284792,-0.0
8749,199.8643044718039,225.43901723472374,1.8536561062851293,1182.962414897185,-0.0,385.89080307465423,-0.0,586.2800000000001,11.352100320293294,-0.0
8750,223.01449370589458,291.64384315320575,2.653656106285129,1383.1965223343561,-0.0,589.5730484506397,-0.0,786.2800000000001,20.36341070720689,-0.0
8751,235.69397029929556,335.14485611592124,3.4536561062851288,1505.7021120361123,-0.0,728.1418480141975,-0.0,930.4175000000001,26.70379462184077,-0.0
8752,234.0763388989882,346.29943518044945,2.747531936637711,1524.494799796323,-0.0,774.1118153865032,0.6821194197575977,969.3225000000001,29.266501546092705,-0.0
8753,216.57205329866312,322.1421837265753,2.46,1427.058847715191,-0.0,707.8259457764727,8.331237721021608,890.7750000000001,25.755100570612704,1.795727918490595
8754,194.15146928426265,289.38182523776317,1.85,1291.15002969869,-0.0,603.5259457764727,4.833595284872295,784.45,17.60072558418271,2.49107219958832
8755,172.43263252615608,258.4557439481706,1.27,1163.4985648354009,-0.0,495.3259457764727,-0.0,676.7,8.6707869897933,0.7520769607368614
8756,152.58320726894954,229.53728974820402,0.79,1040.171959603085,-0.0,408.1259457764727,-0.0,575.15,3.2992592270933123,-0.0
8757,135.07166066372181,205.1469312593919,0.48,942.4155926376548,-0.0,343.1259457764727,-0.0,488.54999999999995,0.8569605311588298,-0.0
8758,118.65280566460923,182.03133845981552,0.28,856.8721107858985,-0.0,290.0259457764727,-0.0,413.32499999999993,-0.0,-0.0
8759,104.74703460434512,162.73312353773508,0.15000000000000013,782.7721863773052,-0.0,251.3259457764727,-0.0,345.34999999999997,-0.0,-0.0
